5.0 1e-09
5.05 1.4e-09
5.1005 1.2e-09
5.1515 1e-09
5.203 9e-10
5.2551 1.2e-09
5.3076 1.2e-09
5.3607 1e-09
5.4143 9e-10
5.4684 9e-10
5.5231 1.2e-09
5.5783 9e-10
5.6341 9e-10
5.6905 1e-09
5.7474 8e-10
5.8048 1e-09
5.8629 9e-10
5.9215 9e-10
5.9807 1.1000000000000001e-09
6.0405 1.1000000000000001e-09
6.101 1.2999999999999999e-09
6.162 1.5e-09
6.2236 2.2000000000000003e-09
6.2858 2.8e-09
6.3487 1.9e-09
6.4122 1.5e-09
6.4763 1.6e-09
6.541 2.0999999999999998e-09
6.6065 2.3e-09
6.6725 2.9e-09
6.7392 4.1e-09
6.8066 3.6e-09
6.8747 4.3e-09
6.9435 5.1999999999999994e-09
7.0129 5.6e-09
7.083 7.7e-09
7.1538 6.4e-09
7.2254 9.299999999999999e-09
7.2976 9.8e-09
7.3706 1.18e-08
7.4443 1.1400000000000001e-08
7.5188 1.66e-08
7.5939 1.4e-08
7.6699 1.72e-08
7.7466 2.13e-08
7.8241 2.54e-08
7.9023 2.17e-08
7.9813 3.0599999999999996e-08
8.0611 3.27e-08
8.1417 3.5e-08
8.2232 3.5499999999999994e-08
8.3054 4.12e-08
8.3884 4.18e-08
8.4723 4.61e-08
8.5571 4.6899999999999996e-08
8.6426 5.0999999999999993e-08
8.729 5.34e-08
8.8163 5.44e-08
8.9045 5.72e-08
8.9935 6.06e-08
9.0835 6.34e-08
9.1743 6.64e-08
9.2661 6.87e-08
9.3587 6.76e-08
9.4523 4.8e-08
9.5468 5.87e-08
9.6423 5.45e-08
9.7387 6.11e-08
9.8361 7.06e-08
9.9345 8.409999999999999e-08
10.0338 9.48e-08
10.1342 1.018e-07
10.2355 1.06e-07
10.3379 1.1110000000000001e-07
10.4412 1.158e-07
10.5456 1.197e-07
10.6511 1.2559999999999999e-07
10.7576 1.308e-07
10.8652 1.356e-07
10.9738 1.399e-07
11.0836 1.466e-07
11.1944 1.519e-07
11.3064 1.568e-07
11.4194 1.628e-07
11.5336 1.681e-07
11.6489 1.749e-07
11.7654 1.779e-07
11.8831 1.8579999999999998e-07
12.0019 1.935e-07
12.1219 1.987e-07
12.2432 2.029e-07
12.3656 2.1e-07
12.4893 2.05e-07
12.6141 2.167e-07
12.7403 2.2750000000000002e-07
12.8677 2.314e-07
12.9964 2.396e-07
13.1263 2.395e-07
13.2576 2.195e-07
13.3902 2.001e-07
13.5241 1.6609999999999999e-07
13.6593 1.728e-07
13.7959 1.749e-07
13.9339 1.494e-07
14.0732 1.424e-07
14.2139 1.2180000000000002e-07
14.3561 1.159e-07
14.4996 1.198e-07
14.6446 1.3009999999999998e-07
14.7911 1.389e-07
14.939 1.763e-07
15.0884 1.503e-07
15.2393 1.4890000000000002e-07
15.3917 1.59e-07
15.5456 1.542e-07
15.701 1.609e-07
15.858 1.8049999999999998e-07
16.0166 2.2339999999999998e-07
16.1768 2.1690000000000002e-07
16.3385 2.817e-07
16.5019 2.9699999999999997e-07
16.667 3.191e-07
16.8336 3.348e-07
17.002 3.991e-07
17.172 3.8429999999999997e-07
17.3437 4.068e-07
17.5171 4.082e-07
17.6923 4.328e-07
17.8692 4.962e-07
18.0479 4.734e-07
18.2284 4.4209999999999997e-07
18.4107 4.7649999999999996e-07
18.5948 4.771000000000001e-07
18.7807 5.354e-07
18.9685 4.629e-07
19.1582 5.066e-07
19.3498 4.7589999999999997e-07
19.5433 5.27e-07
19.7387 5.014e-07
19.9361 5.178e-07
