# wl [um]  radiance [W/m2/um/sr]
5.500000000000000000e+03 7.133922635073354007e-08
7.500000000000000000e+02 8.897180198652811340e-06
4.166666666500000247e+02 7.179689574911199813e-05
2.916666666500000247e+02 2.775502723752896377e-04
2.250000000000000000e+02 7.548806989195928647e-04
1.833333333500000037e+02 1.660304629197304751e-03
1.547619047999999964e+02 3.166174237629504947e-03
1.339285714499999926e+02 5.458391635660274355e-03
1.180555555500000082e+02 8.744987353412416592e-03
1.055555555500000082e+02 1.325991190822986381e-02
9.545454545499998744e+01 1.925000542736184442e-02
8.712121211999999559e+01 2.697249599196658784e-02
8.012820512499999381e+01 3.666336335995574319e-02
7.417582417500000247e+01 4.849432414311507372e-02
6.904761905000000866e+01 6.256234171583584247e-02
6.458333333499999185e+01 7.884738988489869982e-02
6.066176470499999596e+01 9.729246048145971659e-02
5.718954248500000404e+01 1.177573219082915096e-01
5.409356725499999641e+01 1.402779451016260837e-01
5.131578947500000254e+01 1.647865901552745538e-01
4.880952381000000173e+01 1.913964111811982116e-01
4.653679653500000057e+01 2.205415954061247241e-01
4.446640315999999871e+01 2.524217556255995420e-01
4.257246376999999882e+01 2.874168486096264075e-01
4.083333333499999895e+01 3.254049190499282984e-01
3.923076922999999994e+01 3.664893712296398154e-01
3.774928775000000059e+01 4.106773453863795109e-01
3.637566137499999996e+01 4.577552839192617351e-01
3.509852216500000566e+01 5.078137681716927698e-01
3.390804597500000739e+01 5.608869658548440995e-01
3.279569892499999639e+01 6.166087257652874687e-01
3.175403225999999890e+01 6.753124883802856804e-01
3.077651515000000160e+01 7.365529019587947479e-01
2.985739750500000156e+01 8.006165702121408323e-01
2.899159663999999736e+01 8.671209146052172301e-01
2.817460317500000144e+01 9.360671126828803423e-01
2.740240240500000013e+01 1.007529402721603740e+00
2.667140824999999893e+01 1.081113485156332432e+00
2.597840755500000398e+01 1.156883213194304982e+00
2.532051282000000114e+01 1.234640608466929024e+00
2.469512195000000077e+01 1.314398783011111682e+00
2.409988385500000163e+01 1.395795158948244241e+00
2.353266887999999923e+01 1.478955575824469904e+00
2.299154333999999977e+01 1.562901830791211033e+00
2.247474747500000092e+01 1.649099493746327472e+00
2.198067632500000101e+01 1.736519989234777128e+00
2.150786308500000032e+01 1.825091160886278763e+00
2.105496453499999987e+01 1.914578628336783384e+00
2.062074830000000247e+01 2.004454750002004015e+00
2.020408163500000143e+01 2.095423980858071022e+00
1.980392156999999997e+01 2.187234732426261541e+00
1.941930618499999994e+01 2.279748047743985762e+00
1.904934688000000165e+01 2.373450030904217467e+00
1.869322152499999845e+01 2.466770896323116524e+00
1.835016835000000057e+01 2.572631527938107787e+00
1.801948052000000189e+01 2.655002349274058204e+00
1.770050125499999893e+01 2.761174002223707458e+00
1.739261948000000046e+01 2.905867281848024231e+00
1.709526592499999964e+01 3.103253804903403079e+00
1.680790960499999898e+01 3.301103033056646652e+00
1.653005464499999988e+01 3.438594433500313574e+00
1.626123743999999860e+01 3.283592101840576483e+00
1.600102406499999930e+01 3.435936887069019452e+00
1.574900793500000162e+01 2.715903379201501266e+00
1.550480768999999981e+01 1.950092861971134406e+00
1.526806526500000061e+01 1.490164529902292756e+00
1.503844413999999929e+01 1.291938568821006106e+00
1.481562774000000005e+01 1.427276662700823984e+00
1.459931798500000077e+01 1.715183679659453064e+00
1.438923395499999991e+01 2.499612317411787465e+00
1.418511066499999984e+01 3.585451813427688705e+00
1.398669796500000118e+01 4.123682972216704989e+00
1.379375951499999964e+01 4.195143596748594383e+00
1.360607182500000079e+01 4.496448103816044650e+00
1.342342342000000066e+01 4.525268792468617463e+00
1.324561403500000090e+01 4.523973310848970364e+00
1.307245386499999995e+01 4.459653300799715225e+00
1.290376290500000067e+01 4.458211041065515801e+00
1.273937033500000027e+01 4.502143397912612421e+00
1.257911392499999970e+01 4.600011197246932859e+00
1.242283950499999889e+01 4.623845633197579907e+00
1.227040047999999928e+01 4.672423961607505838e+00
1.212165736000000038e+01 4.721239516135503855e+00
1.197647733499999845e+01 4.770159083501271269e+00
1.183473388999999898e+01 4.819369797858956694e+00
1.169630642999999992e+01 4.866487520737982742e+00
1.156107992500000137e+01 4.911693785904590825e+00
1.142894461499999892e+01 4.954291767910443234e+00
1.129979570999999972e+01 4.994948281438869486e+00
1.117353308499999898e+01 5.033512829864386973e+00
1.105006105000000005e+01 5.070083040703625699e+00
1.092928810499999948e+01 5.104474642426039210e+00
1.081112669500000045e+01 5.137669864391693153e+00
1.069549302000000068e+01 5.171984881430900849e+00
1.058230683000000028e+01 5.206528609802175467e+00
1.047149122999999982e+01 5.226773681917697978e+00
1.036297250999999875e+01 5.248308449054118086e+00
1.025667998999999853e+01 5.277731318638163138e+00
1.015254586500000045e+01 5.284816631003056209e+00
1.005050504999999994e+01 5.295650299554041318e+00
9.950495049499998856e+00 5.309737554952120853e+00
9.852455834000000578e+00 5.322158350084570166e+00
9.756329716499999805e+00 5.333887501318683277e+00
9.662061239499999843e+00 5.346221245381284071e+00
9.569597069500000330e+00 5.357878304750412823e+00
9.478885894000001144e+00 5.364047187911861414e+00
9.389878328500000038e+00 5.359202459816084563e+00
9.302526825999999360e+00 5.370078732379500508e+00
9.216785592999999110e+00 5.360662130855146756e+00
9.132610508999999155e+00 5.348776818514273224e+00
9.049959050000000005e+00 5.342838873999085969e+00
8.968790219000000619e+00 5.335888335525935666e+00
8.889064475499999674e+00 5.327159823047710852e+00
8.810743673499999318e+00 5.316729005824520904e+00
8.733790999500000041e+00 5.304636038735909054e+00
8.658170914500001203e+00 5.290918002628010264e+00
8.583849101000000203e+00 5.275614359361302519e+00
8.510792409000000447e+00 5.258763694614896345e+00
8.438968808000000266e+00 5.240408722986553691e+00
8.368347338999999607e+00 5.220588145936391200e+00
8.298898071500000029e+00 5.199344016128365276e+00
8.230592060500001139e+00 5.176719720691846049e+00
8.163401306000000801e+00 5.152744839159799639e+00
8.097298715000000868e+00 5.127174956239213266e+00
8.032258064499998795e+00 5.099406128302200081e+00
7.968253968500000006e+00 5.071971946751640203e+00
7.905261842499999858e+00 5.042620066449084781e+00
7.843257874000000740e+00 5.012442644999408614e+00
7.782218991999999780e+00 4.982565524512067689e+00
7.722122837999999767e+00 4.950726925547114909e+00
7.662947738999999814e+00 4.917529601812230311e+00
7.604672681000000267e+00 4.883276683195434842e+00
7.547277283999999753e+00 4.848153447724317111e+00
7.490741779500000419e+00 4.811949982260008696e+00
7.435046986999999774e+00 4.774127727452013303e+00
7.380174291499999484e+00 4.734929642356784818e+00
7.326105624500000246e+00 4.697684877613913734e+00
7.272823442500000013e+00 4.656772126962653857e+00
7.220310708000000410e+00 4.617897377487845567e+00
7.168550873500000087e+00 4.578236653677106638e+00
7.117527862499999358e+00 4.537819277260403794e+00
7.067226051500000494e+00 4.495425038367117487e+00
7.017630257000000427e+00 4.453564816430916729e+00
6.968725718499999999e+00 4.410246166718637895e+00
6.920498084000000105e+00 4.367397877836239672e+00
6.872933396000000528e+00 4.322037149492070185e+00
6.826018078000000600e+00 4.279007903407754831e+00
6.779738922499999987e+00 4.233591430066421246e+00
6.734083076499999265e+00 4.189318897962267307e+00
6.689038031499999981e+00 4.143218181410686540e+00
6.644591611500000106e+00 4.096578673956098093e+00
6.600731961999999342e+00 4.052275371724777031e+00
6.557447540000000075e+00 4.004780934711229534e+00
6.514727103000000241e+00 3.958764744348675979e+00
6.472559698499999570e+00 3.911977603257611680e+00
6.430934656499999846e+00 3.864879959946446064e+00
6.389841581000000659e+00 3.818957258940603339e+00
6.349270338000000180e+00 3.772741575136395298e+00
6.309211050000000043e+00 3.727100819568978096e+00
6.269654088000000236e+00 3.680086331250797205e+00
6.230590062000000096e+00 3.633017433834776710e+00
6.192009815000000472e+00 3.585028854145027033e+00
6.153904415500000447e+00 3.538416203221722789e+00
6.116265150500000303e+00 3.490862531349694819e+00
6.079083518499999172e+00 3.444222248198701042e+00
6.042351223499999868e+00 3.395911867749181301e+00
6.006060168999999505e+00 3.350906022331991974e+00
5.970202452000000548e+00 3.304528070705695431e+00
5.934770357499999704e+00 3.257326740930171827e+00
5.899756351999999815e+00 3.210644699514069167e+00
5.865153078500000561e+00 3.165503135306823701e+00
5.830953351999999867e+00 3.119462820294433225e+00
5.797150154500000596e+00 3.075271446882728466e+00
5.763736629000000278e+00 3.028129068786205469e+00
5.730706075499999663e+00 2.984338480514232561e+00
5.698051947999999811e+00 2.939283931112464554e+00
5.665767847999999773e+00 2.894707174244564474e+00
5.633847520999999858e+00 2.849872560409650202e+00
5.602284853499999606e+00 2.806521009948832024e+00
5.571073867499999110e+00 2.762262343225885708e+00
5.540208717000000505e+00 2.719368224581694360e+00
5.509683686499999844e+00 2.676199856399374077e+00
5.479493184499999003e+00 2.633283874360500487e+00
5.449631741499999293e+00 2.590800948518678037e+00
5.420094006999999436e+00 2.548348275695661691e+00
5.390874745499999676e+00 2.505903120871967982e+00
5.361968834499999836e+00 2.464402495069617505e+00
5.333371259499999795e+00 2.423876739650250300e+00
5.305077113499999442e+00 2.382014176278628881e+00
5.277081593000000126e+00 2.335758461152094068e+00
5.249379994499999924e+00 2.276295152229691698e+00
5.221967713499999775e+00 2.223652784574100760e+00
5.194840241499999678e+00 2.200151900539643712e+00
5.167993162500000182e+00 2.138063300257650567e+00
5.141422151500000481e+00 2.148069796860319958e+00
5.115122971999999990e+00 2.108248216040553569e+00
5.089091473999999948e+00 2.070782016891587141e+00
5.063323591499999665e+00 2.035776017163800411e+00
5.037815339499999823e+00 2.000045891521645025e+00
5.012562813999999811e+00 1.963866543720574898e+00
4.987562189000000146e+00 1.926563933412261731e+00
4.962809714000000483e+00 1.888029969400359942e+00
4.938301711999999455e+00 1.851968149833320032e+00
4.914034578999999958e+00 1.800542237189088457e+00
4.890004782000000105e+00 1.728615666697810971e+00
4.866208856000000083e+00 1.617531208703177459e+00
4.842643403000000291e+00 1.589900416577358921e+00
4.819305091000000374e+00 1.446423091852434117e+00
4.796190651499999902e+00 1.606517475539110507e+00
4.773296878500000062e+00 1.586675292242991864e+00
4.750620627500000026e+00 1.575563235341147061e+00
4.728158812500000252e+00 1.541740982657290093e+00
4.705908406499999863e+00 1.505990232613028779e+00
4.683866438499999951e+00 1.489457352754523400e+00
4.662029993500000025e+00 1.456860238279251263e+00
4.640396210500000507e+00 1.422349681364663443e+00
4.618962280499999906e+00 1.386382020020833439e+00
4.597725447000000187e+00 1.349993972949548038e+00
4.576683004500000429e+00 1.311661552000172870e+00
4.555832295500000129e+00 1.271127861847519913e+00
4.535170711499999285e+00 1.224817894128971796e+00
4.514695691500000052e+00 1.161214077928269139e+00
4.494404719000000270e+00 1.036131542645265746e+00
4.474295323499999810e+00 8.114082465746835782e-01
4.454365079000000449e+00 5.612600395045557189e-01
4.434611602500000416e+00 3.126272788190707641e-01
4.415032552499999596e+00 1.866892028860610009e-01
4.395625627999999452e+00 1.209764550575478659e-01
4.376388569499999548e+00 1.177161223367656634e-01
4.357319157000000054e+00 4.154719806119972630e-02
4.338415208000000689e+00 2.297569428061881774e-02
4.319674578499999917e+00 8.212909335623965260e-03
4.301095161000000111e+00 3.450260214894079226e-03
4.282674884000000404e+00 2.563711442730788430e-03
4.264411711499999313e+00 2.691177851319773249e-03
4.246303642500000031e+00 2.350658014935256852e-03
4.228348709500000524e+00 2.100899478153937707e-03
4.210544977499999675e+00 6.714006078764240583e-03
4.192890545000000024e+00 1.689270642610274653e-01
4.175383542499999656e+00 6.069379821029968758e-01
4.158022129999999095e+00 6.455762415278843980e-01
4.140804498999999694e+00 6.448928304327097294e-01
4.123728871000000851e+00 6.441848398195280101e-01
4.106793496499999918e+00 6.442476886412179526e-01
4.089996654500000162e+00 6.456789150634432151e-01
4.073336651500000016e+00 6.486127829696797242e-01
4.056811823000000317e+00 6.508435810578115932e-01
4.040420530500000496e+00 6.515091047495512599e-01
4.024161161000000320e+00 6.504747864523455769e-01
4.008032128500000013e+00 6.476984509271669355e-01
3.992031872500000134e+00 6.429122481282866231e-01
3.976158856499999672e+00 6.361356686564172414e-01
3.960411568999999687e+00 6.281849647560633354e-01
3.944788522000000075e+00 6.189271392660147253e-01
3.929288250499999968e+00 6.087571476790148983e-01
3.913909313499999598e+00 5.979122868937624125e-01
3.898650292000000128e+00 5.866143430646699741e-01
3.883509788000000018e+00 5.750554980804970517e-01
3.868486426500000075e+00 5.633087537853391780e-01
3.853578853500000179e+00 5.512484463132513168e-01
3.838785735500000129e+00 5.392976211628488503e-01
3.824105759000000049e+00 5.279221255012036540e-01
3.809537631000000424e+00 5.158861655873261398e-01
3.795080078499999843e+00 5.045936466453762037e-01
3.780731847000000201e+00 4.935105029356771644e-01
3.766491701000000081e+00 4.823596222322094063e-01
3.752358424000000081e+00 4.713155944876928904e-01
3.738330818000000111e+00 4.604249649922322329e-01
3.724407701500000112e+00 4.497198704036227679e-01
3.710587911500000224e+00 4.391697428506141088e-01
3.696870301999999775e+00 4.287535797409625093e-01
3.683253743999999941e+00 4.186927838012835523e-01
3.669737125500000197e+00 4.088491712844333215e-01
3.656319349499999927e+00 3.991258774274085153e-01
3.642999335999999921e+00 3.896609059835771105e-01
3.629776021000000075e+00 3.803760064536377827e-01
3.616648354500000107e+00 3.712866931889415856e-01
3.603615302500000173e+00 3.623575533091292766e-01
3.590675846499999935e+00 3.536050276225438660e-01
3.577828980999999686e+00 3.450599663077733581e-01
3.565073715999999671e+00 3.367416275120333480e-01
3.552409075999999999e+00 3.285844455805471687e-01
3.539834098000000040e+00 3.205915350194658009e-01
3.527347833000000321e+00 3.127651386210038575e-01
3.514949345499999822e+00 3.051184878004261636e-01
3.502637713500000416e+00 2.976207021944644038e-01
3.490412027000000528e+00 2.902787731479560263e-01
3.478271389500000144e+00 2.831229947452248430e-01
3.466214917000000284e+00 2.761364969924032797e-01
3.454241737000000256e+00 2.693072311334997471e-01
3.442350989499999958e+00 2.626195266498708158e-01
3.430541825499999753e+00 2.560958074777539561e-01
3.418813408500000151e+00 2.497197118785940972e-01
3.407164913499999948e+00 2.434884635712107614e-01
3.395595526000000142e+00 2.374137989700136064e-01
3.384104443000000018e+00 2.314666553917536784e-01
3.372690872499999770e+00 2.256145052635211701e-01
3.361354032499999978e+00 2.199640659823622613e-01
3.350093151499999866e+00 2.144394218975274602e-01
3.338907469000000017e+00 2.090339499774270249e-01
3.327796234500000061e+00 2.038041538363730143e-01
3.316758706999999973e+00 1.986430818058343151e-01
3.305794155500000109e+00 1.936036565183493208e-01
3.294901858499999836e+00 1.886818980462274253e-01
3.284081104499999793e+00 1.838778754209660360e-01
3.273331190499999543e+00 1.791868517455572907e-01
3.262651422999999884e+00 1.746072570257373446e-01
3.252041118500000216e+00 1.701375563989337425e-01
3.241499601000000119e+00 1.657738841165926069e-01
3.231026203499999916e+00 1.615134283231652867e-01
3.220620268000000230e+00 1.573558859916490138e-01
3.210281144500000128e+00 1.533001348583542534e-01
3.200008192000000307e+00 1.493406884576679305e-01
3.189800777500000351e+00 1.454751968016165797e-01
3.179658275499999576e+00 1.416942024278124435e-01
3.169580068500000181e+00 1.379909285820189180e-01
3.159565547000000141e+00 1.343973768464035712e-01
3.149614109999999911e+00 1.309363547476671552e-01
3.139725163000000485e+00 1.275223622029497406e-01
3.129898118999999923e+00 1.241393495802556729e-01
3.120132399000000056e+00 1.208806915188142400e-01
3.110427430000000104e+00 1.177484746452858028e-01
3.100782646999999947e+00 1.146845925732400406e-01
3.091197492500000088e+00 1.116737104531926317e-01
3.081671415000000191e+00 1.087335115682666609e-01
3.072203870000000059e+00 1.058656085599823798e-01
3.062794319500000029e+00 1.030701095807813189e-01
3.053442232000000089e+00 1.003370631906524840e-01
3.044147082999999920e+00 9.768081604903408599e-02
3.034908353999999697e+00 9.506200641788485617e-02
3.025725533000000134e+00 9.246084423832305610e-02
3.016598114499999816e+00 8.991727718294686977e-02
3.007525597999999967e+00 8.758745079479002271e-02
2.998507489499999679e+00 8.528002525222598551e-02
2.989543301499999917e+00 8.291153106031731723e-02
2.980632551500000282e+00 8.039561631679773002e-02
2.971774762999999986e+00 7.822644188260999276e-02
2.962969466000000107e+00 7.643806901994890102e-02
2.954216194499999837e+00 7.449833565963820403e-02
2.945514489000000236e+00 7.252136195802566521e-02
2.936863895500000154e+00 7.056719593559701575e-02
2.928263964000000108e+00 6.866068309108946943e-02
2.919714251500000302e+00 6.680126249970796959e-02
2.911214319499999981e+00 6.497570634838632786e-02
2.902763734499999693e+00 6.316556549533706988e-02
2.894362067499999913e+00 6.135287923923175846e-02
2.886008894999999796e+00 5.941785589712252069e-02
2.877703798999999840e+00 5.718775852565873008e-02
2.869446365499999985e+00 5.468305672510467841e-02
2.861236185000000098e+00 5.214821094601616164e-02
