# wl [um] | radiance (h=0) | radiance (h=0.1) | radiance (h=0.2) | radiance (h=0.3) | radiance (h=0.4) | radiance (h=0.5)
5.000000000000000000e+00 1.778037442005167001e+00 1.351581086497074091e+00 9.987776226638532817e-01 7.439977219178435242e-01 6.040031139185332298e-01 5.890019276361989631e-01
5.252525252525252597e+00 2.112453871599364597e+00 1.632444442845607302e+00 1.234945145123279353e+00 9.497935336867103784e-01 7.956325405218279689e-01 7.842064364046438252e-01
5.505050505050505194e+00 2.446206447702745646e+00 1.919138587541953989e+00 1.483986315384847154e+00 1.175070974205392416e+00 1.011548724154905488e+00 1.005891771012358493e+00
5.757575757575757791e+00 2.771419798740254681e+00 2.204840586678933345e+00 1.740324378108743408e+00 1.415173711018067104e+00 1.247539946438399605e+00 1.249744630414095115e+00
6.010101010101010388e+00 3.081547073315786811e+00 2.483579097321503504e+00 1.998670270114919267e+00 1.665185240376346520e+00 1.498748931720314870e+00 1.510676335677236137e+00
6.262626262626262985e+00 3.371449752958215917e+00 2.750389329506375713e+00 2.254239661494329638e+00 1.920223324540383469e+00 1.760036868571795088e+00 1.783226954852376034e+00
6.515151515151515582e+00 3.637358075180221029e+00 3.001355756472064318e+00 2.502881406000750708e+00 2.175668263136523617e+00 2.026293494534880946e+00 2.061914603045040817e+00
6.767676767676768179e+00 3.876754719540341565e+00 3.233575193362905775e+00 2.741134784136402658e+00 2.427324674129832438e+00 2.292679695071580870e+00 2.341512101631579412e+00
7.020202020202020776e+00 4.088215984092847144e+00 3.445068897763793547e+00 2.966233556070925648e+00 2.671523049821729945e+00 2.554800769120264103e+00 2.617247133336617626e+00
7.272727272727273373e+00 4.271235817459274386e+00 3.634666605716081467e+00 3.176073100866958043e+00 2.905170713819650974e+00 2.808816004128253940e+00 2.884931133126777070e+00
7.525252525252525970e+00 4.426050159458706723e+00 3.801879501589437105e+00 3.369154143274757374e+00 3.125762887090274944e+00 3.051494222280895841e+00 3.141027175586588616e+00
7.777777777777778567e+00 4.553472627879434853e+00 3.946773859221732739e+00 3.544513579382212232e+00 3.331364205350002550e+00 3.280226443676473647e+00 3.382669118989517276e+00
8.030303030303031164e+00 4.654747738446765482e+00 4.069852816081287017e+00 3.701650150120735283e+00 3.520569857154776106e+00 3.493006635982752517e+00 3.607644264425990066e+00
8.282828282828283761e+00 4.731424390301449456e+00 4.171950492400685384e+00 3.840450373250769101e+00 3.692453983806078810e+00 3.688390386655008513e+00 3.814350616328261889e+00
8.535353535353536358e+00 4.785250031656171465e+00 4.254140336534097067e+00 3.961118279945745169e+00 3.846511390836021338e+00 3.865439752794213479e+00 4.001738096302996261e+00
8.787878787878788955e+00 4.818084472202983193e+00 4.317658001403317236e+00 4.064111083501100730e+00 3.982597137678443477e+00 4.023660852891890904e+00 4.169241170641183380e+00
9.040404040404041552e+00 4.831831492558460894e+00 4.363838062226374603e+00 4.150081872164415486e+00 4.100867283389340479e+00 4.162939166679830549e+00 4.316708548033100890e+00
9.292929292929294149e+00 4.828386022584115089e+00 4.394063317622645570e+00 4.219829692793303444e+00 4.201723002582292921e+00 4.283476109639025253e+00 4.444334016934911702e+00
9.545454545454546746e+00 4.809594570502369493e+00 4.409725146475353519e+00 4.274256907379981207e+00 4.285759444035903698e+00 4.385729288210987065e+00 4.552591173174342920e+00
9.797979797979799343e+00 4.777226673519563427e+00 4.412193321905913734e+00 4.314333399951910231e+00 4.353720063400420059e+00 4.470357921441206805e+00 4.642173741597743764e+00
1.005050505050505194e+01 4.732955330519414971e+00 4.402793737213476000e+00 4.341067037436359577e+00 4.406456691696662098e+00 4.538174213618261454e+00 4.713942398024400404e+00
1.030303030303030454e+01 4.678344615540004803e+00 4.382792623666614595e+00 4.355479705841911020e+00 4.444895271597671282e+00 4.590100949290302879e+00 4.768878414428468382e+00
1.055555555555555713e+01 4.614842922847529394e+00 4.353386000245200727e+00 4.358588222966024439e+00 4.470006974325056781e+00 4.627135222880919940e+00 4.808044042394724826e+00
1.080808080808080973e+01 4.543780539346899516e+00 4.315693266877201673e+00 4.351389448872862609e+00 4.482784275370238269e+00 4.650317977615801901e+00 4.832549280569852890e+00
1.106060606060606055e+01 4.466370465839461623e+00 4.270754020494734071e+00 4.334848959766130605e+00 4.484221495311958350e+00 4.660708883871317099e+00 4.843524508077273971e+00
1.131313131313131315e+01 4.383711609409593812e+00 4.219527328734333338e+00 4.309892708500581371e+00 4.475299285044596509e+00 4.659366011187880297e+00 4.842098380188343043e+00
1.156565656565656575e+01 4.296793643106291860e+00 4.162892835041478889e+00 4.277401158206749265e+00 4.456972538835201725e+00 4.647329721468099528e+00 4.829380352385584274e+00
1.181818181818181834e+01 4.206502976623632151e+00 4.101653189750109618e+00 4.238205439314964629e+00 4.430161243074143940e+00 4.625610217846811700e+00 4.806447206897744628e+00
1.207070707070707094e+01 4.113629404778817111e+00 4.036537404604901624e+00 4.193085141498328561e+00 4.395743805480303301e+00 4.595178212648159288e+00 4.774332988324917260e+00
1.232323232323232354e+01 4.018873101841145434e+00 3.968204814387732871e+00 4.142767408863189615e+00 4.354552452966093945e+00 4.556958219913287422e+00 4.734021802245935717e+00
1.257575757575757613e+01 3.922851712002410896e+00 3.897249400472389880e+00 4.087927058110447653e+00 4.307370332373736233e+00 4.511824026882474747e+00 4.686442985474808864e+00
1.282828282828282873e+01 3.826107352298210973e+00 3.824204289197553841e+00 4.029187485083903120e+00 4.254929993953407319e+00 4.460595950059619064e+00 4.632468213918866873e+00
1.308080808080808133e+01 3.729113396693365168e+00 3.749546284778971117e+00 3.967122165109612908e+00 4.197912981078612660e+00 4.404039532073593222e+00 4.572910170429294929e+00
1.333333333333333393e+01 3.632280951173272321e+00 3.673700333874558854e+00 3.902256587132151733e+00 4.136950290058022617e+00 4.342865383550297942e+00 4.508522448430910323e+00
1.358585858585858652e+01 3.535964961577076959e+00 3.597043848458467696e+00 3.835070491289426009e+00 4.072623500560786702e+00 4.277729918469125536e+00 4.440000416279141326e+00
1.383838383838383912e+01 3.440469920321516106e+00 3.519910836761311668e+00 3.766000304718123637e+00 4.005466409793060123e+00 4.209236771429755386e+00 4.367982811526930575e+00
1.409090909090909172e+01 3.346055156565838740e+00 3.442595809903009840e+00 3.695441691574980592e+00 3.935967032253451237e+00 4.137938720690705452e+00 4.293053873455126457e+00
1.434343434343434431e+01 3.252939707990690987e+00 3.365357445487724863e+00 3.623752150970636077e+00 3.864569851788294486e+00 4.064339971858496270e+00 4.215745856408320336e+00
1.459595959595959691e+01 3.161306782213742395e+00 3.288421999707778376e+00 3.551253611222010331e+00 3.791678234068839526e+00 3.988898683902982079e+00 4.136541795936671484e+00
1.484848484848484951e+01 3.071307822768765128e+00 3.211986467104978260e+00 3.478234980970972945e+00 3.717656925815205238e+00 3.912029642109426497e+00 4.055878424909727720e+00
1.510101010101010210e+01 2.983066199197880852e+00 3.136221492645403508e+00 3.404954627643750342e+00 3.642834582473788441e+00 3.834107002012325793e+00 3.974149158025446216e+00
1.535353535353535470e+01 2.896680543685332676e+00 3.061274044625885704e+00 3.331642761825166499e+00 3.567506278919610807e+00 3.755467044688090006e+00 3.891707080950143283e+00
1.560606060606060730e+01 2.812227758220744001e+00 2.987269859537542427e+00 3.258503712635431704e+00 3.491935968452857253e+00 3.676410897388392662e+00 3.808867895129244285e+00
1.585858585858585990e+01 2.729765716858451263e+00 2.914315671643237238e+00 3.185718084430841923e+00 3.416358864170648602e+00 3.597207184745857322e+00 3.725912781514491456e+00
1.611111111111111427e+01 2.649335687502673675e+00 2.842501240935563889e+00 3.113444789287792780e+00 3.340983724004431554e+00 3.518094585012076170e+00 3.643091156419827392e+00
1.636363636363636687e+01 2.570964497001156701e+00 2.771901193498502725e+00 3.041822952976576566e+00 3.265995026557078074e+00 3.439284273276182358e+00 3.560623300802379543e+00
1.661616161616161946e+01 2.494666462333857471e+00 2.702576688262412041e+00 2.970973694649024388e+00 3.191555029566973012e+00 3.360962239665196361e+00 3.478702850744071817e+00
1.686868686868687206e+01 2.420445109459778532e+00 2.634576923815981964e+00 2.901001782368865634e+00 3.117805706560251355e+00 3.283291475337791532e+00 3.397499142071545908e+00
1.712121212121212110e+01 2.348294700026416493e+00 2.567940498426682705e+00 2.831997168040209623e+00 3.044870560177836083e+00 3.206414022886063364e+00 3.317159406086863882e+00
1.737373737373737370e+01 2.278201584722705952e+00 2.502696635761125332e+00 2.764036406313375771e+00 2.972856312935399092e+00 3.130452890713994130e+00 3.237810816507900480e+00
1.762626262626262630e+01 2.210145400617900435e+00 2.438866288082340628e+00 2.697183962760444587e+00 2.901854477890918993e+00 3.055513833224656306e+00 3.159562390106491758e+00
1.787878787878787890e+01 2.144100128412305573e+00 2.376463127918833518e+00 2.631493417064949103e+00 2.831942812980733137e+00 2.981687000337370108e+00 3.082506745281013760e+00
1.813131313131313149e+01 2.080035024158021884e+00 2.315494438429238411e+00 2.567008567233245220e+00 2.763186663688132150e+00 2.909048461091807702e+00 3.006721724089333136e+00
1.838383838383838409e+01 2.017915438702736264e+00 2.255961911903611838e+00 2.503764440934159285e+00 2.695640199348922739e+00 2.837661606957101235e+00 2.932271884124916905e+00
1.863636363636363669e+01 1.957703536883109274e+00 2.197862365096631798e+00 2.441788220056476888e+00 2.629347548784031652e+00 2.767578441026802505e+00 2.859209867193632792e+00
1.888888888888888928e+01 1.899358927346776804e+00 2.141188379361118610e+00 2.381100084467355771e+00 2.564343841161879745e+00 2.698840759613013951e+00 2.787577652047292798e+00
1.914141414141414188e+01 1.842839212819720407e+00 2.085928872873036077e+00 2.321713980778878916e+00 2.500656158070239776e+00 2.631481232897992406e+00 2.717407698551454143e+00
1.939393939393939448e+01 1.788100469657392999e+00 2.032069611592538738e+00 2.263638321702479583e+00 2.438304402723993292e+00 2.565524391305437746e+00 2.648723990632218861e+00
1.964646464646464707e+01 1.735097664619895452e+00 1.979593665013136050e+00 2.206876621325016607e+00 2.377302092125080257e+00 2.500987524154836716e+00 2.581542985207377239e+00
1.989898989898989967e+01 1.683785015994163636e+00 1.928481812190176337e+00 2.151428071348130189e+00 2.317657077794330167e+00 2.437881496972780671e+00 2.515874474072033351e+00
2.015151515151515227e+01 1.634116305440050043e+00 1.878712903035351767e+00 2.097288063055882112e+00 2.259372200477940851e+00 2.376211493599714952e+00 2.451722365435715201e+00
2.040404040404040487e+01 1.586045146263664662e+00 1.830264179387574908e+00 2.044448659474603414e+00 2.202445883963435325e+00 2.315977688949899527e+00 2.389085391478733555e+00
2.065656565656565746e+01 1.539525213210142462e+00 1.783111559944629443e+00 1.992899021900529810e+00 2.146872672871604326e+00 2.257175857973024780e+00 2.327957747949154665e+00
2.090909090909091006e+01 1.494510438318556567e+00 1.737229892744117654e+00 1.942625794681656304e+00 2.092643719000150782e+00 2.199797926048901342e+00 2.268329671458037655e+00
2.116161616161616266e+01 1.450955176885672993e+00 1.692593178523935649e+00 1.893613451862899533e+00 2.039747220510082837e+00 2.143832465720456604e+00 2.210187959777689670e+00
2.141414141414141525e+01 1.408814347140727508e+00 1.649174767967911848e+00 1.845844609037675887e+00 1.988168817956575296e+00 2.089265144342732583e+00 2.153516440069299431e+00
2.166666666666666785e+01 1.368043546833853652e+00 1.606947535545701244e+00 1.799300303493087227e+00 1.937891950888294579e+00 2.036079126908262094e+00 2.098296389628752312e+00
2.191919191919192045e+01 1.328599149583480798e+00 1.565884032386669178e+00 1.753960245494730508e+00 1.888898178468309430e+00 1.984255437999918215e+00 2.044506913392668324e+00
2.217171717171717304e+01 1.290438383507883868e+00 1.525956620386508034e+00 1.709803043330937244e+00 1.841167467310365957e+00 1.933773286523399859e+00 1.992125282117340968e+00
2.242424242424242564e+01 1.253519394380118390e+00 1.487137589524010428e+00 1.666806404521299578e+00 1.794678449474855553e+00 1.884610356588785285e+00 1.941127234842412230e+00
2.267676767676767824e+01 1.217801295290790620e+00 1.449399260168620973e+00 1.624947315396576331e+00 1.749408653341809172e+00 1.836743067642792493e+00 1.891487248949492495e+00
2.292929292929293084e+01 1.183244204574650293e+00 1.412714071977678953e+00 1.584202201070675775e+00 1.705334709850800712e+00 1.790146806700581461e+00 1.843178780857751331e+00
2.318181818181818343e+01 1.149809273555102207e+00 1.377054660824327259e+00 1.544547067653456285e+00 1.662432536398285920e+00 1.744796135288751326e+00 1.796174480139202112e+00
2.343434343434343603e+01 1.117458705479210224e+00 1.342393925046480696e+00 1.505957628393788328e+00 1.620677500487164968e+00 1.700664973492126197e+00 1.750446379598254110e+00
2.368686868686868863e+01 1.086155766855547267e+00 1.308705082180637191e+00 1.468409415293866038e+00 1.580044565047047822e+00 1.657726763289200989e+00 1.705966063639907881e+00
2.393939393939394122e+01 1.055864792264138874e+00 1.275961717222059200e+00 1.431877877600841398e+00 1.540508417177500089e+00 1.615954613173737231e+00 1.662704817042074179e+00
2.419191919191919382e+01 1.026551183580590498e+00 1.244137823348844041e+00 1.396338468457208215e+00 1.502043581912468229e+00 1.575321425881519799e+00 1.620633756064209230e+00
2.444444444444444642e+01 9.981814044439749622e-01 1.213207835950295799e+00 1.361766720874891368e+00 1.464624522465359568e+00 1.535800010881498645e+00 1.579723943644074202e+00
2.469696969696969902e+01 9.707229706974328520e-01 1.183146660712096843e+00 1.328138314092643935e+00 1.428225728281346196e+00 1.497363183138824105e+00 1.539946490279255453e+00
2.494949494949495161e+01 9.441444374421630314e-01 1.153929696438005692e+00 1.295429131282362034e+00 1.392821792106197387e+00 1.459983849522795696e+00 1.501272642040465843e+00
2.520202020202020421e+01 9.184153832662365069e-01 1.125532853210455153e+00 1.263615309477316817e+00 1.358387477169674895e+00 1.423635084104180493e+00 1.463673857030633574e+00
2.545454545454545681e+01 8.935063921400666631e-01 1.097932566437005431e+00 1.232673282517787960e+00 1.324897775481316931e+00 1.388290193473771694e+00 1.427121871480305337e+00
2.570707070707070940e+01 8.693890334087074345e-01 1.071105807267266785e+00 1.202579817733026912e+00 1.292327958145561340e+00 1.353922773106744915e+00 1.391588756557829321e+00
2.595959595959596200e+01 8.460358402559716717e-01 1.045030089817103658e+00 1.173312047014832382e+00 1.260653618515703345e+00 1.320506755702856916e+00 1.357046966869708715e+00
2.621212121212121460e+01 8.234202869676889858e-01 1.019683475591444788e+00 1.144847492870607164e+00 1.229850708934728365e+00 1.288016452342419793e+00 1.323469381535220757e+00
2.646464646464646719e+01 8.015167652778272256e-01 9.950445754524225306e-01 1.117164089994540976e+00 1.199895571734413302e+00 1.256426587221228131e+00 1.290829338631440892e+00
2.671717171717171979e+01 7.803005600440903189e-01 9.710925494474401676e-01 1.090240202838560712e+00 1.170764965105407285e+00 1.225712326651451356e+00 1.259100663730964076e+00
2.696969696969697239e+01 7.597478244659320312e-01 9.478071047751249756e-01 1.064054639622521226e+00 1.142436084390036299e+00 1.195849302950918736e+00 1.228257693180138999e+00
2.722222222222222499e+01 7.398355550284071436e-01 9.251684921381134741e-01 1.038586663177992309e+00 1.114886579297405866e+00 1.166813633783624349e+00 1.198275292708183004e+00
2.747474747474747758e+01 7.205415663296957929e-01 9.031575007054212234e-01 1.013815998984197053e+00 1.088094567491060705e+00 1.138581937456643045e+00 1.169128871891694343e+00
2.772727272727273018e+01 7.018444659269542640e-01 8.817554518824538556e-01 9.897228407165444830e-01 1.062038644958616329e+00 1.111131344633119244e+00 1.140794394953590807e+00
2.797979797979798278e+01 6.837236293152345601e-01 8.609441920654729019e-01 9.662878536000070184e-01 1.036697893528011782e+00 1.084439506870765957e+00 1.113248388324558746e+00
2.823232323232323537e+01 6.661591751365485425e-01 8.407060845372350544e-01 9.434921758283971727e-01 1.012051885863882505e+00 1.058484602359730742e+00 1.086467945351408337e+00
2.848484848484848797e+01 6.491319407006279629e-01 8.210240006442374172e-01 9.213174182854704242e-01 9.880806882417834114e-01 1.033245339191611212e+00 1.060430728501509101e+00
2.873737373737374057e+01 6.326234578853199286e-01 8.018813103789131924e-01 8.997456627801337925e-01 9.647648613683940111e-01 1.008700956462044829e+00 1.035114969371019100e+00
2.898989898989899316e+01 6.166159294727574514e-01 7.832618724773643404e-01 8.787594589862980365e-01 9.420854594906341584e-01 9.848312234751089855e-01 1.010499466779337441e+00
2.924242424242424221e+01 6.010922059669376871e-01 7.651500241299743488e-01 8.583418202589124801e-01 9.200240280095142165e-01 9.616164372933186932e-01 9.865635831986651061e-01
2.949494949494949481e+01 5.860357629293844184e-01 7.475305703907464405e-01 8.384762184798325579e-01 8.985625997953780031e-01 9.390374188498729069e-01 9.632872397433941414e-01
2.974747474747474740e+01 5.714306788615807209e-01 7.303887733615320732e-01 8.191465780712016143e-01 8.776836903784935862e-01 9.170755078183805420e-01 9.406509099203528290e-01
3.000000000000000000e+01 5.572616136560391009e-01 7.137103412186330820e-01 8.003372693000947447e-01 8.573702921721156889e-01 8.957125564148501473e-01 9.186356123189320932e-01
