2.464399999999999924e-01 1.738331668734884733e-02
2.513688000000000033e-01 2.293546870809823682e-02
2.563961759999999757e-01 3.000583156198982984e-02
2.615240999999999816e-01 3.893152724948088783e-02
2.667545820000000178e-01 5.010356763475957292e-02
2.720896729999999764e-01 6.397169275601496952e-02
2.775314669999999762e-01 8.104678998057204820e-02
2.830820960000000053e-01 1.019040452727649343e-01
2.887437380000000275e-01 1.271851713631401426e-01
2.945186129999999847e-01 1.575990443682289688e-01
3.004089850000000173e-01 1.939217037905475172e-01
3.064171649999999913e-01 2.369950792790518901e-01
3.125455080000000274e-01 2.877238075302764320e-01
3.187964180000000258e-01 3.470723674993579921e-01
3.251723460000000010e-01 4.160660353296946612e-01
3.316757929999999965e-01 4.957676477312539798e-01
3.383093090000000025e-01 5.873008386022647853e-01
3.450754950000000099e-01 6.918051573352651529e-01
3.519770050000000094e-01 8.104615336079967758e-01
3.590165450000000202e-01 9.444668125925108626e-01
3.661968760000000045e-01 1.095017839460858289e+00
3.735208139999999788e-01 1.263314642483952088e+00
3.809912300000000140e-01 1.450538151339534121e+00
3.886110549999999830e-01 1.657840647815589596e+00
3.963832760000000066e-01 1.886333033414900218e+00
4.043109409999999793e-01 2.137062547663010292e+00
4.123971599999999849e-01 2.411012768108227622e+00
4.206451030000000202e-01 2.709071779333005914e+00
4.290580050000000201e-01 3.032022623657355975e+00
4.376391649999999967e-01 3.380514653249093726e+00
4.463919490000000101e-01 3.755101727310178550e+00
4.553197880000000031e-01 4.156140352913136660e+00
4.644261840000000197e-01 4.583789685001059766e+00
4.737147070000000126e-01 5.038399864448749099e+00
4.831890010000000069e-01 5.519206947529364804e+00
4.928527810000000176e-01 6.026051779299814726e+00
5.027098370000000482e-01 6.558234078010494628e+00
5.127640340000000352e-01 7.114926237957326371e+00
5.230193140000000129e-01 7.694982343550047510e+00
5.334797009999999728e-01 8.297033662278069599e+00
5.441492949999999773e-01 8.919488644710472869e+00
5.550322810000000162e-01 9.560469262518772382e+00
5.661329259999999808e-01 1.021787467045415454e+01
5.774555850000000490e-01 1.088938120634747975e+01
5.890046960000000498e-01 1.157250605308651181e+01
6.007847899999999575e-01 1.226454357663869210e+01
6.128004860000000331e-01 1.296256532605112710e+01
6.250564960000000170e-01 1.366354735740507031e+01
6.375576259999999884e-01 1.436433840282730401e+01
6.503087779999999762e-01 1.506169170147875214e+01
6.633149539999999567e-01 1.575229683054310392e+01
6.765812530000000491e-01 1.643284336720405037e+01
6.901128779999999852e-01 1.709995722666803886e+01
7.039151359999999968e-01 1.775032798611875862e+01
7.179934380000000393e-01 1.838070888471713715e+01
7.323533070000000089e-01 1.898801231656719324e+01
7.470003729999999953e-01 1.956915067577293854e+01
7.619403810000000554e-01 2.012132283533595967e+01
7.771791879999999653e-01 2.064179133023507617e+01
7.927227719999999644e-01 2.112816883632390841e+01
8.085772270000000095e-01 2.157819535341055328e+01
8.247487719999999634e-01 2.198980186723481012e+01
8.412437470000000417e-01 2.236130133539991505e+01
8.580686220000000031e-01 2.269119770144079595e+01
8.752299949999999829e-01 2.297809040185824614e+01
8.927345949999999641e-01 2.322172478874331958e+01
9.105892869999999695e-01 2.342079579156266078e+01
9.288010719999999498e-01 2.357517608636180029e+01
9.473770940000000307e-01 2.368499299709520756e+01
9.663246359999999591e-01 2.375018286178564608e+01
9.856511279999999875e-01 2.377135046921686978e+01
1.005364149999999901e+00 2.374919610113847668e+01
1.025471430000000073e+00 2.368461102523178852e+01
1.045980860000000012e+00 2.357425298769186739e+01
1.066900479999999929e+00 2.343244593339698767e+01
1.088238489999999947e+00 2.324916310093236049e+01
1.110003260000000047e+00 2.302851068782975830e+01
1.132203319999999902e+00 2.277306700416726670e+01
1.154847390000000029e+00 2.248477374025060627e+01
1.177944340000000034e+00 2.216566807935135586e+01
1.201503229999999922e+00 2.174336635335131973e+01
1.225533289999999997e+00 2.139303449261744206e+01
1.250043959999999954e+00 2.104496263207546747e+01
1.275044840000000068e+00 2.062434794847220587e+01
1.300545730000000066e+00 2.018005100933687146e+01
1.326556649999999893e+00 1.971184899774913291e+01
1.353087780000000073e+00 1.925058614168020199e+01
1.380149529999999958e+00 1.876678694566945893e+01
1.407752530000000002e+00 1.826965056542761445e+01
1.435907580000000072e+00 1.662160112971103842e+01
1.464625730000000070e+00 1.724727104199389771e+01
1.493918239999999953e+00 1.672836226553707917e+01
1.523796609999999996e+00 1.617297517612360380e+01
1.554272539999999925e+00 1.564929175137402950e+01
1.585357990000000106e+00 1.471027758713184674e+01
1.617065149999999951e+00 1.427470233887794748e+01
1.649406450000000079e+00 1.407474006837729164e+01
1.682394579999999973e+00 1.360918002884487876e+01
1.716042470000000097e+00 1.310090280258660123e+01
1.750363319999999945e+00 1.259864163317719843e+01
1.785370590000000091e+00 1.210411539400206138e+01
1.821077999999999975e+00 1.161824718373112297e+01
1.857499559999999938e+00 1.113804488943425675e+01
1.894649550000000016e+00 1.063358738181018559e+01
1.932542540000000031e+00 9.861399428916927334e+00
1.971193390000000045e+00 7.212933851913315486e+00
2.010617260000000073e+00 4.809885197157405479e+00
2.050829610000000081e+00 7.006987355552403152e+00
2.091846199999999989e+00 8.127851957771385472e+00
2.133683120000000155e+00 8.113591674870351156e+00
2.176356789999999819e+00 7.728850515440003122e+00
2.219883920000000010e+00 7.359324568569240554e+00
2.264281599999999894e+00 7.001034960680765806e+00
2.309567229999999860e+00 6.655764227137208167e+00
2.355758579999999824e+00 6.323130396075146820e+00
2.402873749999999919e+00 6.003197129471819160e+00
2.450931220000000188e+00 5.695773441395513892e+00
2.499949850000000140e+00 5.399522430324259936e+00
2.549948839999999883e+00 5.117850012040223717e+00
2.600947820000000021e+00 4.816506042790028808e+00
2.652966779999999858e+00 2.962265012100178563e+00
2.706026109999999818e+00 3.392005640140328682e-01
2.760146639999999874e+00 4.031108229620143368e-01
2.815349569999999968e+00 1.514569368044265563e+00
2.871656559999999914e+00 3.628064251734227863e+00
2.929089690000000079e+00 3.458882547227543292e+00
2.987671489999999874e+00 3.232054922332973756e+00
3.047424910000000153e+00 3.078161641659696635e+00
3.108373410000000003e+00 2.904281683232939226e+00
3.170540879999999895e+00 2.739998767874622931e+00
3.233951699999999985e+00 2.585367008265399225e+00
3.298630730000000177e+00 2.438186883091737922e+00
3.364603349999999882e+00 2.299671153019999803e+00
3.431895410000000091e+00 2.169667029304815919e+00
3.500533320000000170e+00 2.048005807706509085e+00
3.570543990000000001e+00 1.934547431875158985e+00
3.641954870000000177e+00 1.829161394757429449e+00
3.714793970000000112e+00 1.731755386486327764e+00
3.789089849999999871e+00 1.642243463392583980e+00
3.864871640000000053e+00 1.560571512795546845e+00
3.942169080000000214e+00 1.486701337508874676e+00
4.021012459999999678e+00 1.370900200915211586e+00
4.101432710000000093e+00 3.663014677237207972e-01
4.183461359999999907e+00 2.758893642718492772e-02
4.267130589999999835e+00 4.193955567391770799e-03
4.352473200000000375e+00 3.060237611968687210e-02
4.439522659999999732e+00 4.751093361179259955e-01
4.528313119999999969e+00 1.146580857923770624e+00
4.618879380000000090e+00 1.175973592813981838e+00
4.711256969999999988e+00 1.148060998894525175e+00
4.805482109999999807e+00 9.628523916184865694e-01
4.901591749999999692e+00 1.084675951258746940e+00
4.999623579999999734e+00 1.211204131016803798e+00
5.099616049999999845e+00 1.206190750309409143e+00
5.201608379999999698e+00 1.168175000602478919e+00
5.305640539999999739e+00 1.264285487636812810e+00
5.411753349999999685e+00 1.332451549763071563e+00
5.519988419999999785e+00 1.417230204849262210e+00
5.630388189999999682e+00 1.523806720941319082e+00
5.742995950000000072e+00 1.652664929066241184e+00
5.857855869999999854e+00 1.803960801068258846e+00
5.975012989999999746e+00 1.977777097517779525e+00
6.094513250000000326e+00 2.142919449568791990e+00
6.216403510000000132e+00 2.306295181751484513e+00
6.340731579999999923e+00 2.473761195971638571e+00
6.467546220000000012e+00 2.644623576677373578e+00
6.596897140000000270e+00 2.818131112537296090e+00
6.728835079999999635e+00 2.993494395033669875e+00
6.863411789999999790e+00 3.169876269165832205e+00
7.000680019999999892e+00 3.346423664438809897e+00
7.140693620000000408e+00 3.522226214578117354e+00
7.283507489999999862e+00 3.696437215286505928e+00
7.429177639999999805e+00 3.868133567894042724e+00
7.577761200000000308e+00 4.036392173730794397e+00
7.729316419999999965e+00 4.200385427092683699e+00
7.883902749999999848e+00 4.359253891287013793e+00
8.041580800000000195e+00 4.512169960609706543e+00
8.202412419999999926e+00 4.658306029356684697e+00
8.366460670000000377e+00 4.796993646766962271e+00
8.533789880000000494e+00 4.927532531090935031e+00
8.704465680000000205e+00 5.049286062556235244e+00
8.878554989999999592e+00 5.161713114356349941e+00
9.056126089999999351e+00 5.263635939912399309e+00
9.237248609999999971e+00 5.315265803451410420e+00
9.421993589999999585e+00 5.402355388311295137e+00
9.610433459999999428e+00 5.481168916130402025e+00
9.802642130000000620e+00 5.566889768479696521e+00
9.998694970000000737e+00 5.617501040382919975e+00
1.019866889999999948e+01 5.633639351612437451e+00
1.040264220000000073e+01 5.661109494790099284e+00
1.061069509999999916e+01 5.674701326930146728e+00
1.082290899999999922e+01 5.696823864019920691e+00
1.103936719999999916e+01 5.693417948237753379e+00
1.126015450000000051e+01 5.677024989099288099e+00
1.148535760000000039e+01 5.649714000864719310e+00
1.171506480000000039e+01 5.612662730112925935e+00
1.194936610000000066e+01 5.565712021900816708e+00
1.218835340000000045e+01 5.503928072992542830e+00
1.243212040000000052e+01 5.424891728253108170e+00
1.268076289999999950e+01 5.311987211623717009e+00
1.293437809999999999e+01 5.201470019140705503e+00
1.319306570000000001e+01 4.738838430561183479e+00
1.345692700000000031e+01 3.687715524405070333e+00
1.372606550000000070e+01 3.338943382113490621e+00
1.400058680000000066e+01 2.439994883245261814e+00
1.428059859999999937e+01 1.831354549873235760e+00
1.456621050000000039e+01 1.417860458423906289e+00
1.485753479999999982e+01 1.323911295516760456e+00
1.515468549999999937e+01 1.352072171147440383e+00
1.545777919999999916e+01 1.470139674130731988e+00
1.576693470000000019e+01 1.935410051666716980e+00
1.608227339999999828e+01 2.357581270613416713e+00
1.640391890000000075e+01 2.766867305367396668e+00
1.673199729999999974e+01 2.899440189864083806e+00
1.706663719999999884e+01 3.334582536672773045e+00
1.740796999999999883e+01 3.462447617952801426e+00
1.775612939999999895e+01 3.432972122492182532e+00
1.811125200000000035e+01 3.328343662903570532e+00
1.847347699999999904e+01 3.201210694361764642e+00
1.884294650000000004e+01 3.090836741327535275e+00
1.921980549999999965e+01 2.972415914370579504e+00
1.960420159999999967e+01 2.855035960741444612e+00
1.999628560000000022e+01 2.739113866391031937e+00
2.039621130000000093e+01 2.625279884893984672e+00
2.080413559999999862e+01 2.513931903608032759e+00
2.122021829999999909e+01 2.405209978883097399e+00
2.164462260000000171e+01 2.299279631859993511e+00
2.207751509999999939e+01 2.196201341417096664e+00
2.251906539999999879e+01 2.096070600520261618e+00
2.296944669999999888e+01 1.998944704949001672e+00
2.342883559999999932e+01 1.904868218087382159e+00
2.389741229999999916e+01 1.813879337121745650e+00
2.437536060000000049e+01 1.725987611348677397e+00
2.486286780000000007e+01 1.641199406965901053e+00
2.536012510000000120e+01 1.559505174676831141e+00
2.586732770000000059e+01 1.480885815888296708e+00
2.638467419999999919e+01 1.405312682710541106e+00
2.691236770000000078e+01 1.332747577957222429e+00
2.745061499999999910e+01 1.263145938244274680e+00
2.799962730000000022e+01 1.196456833989908652e+00
2.855961990000000128e+01 1.132619786315749444e+00
2.913081229999999877e+01 1.071574316343422151e+00
2.971342849999999913e+01 1.013253578996827997e+00
3.030769709999999861e+01 9.575811799032830640e-01
3.091385100000000108e+01 9.044870908878267501e-01
3.153212810000000133e+01 8.538917344789132002e-01
3.216277060000000176e+01 8.057218994027202097e-01
3.280602600000000280e+01 7.598916419899779395e-01
3.346214659999999697e+01 7.163245678680025819e-01
3.413138949999999738e+01 6.749410995652479484e-01
3.481401730000000327e+01 6.356552934124445331e-01
3.551029760000000124e+01 5.983907550369080841e-01
3.622050360000000069e+01 5.630647238682310318e-01
3.694491370000000074e+01 5.296008055337291243e-01
3.768381190000000203e+01 4.979194225618563951e-01
3.843748819999999711e+01 4.679441805799288701e-01
3.920623789999999786e+01 4.396018683141241223e-01
3.999036269999999860e+01 4.128160913917581221e-01
4.079016990000000220e+01 3.875200047367323153e-01
4.160597330000000227e+01 3.636372139763624500e-01
4.243809279999999973e+01 3.411104233311356149e-01
4.328685469999999924e+01 3.198632384283675578e-01
4.415259180000000327e+01 2.998412282775209659e-01
4.503564360000000022e+01 2.809788210420419152e-01
4.593635650000000226e+01 2.632184026325311010e-01
4.685508360000000039e+01 2.465029955793617000e-01
4.779218529999999987e+01 2.307784872018824596e-01
4.874802900000000250e+01 2.159923563688730119e-01
4.972298949999999707e+01 2.020946284282025274e-01
5.071744929999999840e+01 1.890375568969434317e-01
5.173179830000000123e+01 1.767746685317128919e-01
5.276643430000000023e+01 1.652626731879899280e-01
5.382176299999999713e+01 1.544592356509120745e-01
5.489819820000000306e+01 1.443252038044787189e-01
5.599616220000000055e+01 1.348217438425754755e-01
5.711608540000000289e+01 1.259132050579497009e-01
5.825840720000000061e+01 1.175652099828936176e-01
5.942357530000000310e+01 1.097446543892440646e-01
6.061204680000000167e+01 1.024212988378135902e-01
6.182428769999999929e+01 9.556490388941474290e-02
6.306077350000000337e+01 8.914841320372189626e-02
6.432198900000000208e+01 8.314477044040941012e-02
6.560842870000000460e+01 7.752946573824116838e-02
6.692059729999999718e+01 7.227862585575335619e-02
6.825900930000000244e+01 6.737028741079929828e-02
6.962418949999999995e+01 6.278280533111850470e-02
7.101667319999999961e+01 5.849676271365376878e-02
7.243700669999999775e+01 5.449337927512022672e-02
7.388574680000000683e+01 5.075451135200542696e-02
7.536346179999999606e+01 4.726424345000015959e-02
7.687073100000000636e+01 4.400602345502287877e-02
7.840814559999999744e+01 4.096584573208149338e-02
7.997630850000000180e+01 3.812938633629773394e-02
8.157583470000000148e+01 3.548359456233806525e-02
8.320735139999999319e+01 3.301605632464132273e-02
8.487149839999999301e+01 3.071563077719106569e-02
8.656892840000000433e+01 2.857114524298224809e-02
8.830030700000000365e+01 2.657247746763422708e-02
9.006631310000000212e+01 2.471010998555010427e-02
9.186763940000000161e+01 2.297503462695088192e-02
9.370499220000000662e+01 2.135891167281853825e-02
9.557909200000000283e+01 1.985378337599848567e-02
9.749067390000000444e+01 1.845232860910848982e-02
9.944048730000000091e+01 1.714764004761836977e-02
1.014292970000000054e+02 1.593319233886135444e-02
1.034578829999999954e+02 1.480296942598856823e-02
1.055270409999999970e+02 1.375127356203732255e-02
1.076375809999999973e+02 1.277278897190835087e-02
1.097903330000000039e+02 1.186261368335441921e-02
1.119861400000000060e+02 1.101603671006000894e-02
1.142258630000000039e+02 1.022879269955025844e-02
1.165103799999999978e+02 9.496775454293395272e-03
1.188405869999999993e+02 8.816260748621069024e-03
1.212173990000000003e+02 8.183651680819402710e-03
1.236417469999999952e+02 7.595669659060705521e-03
1.261145819999999986e+02 7.049258908437609945e-03
1.286368740000000059e+02 6.541554639974463820e-03
1.312096109999999953e+02 6.069819388650085808e-03
1.338338029999999890e+02 5.631602168340861525e-03
1.365104800000000012e+02 5.224579316877648281e-03
1.392406890000000033e+02 4.846522665057160194e-03
1.420255029999999863e+02 4.495458691585057370e-03
1.448660130000000095e+02 4.169477537144237501e-03
1.477633329999999887e+02 3.866796666372070840e-03
1.507186000000000092e+02 3.585824529837638650e-03
1.537329719999999895e+02 3.325001409098640552e-03
1.568076309999999864e+02 3.082910825161558777e-03
1.599437839999999937e+02 2.858238158196453691e-03
1.631426600000000064e+02 2.649745182746070672e-03
1.664055130000000133e+02 2.456282800121286237e-03
1.697336229999999944e+02 2.276787855302246730e-03
1.731282960000000060e+02 2.110264038345196526e-03
1.765908609999999896e+02 1.955791433679065008e-03
1.801226790000000051e+02 1.812504238413431730e-03
1.837251320000000021e+02 1.679609860931699072e-03
1.873996349999999893e+02 1.556360273001335419e-03
1.911476279999999974e+02 1.442064742169321722e-03
1.949705800000000124e+02 1.336083465564428651e-03
1.988699919999999963e+02 1.237821203699492447e-03
2.028473920000000135e+02 1.146714548075967706e-03
2.069043389999999931e+02 1.062257385974822678e-03
2.110424260000000061e+02 9.839658863690574180e-04
2.152632749999999930e+02 9.113944154180149242e-04
2.195685400000000129e+02 8.441291702696563336e-04
2.239599110000000053e+02 7.817913621594227815e-04
2.284391090000000020e+02 7.240181178170647987e-04
2.330078910000000008e+02 6.704815780598130225e-04
2.376680489999999963e+02 6.208729822980692346e-04
2.424214100000000087e+02 5.749090347331298591e-04
2.472698379999999929e+02 5.323223550606006075e-04
2.522152350000000069e+02 4.928678446681196510e-04
2.572595400000000154e+02 4.563163204376349900e-04
2.624047310000000266e+02 4.224576978442651730e-04
2.676528250000000071e+02 3.910946247585762869e-04
2.730058819999999855e+02 3.620456645454435429e-04
2.784659990000000107e+02 3.351389298663277243e-04
2.840353190000000154e+02 3.102206770462020285e-04
2.897160259999999994e+02 2.871435286077633677e-04
2.955103460000000268e+02 2.657725211592698220e-04
3.014205529999999840e+02 2.459831955352235577e-04
3.074489639999999895e+02 2.276587320073950960e-04
3.135979439999999840e+02 2.106918601441405301e-04
3.198699020000000246e+02 1.949823123313119207e-04
3.262673009999999749e+02 1.804380970118021519e-04
3.327926469999999881e+02 1.669729522064554081e-04
3.394484990000000266e+02 1.545076187536120033e-04
3.462374689999999759e+02 1.429682487596772085e-04
3.531622189999999932e+02 1.322864055991215500e-04
3.602254629999999906e+02 1.223987456045944663e-04
3.674299720000000207e+02 1.132466997570381276e-04
3.747785719999999969e+02 1.047758370659151029e-04
3.822741429999999809e+02 9.693586456920833222e-05
3.899196259999999938e+02 8.967967240376262651e-05
3.977180190000000266e+02 8.296460704482938912e-05
4.056723789999999781e+02 7.674992482697706459e-05
4.137858269999999834e+02 7.099902011329450944e-05
4.220615429999999719e+02 6.567751543607391017e-05
4.305027739999999881e+02 6.075294318692446745e-05
4.391128299999999740e+02 5.619633716620351456e-05
4.478950859999999921e+02 5.198032272369920508e-05
4.568529879999999821e+02 4.807911675863066195e-05
4.659900480000000016e+02 4.446980095919265811e-05
4.753098489999999856e+02 4.113041194323851423e-05
4.848160459999999716e+02 3.804121449782482000e-05
4.945123669999999834e+02 3.518279171989438612e-05
