# 3D spectroscopic simulation - Spatial binning of 5 (194 calculations)
# ------------------------------------------------------------------------
# Radiance spectrum
# NASA-GSFC Planetary Spectrum Generator (PSG) (Villanueva et al. 2018, 2022)
# Synthesized on Thu Jan 23 08:56:40 2025
# Doppler velocities [km/s] (vobs,vrot+vorb,vwidth,vrfl,vstr): -21.10000,0.00027,0.00000,0.00000,0.00122
# ------------------------------------------------------------------------
# Spectra synthesized with the Planetary and Universal Model of Atmospheric Scattering (PUMAS, Villanueva et al. 2018, 2022)
# Multiple scattering method employing PSGDORT, NMAX:2 / LMAX:4 / gMAX:0.95
# Radiative transfer took 1.146 seconds
# ------------------------------------------------------------------------
# Spectral unit: Wavelength [um]
# Radiance unit: Spectral radiance [W/sr/m2/um]
# Wave/freq Total Noise Proxima-Cen-b
4.000000000e+00  0.0000000e+00  1.4805296e-12  1.7994529e-01
4.065400000e+00  0.0000000e+00  1.3988675e-12  1.3087615e-01
4.130800000e+00  0.0000000e+00  1.3562371e-12  1.0466577e-01
4.196200000e+00  0.0000000e+00  5.5754442e-13  1.4886008e-02
4.261600000e+00  0.0000000e+00  1.5204975e-13  1.0595462e-03
4.327000000e+00  0.0000000e+00  1.9405904e-13  1.7557214e-03
4.392400000e+00  0.0000000e+00  3.7828128e-13  7.1565885e-03
4.457800000e+00  0.0000000e+00  1.3743861e-12  9.6651380e-02
4.523200000e+00  0.0000000e+00  1.4629121e-12  1.3639621e-01
4.588600000e+00  0.0000000e+00  1.4005968e-12  1.4298240e-01
4.654000000e+00  0.0000000e+00  1.4262899e-12  1.5348405e-01
4.719400000e+00  0.0000000e+00  1.4191562e-12  1.4365878e-01
4.784800000e+00  0.0000000e+00  1.6051867e-12  1.6971728e-01
4.850200000e+00  0.0000000e+00  1.8253976e-12  2.0038775e-01
4.915600000e+00  0.0000000e+00  1.7186487e-12  2.0997332e-01
4.981000000e+00  0.0000000e+00  1.7456866e-12  2.2240320e-01
5.046400000e+00  0.0000000e+00  1.7715013e-12  2.3605544e-01
5.111800000e+00  0.0000000e+00  1.9055819e-12  2.5316484e-01
5.177200000e+00  0.0000000e+00  2.0462968e-12  2.6862939e-01
5.242600000e+00  0.0000000e+00  2.1274672e-12  2.9218640e-01
5.308000000e+00  0.0000000e+00  2.1386448e-12  3.0769215e-01
5.373400000e+00  0.0000000e+00  2.2337622e-12  3.2832907e-01
5.438800000e+00  0.0000000e+00  2.3572545e-12  3.5145715e-01
5.504200000e+00  0.0000000e+00  2.4322827e-12  3.8405553e-01
5.569600000e+00  0.0000000e+00  2.4237749e-12  3.7495404e-01
5.635000000e+00  0.0000000e+00  2.4076438e-12  3.7162443e-01
5.700400000e+00  0.0000000e+00  2.4195422e-12  3.7896426e-01
5.765800000e+00  0.0000000e+00  2.4217863e-12  3.8227318e-01
5.831200000e+00  0.0000000e+00  2.4736394e-12  4.0382438e-01
5.896600000e+00  0.0000000e+00  2.3387794e-12  3.6382427e-01
5.962000000e+00  0.0000000e+00  2.3794742e-12  3.8013212e-01
6.027400000e+00  0.0000000e+00  2.5118806e-12  4.2560515e-01
6.092800000e+00  0.0000000e+00  2.5001666e-12  4.2603734e-01
6.158200000e+00  0.0000000e+00  2.7115229e-12  5.0614276e-01
6.223600000e+00  0.0000000e+00  3.1343003e-12  6.8035599e-01
6.289000000e+00  0.0000000e+00  3.3913243e-12  8.0718690e-01
6.354400000e+00  0.0000000e+00  2.8612807e-12  5.7886102e-01
6.419800000e+00  0.0000000e+00  2.7092553e-12  5.2531516e-01
6.485200000e+00  0.0000000e+00  2.6588952e-12  5.1240332e-01
6.550600000e+00  0.0000000e+00  2.6976271e-12  5.3302961e-01
6.616000000e+00  0.0000000e+00  2.7396790e-12  5.5399214e-01
6.681400000e+00  0.0000000e+00  3.1579916e-12  7.4069400e-01
6.746800000e+00  0.0000000e+00  3.6290401e-12  9.9584832e-01
6.812200000e+00  0.0000000e+00  3.3835974e-12  8.6928845e-01
6.877600000e+00  0.0000000e+00  3.5428220e-12  9.6534762e-01
6.943000000e+00  0.0000000e+00  3.6401826e-12  1.0328164e+00
7.008400000e+00  0.0000000e+00  3.7279566e-12  1.1026915e+00
7.073800000e+00  0.0000000e+00  3.7929515e-12  1.1690586e+00
7.139200000e+00  0.0000000e+00  3.7480878e-12  1.1305622e+00
7.204600000e+00  0.0000000e+00  3.8433019e-12  1.2245003e+00
7.270000000e+00  0.0000000e+00  3.8641584e-12  1.2463808e+00
7.335400000e+00  0.0000000e+00  3.8664943e-12  1.2602427e+00
7.400800000e+00  0.0000000e+00  3.6678347e-12  1.2001242e+00
7.466200000e+00  0.0000000e+00  3.9076666e-12  1.3217004e+00
7.531600000e+00  0.0000000e+00  3.5425082e-12  1.1865881e+00
7.597000000e+00  0.0000000e+00  3.9449274e-12  1.3933923e+00
7.662400000e+00  0.0000000e+00  3.4813179e-12  1.1854753e+00
7.727800000e+00  0.0000000e+00  3.5660701e-12  1.2417460e+00
7.793200000e+00  0.0000000e+00  3.6350896e-12  1.2864161e+00
7.858600000e+00  0.0000000e+00  3.8488411e-12  1.3991896e+00
7.924000000e+00  0.0000000e+00  3.7378344e-12  1.3639969e+00
7.989400000e+00  0.0000000e+00  3.5631964e-12  1.2935003e+00
8.054800000e+00  0.0000000e+00  3.6365152e-12  1.3435295e+00
8.120200000e+00  0.0000000e+00  3.5661728e-12  1.3272363e+00
8.185600000e+00  0.0000000e+00  3.6870671e-12  1.4018477e+00
8.251000000e+00  0.0000000e+00  3.7112604e-12  1.4281325e+00
8.316400000e+00  0.0000000e+00  3.6700195e-12  1.4196908e+00
8.381800000e+00  0.0000000e+00  3.6575821e-12  1.4273771e+00
8.447200000e+00  0.0000000e+00  3.7028723e-12  1.4625204e+00
8.512600000e+00  0.0000000e+00  3.8030861e-12  1.5279088e+00
8.578000000e+00  0.0000000e+00  3.7526262e-12  1.5112474e+00
8.643400000e+00  0.0000000e+00  3.7366893e-12  1.5136273e+00
8.708800000e+00  0.0000000e+00  3.7688526e-12  1.5414621e+00
8.774200000e+00  0.0000000e+00  3.8079977e-12  1.5736610e+00
8.839600000e+00  0.0000000e+00  3.8022115e-12  1.5762362e+00
8.905000000e+00  0.0000000e+00  3.8365455e-12  1.6083914e+00
8.970400000e+00  0.0000000e+00  3.8286268e-12  1.6194959e+00
9.035800000e+00  0.0000000e+00  3.8527043e-12  1.6529030e+00
9.101200000e+00  0.0000000e+00  3.8669558e-12  1.6724786e+00
9.166600000e+00  0.0000000e+00  3.9202296e-12  1.7134483e+00
9.232000000e+00  0.0000000e+00  4.0238377e-12  1.7881712e+00
9.297400000e+00  0.0000000e+00  4.0869443e-12  1.8431988e+00
9.362800000e+00  0.0000000e+00  4.0453273e-12  1.7875090e+00
9.428200000e+00  0.0000000e+00  3.7213159e-12  1.4707033e+00
9.493600000e+00  0.0000000e+00  3.3699487e-12  1.2039729e+00
9.559000000e+00  0.0000000e+00  3.7478265e-12  1.5328708e+00
9.624400000e+00  0.0000000e+00  3.4151288e-12  1.2616538e+00
9.689800000e+00  0.0000000e+00  3.6970068e-12  1.4888239e+00
9.755200000e+00  0.0000000e+00  3.7321294e-12  1.5269032e+00
9.820600000e+00  0.0000000e+00  3.8722429e-12  1.6620096e+00
9.886000000e+00  0.0000000e+00  3.9958121e-12  1.7985904e+00
9.951400000e+00  0.0000000e+00  4.0669306e-12  1.9002820e+00
1.001680000e+01  0.0000000e+00  4.0796172e-12  1.9519999e+00
1.008220000e+01  0.0000000e+00  4.0639248e-12  1.9782041e+00
1.014760000e+01  0.0000000e+00  4.0745981e-12  2.0115312e+00
1.021300000e+01  0.0000000e+00  4.1021965e-12  2.0530513e+00
1.027840000e+01  0.0000000e+00  4.1319129e-12  2.0870807e+00
1.034380000e+01  0.0000000e+00  4.0783215e-12  2.0620410e+00
1.040920000e+01  0.0000000e+00  4.0251633e-12  2.0383229e+00
1.047460000e+01  0.0000000e+00  4.0879271e-12  2.0913945e+00
1.054000000e+01  0.0000000e+00  4.1022730e-12  2.1127162e+00
1.060540000e+01  0.0000000e+00  4.0869042e-12  2.1128406e+00
1.067080000e+01  0.0000000e+00  4.0622413e-12  2.1064318e+00
1.073620000e+01  0.0000000e+00  4.0357677e-12  2.0983125e+00
1.080160000e+01  0.0000000e+00  4.0241760e-12  2.1007642e+00
1.086700000e+01  0.0000000e+00  4.0127435e-12  2.1025600e+00
1.093240000e+01  0.0000000e+00  4.0048156e-12  2.1063483e+00
1.099780000e+01  0.0000000e+00  4.0152082e-12  2.1245788e+00
1.106320000e+01  0.0000000e+00  3.9964456e-12  2.1186967e+00
1.112860000e+01  0.0000000e+00  3.9921572e-12  2.1244291e+00
1.119400000e+01  0.0000000e+00  3.9873805e-12  2.1297352e+00
1.125940000e+01  0.0000000e+00  3.9995594e-12  2.1484082e+00
1.132480000e+01  0.0000000e+00  3.9838733e-12  2.1448232e+00
1.139020000e+01  0.0000000e+00  3.9782527e-12  2.1490767e+00
1.145560000e+01  0.0000000e+00  3.9754889e-12  2.1555474e+00
1.152100000e+01  0.0000000e+00  3.9663513e-12  2.1567267e+00
1.158640000e+01  0.0000000e+00  3.9621450e-12  2.1615048e+00
1.165180000e+01  0.0000000e+00  3.9542005e-12  2.1633762e+00
1.171720000e+01  0.0000000e+00  3.9896769e-12  2.2026585e+00
1.178260000e+01  0.0000000e+00  3.9559295e-12  2.1814624e+00
1.184800000e+01  0.0000000e+00  3.9373955e-12  2.1737541e+00
1.191340000e+01  0.0000000e+00  3.9379075e-12  2.1824711e+00
1.197880000e+01  0.0000000e+00  3.9242998e-12  2.1786519e+00
1.204420000e+01  0.0000000e+00  3.9258327e-12  2.1872865e+00
1.210960000e+01  0.0000000e+00  3.9294998e-12  2.1984349e+00
1.217500000e+01  0.0000000e+00  3.9172181e-12  2.1947964e+00
1.224040000e+01  0.0000000e+00  3.9250894e-12  2.2082407e+00
1.230580000e+01  0.0000000e+00  3.9404292e-12  2.2282095e+00
1.237120000e+01  0.0000000e+00  3.9522177e-12  2.2446887e+00
1.243660000e+01  0.0000000e+00  3.9602127e-12  2.2592751e+00
1.250200000e+01  0.0000000e+00  3.9766005e-12  2.2815828e+00
1.256740000e+01  0.0000000e+00  3.9714019e-12  2.2853852e+00
1.263280000e+01  0.0000000e+00  4.2215730e-12  2.5140500e+00
1.269820000e+01  0.0000000e+00  3.8823915e-12  2.2196083e+00
1.276360000e+01  0.0000000e+00  3.9169476e-12  2.2561534e+00
1.282900000e+01  0.0000000e+00  3.9174168e-12  2.2628229e+00
1.289440000e+01  0.0000000e+00  3.9238243e-12  2.2752984e+00
1.295980000e+01  0.0000000e+00  3.9580795e-12  2.3114137e+00
1.302520000e+01  0.0000000e+00  4.0012209e-12  2.3595480e+00
1.309060000e+01  0.0000000e+00  4.0550511e-12  2.4162284e+00
1.315600000e+01  0.0000000e+00  4.1650826e-12  2.5342133e+00
1.322140000e+01  0.0000000e+00  4.2987947e-12  2.6819867e+00
1.328680000e+01  0.0000000e+00  4.3594716e-12  2.7563663e+00
1.335220000e+01  0.0000000e+00  4.3987708e-12  2.8067921e+00
1.341760000e+01  0.0000000e+00  4.4013600e-12  2.8170165e+00
1.348300000e+01  0.0000000e+00  4.2287027e-12  2.6055681e+00
1.354840000e+01  0.0000000e+00  4.3422576e-12  2.7618345e+00
1.361380000e+01  0.0000000e+00  4.2716704e-12  2.6849756e+00
1.367920000e+01  0.0000000e+00  4.2510661e-12  2.6723225e+00
1.374460000e+01  0.0000000e+00  4.3134670e-12  2.7651239e+00
1.381000000e+01  0.0000000e+00  4.2675138e-12  2.7205259e+00
1.387540000e+01  0.0000000e+00  3.2083898e-12  1.5378737e+00
1.394080000e+01  0.0000000e+00  4.0397867e-12  2.4596935e+00
1.400620000e+01  0.0000000e+00  3.9320641e-12  2.3400807e+00
1.407160000e+01  0.0000000e+00  3.7860331e-12  2.1796416e+00
1.413700000e+01  0.0000000e+00  3.5542139e-12  1.9275856e+00
1.420240000e+01  0.0000000e+00  3.2613630e-12  1.6284152e+00
1.426780000e+01  0.0000000e+00  3.0159026e-12  1.3971266e+00
1.433320000e+01  0.0000000e+00  2.8346085e-12  1.2385457e+00
1.439860000e+01  0.0000000e+00  2.6139251e-12  1.0564757e+00
1.446400000e+01  0.0000000e+00  2.5475609e-12  1.0077641e+00
1.452940000e+01  0.0000000e+00  2.4902183e-12  9.6706096e-01
1.459480000e+01  0.0000000e+00  2.4504529e-12  9.4056924e-01
1.466020000e+01  0.0000000e+00  2.4386953e-12  9.3572266e-01
1.472560000e+01  0.0000000e+00  2.4332705e-12  9.3574693e-01
1.479100000e+01  0.0000000e+00  2.4169657e-12  9.2731147e-01
1.485640000e+01  0.0000000e+00  2.4164980e-12  9.3106053e-01
1.492180000e+01  0.0000000e+00  2.3990474e-12  9.2163275e-01
1.498720000e+01  0.0000000e+00  2.3478259e-12  8.8647510e-01
1.505260000e+01  0.0000000e+00  2.4006347e-12  9.3101661e-01
1.511800000e+01  0.0000000e+00  2.3937559e-12  9.2966288e-01
1.518340000e+01  0.0000000e+00  2.4031398e-12  9.4107202e-01
1.524880000e+01  0.0000000e+00  2.3990927e-12  9.4193757e-01
1.531420000e+01  0.0000000e+00  2.3916291e-12  9.4007687e-01
1.537960000e+01  0.0000000e+00  2.3797308e-12  9.3465350e-01
1.544500000e+01  0.0000000e+00  2.4275720e-12  9.7687082e-01
1.551040000e+01  0.0000000e+00  2.4352637e-12  9.8729091e-01
1.557580000e+01  0.0000000e+00  2.4974071e-12  1.0430186e+00
1.564120000e+01  0.0000000e+00  2.5940921e-12  1.1308219e+00
1.570660000e+01  0.0000000e+00  2.6415035e-12  1.1777726e+00
1.577200000e+01  0.0000000e+00  2.7540366e-12  1.2866054e+00
1.583740000e+01  0.0000000e+00  2.9285103e-12  1.4625459e+00
1.590280000e+01  0.0000000e+00  3.0638426e-12  1.6084610e+00
1.596820000e+01  0.0000000e+00  3.2888479e-12  1.8627439e+00
1.603360000e+01  0.0000000e+00  3.3581834e-12  1.9501530e+00
1.609900000e+01  0.0000000e+00  3.6558130e-12  2.3219721e+00
1.616440000e+01  0.0000000e+00  3.1138234e-12  1.6882655e+00
1.622980000e+01  0.0000000e+00  3.2205115e-12  1.8141572e+00
1.629520000e+01  0.0000000e+00  3.5738556e-12  2.2457597e+00
1.636060000e+01  0.0000000e+00  3.6625886e-12  2.3685997e+00
1.642600000e+01  0.0000000e+00  3.5220010e-12  2.1979662e+00
1.649140000e+01  0.0000000e+00  3.6146044e-12  2.3249262e+00
1.655680000e+01  0.0000000e+00  3.5305761e-12  2.2259792e+00
1.662220000e+01  0.0000000e+00  3.6181315e-12  2.3482833e+00
1.668760000e+01  0.0000000e+00  3.5635854e-12  2.2863361e+00
1.675300000e+01  0.0000000e+00  3.4909937e-12  2.2022363e+00
1.681840000e+01  0.0000000e+00  3.5441758e-12  2.2807977e+00
1.688380000e+01  0.0000000e+00  3.5186192e-12  2.2584835e+00
1.694920000e+01  0.0000000e+00  3.4952431e-12  2.2422637e+00
1.701460000e+01  0.0000000e+00  3.4752297e-12  2.2281747e+00
1.708000000e+01  0.0000000e+00  3.4238705e-12  2.1765120e+00
1.714540000e+01  0.0000000e+00  3.3948099e-12  2.1510587e+00
1.721080000e+01  0.0000000e+00  3.3710358e-12  2.1277236e+00
1.727620000e+01  0.0000000e+00  3.2704639e-12  2.0297636e+00
1.734160000e+01  0.0000000e+00  3.2854244e-12  2.0467611e+00
1.740700000e+01  0.0000000e+00  3.1772811e-12  1.9421935e+00
1.747240000e+01  0.0000000e+00  3.1623322e-12  1.9302307e+00
1.753780000e+01  0.0000000e+00  3.1666956e-12  1.9421903e+00
1.760320000e+01  0.0000000e+00  3.1913736e-12  1.9769290e+00
1.766860000e+01  0.0000000e+00  3.0797967e-12  1.8567551e+00
1.773400000e+01  0.0000000e+00  3.0820380e-12  1.8638796e+00
1.779940000e+01  0.0000000e+00  2.9973613e-12  1.7830689e+00
1.786480000e+01  0.0000000e+00  2.9573782e-12  1.7463145e+00
1.793020000e+01  0.0000000e+00  2.9586031e-12  1.7522137e+00
1.799560000e+01  0.0000000e+00  2.9836706e-12  1.7810456e+00
1.806100000e+01  0.0000000e+00  2.9630690e-12  1.7641178e+00
1.812640000e+01  0.0000000e+00  2.9288202e-12  1.7341056e+00
1.819180000e+01  0.0000000e+00  3.0092799e-12  1.8252974e+00
1.825720000e+01  0.0000000e+00  3.0428114e-12  1.8691295e+00
1.832260000e+01  0.0000000e+00  3.0705906e-12  1.8896589e+00
1.838800000e+01  0.0000000e+00  2.9378424e-12  1.7552934e+00
1.845340000e+01  0.0000000e+00  2.9157757e-12  1.7378219e+00
1.851880000e+01  0.0000000e+00  2.8604228e-12  1.6880848e+00
1.858420000e+01  0.0000000e+00  2.8424503e-12  1.6728238e+00
1.864960000e+01  0.0000000e+00  2.9344361e-12  1.7691100e+00
1.871500000e+01  0.0000000e+00  2.8284212e-12  1.6663694e+00
1.878040000e+01  0.0000000e+00  2.7898885e-12  1.6288336e+00
1.884580000e+01  0.0000000e+00  2.7782373e-12  1.6204713e+00
1.891120000e+01  0.0000000e+00  2.8015932e-12  1.6503846e+00
1.897660000e+01  0.0000000e+00  2.9007317e-12  1.7591760e+00
1.904200000e+01  0.0000000e+00  2.8857236e-12  1.7403269e+00
1.910740000e+01  0.0000000e+00  2.7703946e-12  1.6302881e+00
1.917280000e+01  0.0000000e+00  2.7631570e-12  1.6261955e+00
1.923820000e+01  0.0000000e+00  2.8811275e-12  1.7565226e+00
1.930360000e+01  0.0000000e+00  2.8776348e-12  1.7507131e+00
1.936900000e+01  0.0000000e+00  2.8632501e-12  1.7489422e+00
1.943440000e+01  0.0000000e+00  2.7453682e-12  1.6253045e+00
1.949980000e+01  0.0000000e+00  2.6927440e-12  1.5699382e+00
1.956520000e+01  0.0000000e+00  2.7463440e-12  1.6326007e+00
1.963060000e+01  0.0000000e+00  2.7013336e-12  1.5881277e+00
1.969600000e+01  0.0000000e+00  2.7692942e-12  1.6560077e+00
1.976140000e+01  0.0000000e+00  2.7535019e-12  1.6476130e+00
1.982680000e+01  0.0000000e+00  2.7173166e-12  1.6204873e+00
1.989220000e+01  0.0000000e+00  2.7767303e-12  1.6821409e+00
1.995760000e+01  0.0000000e+00  2.7050507e-12  1.6077659e+00
