# 3D spectroscopic simulation - Spatial binning of 5 (193 calculations)
# ------------------------------------------------------------------------
# Radiance spectrum
# NASA-GSFC Planetary Spectrum Generator (PSG) (Villanueva et al. 2018, 2022)
# Synthesized on Wed Jan 22 19:59:27 2025
# Doppler velocities [km/s] (vobs,vrot+vorb,vwidth,vrfl,vstr): -21.10000,-0.00014,0.00000,0.00000,-0.00094
# ------------------------------------------------------------------------
# Spectra synthesized with the Planetary and Universal Model of Atmospheric Scattering (PUMAS, Villanueva et al. 2018, 2022)
# Multiple scattering method employing PSGDORT, NMAX:2 / LMAX:4 / gMAX:0.95
# Radiative transfer took 1.146 seconds
# ------------------------------------------------------------------------
# Spectral unit: Wavelength [um]
# Radiance unit: Spectral radiance [W/sr/m2/um]
# Wave/freq Total Noise Proxima-Cen-b
4.000000000e+00  0.0000000e+00  1.0326357e-12  1.4236475e-01
4.065400000e+00  0.0000000e+00  1.0490467e-12  9.4244106e-02
4.130800000e+00  0.0000000e+00  1.0918876e-12  7.2287584e-02
4.196200000e+00  0.0000000e+00  5.2568423e-13  1.2710961e-02
4.261600000e+00  0.0000000e+00  1.4796025e-13  1.0029710e-03
4.327000000e+00  0.0000000e+00  2.0317662e-13  1.9359071e-03
4.392400000e+00  0.0000000e+00  4.0541065e-13  8.1508179e-03
4.457800000e+00  0.0000000e+00  1.2778090e-12  8.0249909e-02
4.523200000e+00  0.0000000e+00  1.1362705e-12  8.2272945e-02
4.588600000e+00  0.0000000e+00  1.0166041e-12  7.9221090e-02
4.654000000e+00  0.0000000e+00  1.0057840e-12  8.3686734e-02
4.719400000e+00  0.0000000e+00  1.0295459e-12  7.5856466e-02
4.784800000e+00  0.0000000e+00  1.2148897e-12  9.6811606e-02
4.850200000e+00  0.0000000e+00  1.4751980e-12  1.2943525e-01
4.915600000e+00  0.0000000e+00  1.2539112e-12  1.1810272e-01
4.981000000e+00  0.0000000e+00  1.2732586e-12  1.2821993e-01
5.046400000e+00  0.0000000e+00  1.2716311e-12  1.3236241e-01
5.111800000e+00  0.0000000e+00  1.4668427e-12  1.6168101e-01
5.177200000e+00  0.0000000e+00  1.7176574e-12  1.9682391e-01
5.242600000e+00  0.0000000e+00  1.8010690e-12  2.1981403e-01
5.308000000e+00  0.0000000e+00  1.7931178e-12  2.3207914e-01
5.373400000e+00  0.0000000e+00  1.9759162e-12  2.7406661e-01
5.438800000e+00  0.0000000e+00  2.3402168e-12  3.6085258e-01
5.504200000e+00  0.0000000e+00  2.3249316e-12  3.6923593e-01
5.569600000e+00  0.0000000e+00  2.5615932e-12  4.2783737e-01
5.635000000e+00  0.0000000e+00  2.6351370e-12  4.4908406e-01
5.700400000e+00  0.0000000e+00  2.7104491e-12  4.7711977e-01
5.765800000e+00  0.0000000e+00  2.7448487e-12  4.9033350e-01
5.831200000e+00  0.0000000e+00  2.8306675e-12  5.2685526e-01
5.896600000e+00  0.0000000e+00  2.7970073e-12  5.1253887e-01
5.962000000e+00  0.0000000e+00  2.8570297e-12  5.3873171e-01
6.027400000e+00  0.0000000e+00  2.9589898e-12  5.8114646e-01
6.092800000e+00  0.0000000e+00  2.9848281e-12  5.9538720e-01
6.158200000e+00  0.0000000e+00  3.1804451e-12  6.8510555e-01
6.223600000e+00  0.0000000e+00  3.3911584e-12  7.9509173e-01
6.289000000e+00  0.0000000e+00  3.5036484e-12  8.6782256e-01
6.354400000e+00  0.0000000e+00  3.3391737e-12  7.7543651e-01
6.419800000e+00  0.0000000e+00  3.2367727e-12  7.3354732e-01
6.485200000e+00  0.0000000e+00  3.2167592e-12  7.3270919e-01
6.550600000e+00  0.0000000e+00  3.2611537e-12  7.6217298e-01
6.616000000e+00  0.0000000e+00  3.2986197e-12  7.8720120e-01
6.681400000e+00  0.0000000e+00  3.6264631e-12  9.6782963e-01
6.746800000e+00  0.0000000e+00  3.8307341e-12  1.1205819e+00
6.812200000e+00  0.0000000e+00  3.7730967e-12  1.0798177e+00
6.877600000e+00  0.0000000e+00  3.8194976e-12  1.1297541e+00
6.943000000e+00  0.0000000e+00  3.8038573e-12  1.1458218e+00
7.008400000e+00  0.0000000e+00  3.8712201e-12  1.2153731e+00
7.073800000e+00  0.0000000e+00  3.7117986e-12  1.1645388e+00
7.139200000e+00  0.0000000e+00  3.9253443e-12  1.2653401e+00
7.204600000e+00  0.0000000e+00  3.7364934e-12  1.2057257e+00
7.270000000e+00  0.0000000e+00  3.7754698e-12  1.2379134e+00
7.335400000e+00  0.0000000e+00  3.7306208e-12  1.2214795e+00
7.400800000e+00  0.0000000e+00  3.2297931e-12  9.8481360e-01
7.466200000e+00  0.0000000e+00  3.6916863e-12  1.2353112e+00
7.531600000e+00  0.0000000e+00  2.9445273e-12  8.7540105e-01
7.597000000e+00  0.0000000e+00  3.6267267e-12  1.2463202e+00
7.662400000e+00  0.0000000e+00  2.8357368e-12  8.2998547e-01
7.727800000e+00  0.0000000e+00  2.9295333e-12  8.8658809e-01
7.793200000e+00  0.0000000e+00  3.0192044e-12  9.3854114e-01
7.858600000e+00  0.0000000e+00  3.3686407e-12  1.1285261e+00
7.924000000e+00  0.0000000e+00  3.1593843e-12  1.0266069e+00
7.989400000e+00  0.0000000e+00  2.8807330e-12  8.8158477e-01
8.054800000e+00  0.0000000e+00  2.9761748e-12  9.4116092e-01
8.120200000e+00  0.0000000e+00  2.8640262e-12  8.9258873e-01
8.185600000e+00  0.0000000e+00  3.0219477e-12  9.8847964e-01
8.251000000e+00  0.0000000e+00  3.0469771e-12  1.0091051e+00
8.316400000e+00  0.0000000e+00  2.9829555e-12  9.7764384e-01
8.381800000e+00  0.0000000e+00  2.9564747e-12  9.6822629e-01
8.447200000e+00  0.0000000e+00  3.0142931e-12  1.0048631e+00
8.512600000e+00  0.0000000e+00  3.1498079e-12  1.0884153e+00
8.578000000e+00  0.0000000e+00  3.0748312e-12  1.0465702e+00
8.643400000e+00  0.0000000e+00  3.0520797e-12  1.0354025e+00
8.708800000e+00  0.0000000e+00  3.0949540e-12  1.0629975e+00
8.774200000e+00  0.0000000e+00  3.1482512e-12  1.0979263e+00
8.839600000e+00  0.0000000e+00  3.1502571e-12  1.0956900e+00
8.905000000e+00  0.0000000e+00  3.1939272e-12  1.1298999e+00
8.970400000e+00  0.0000000e+00  3.1739044e-12  1.1289309e+00
9.035800000e+00  0.0000000e+00  3.1902592e-12  1.1546630e+00
9.101200000e+00  0.0000000e+00  3.2076117e-12  1.1701548e+00
9.166600000e+00  0.0000000e+00  3.2734752e-12  1.2117602e+00
9.232000000e+00  0.0000000e+00  3.3976086e-12  1.2914369e+00
9.297400000e+00  0.0000000e+00  3.4735804e-12  1.3492192e+00
9.362800000e+00  0.0000000e+00  3.5300594e-12  1.3480268e+00
9.428200000e+00  0.0000000e+00  3.3217155e-12  1.1474283e+00
9.493600000e+00  0.0000000e+00  2.9911442e-12  9.2987324e-01
9.559000000e+00  0.0000000e+00  3.3211183e-12  1.1780050e+00
9.624400000e+00  0.0000000e+00  3.0323209e-12  9.7172628e-01
9.689800000e+00  0.0000000e+00  3.3175165e-12  1.1731586e+00
9.755200000e+00  0.0000000e+00  3.3474757e-12  1.2024496e+00
9.820600000e+00  0.0000000e+00  3.4808771e-12  1.3153859e+00
9.886000000e+00  0.0000000e+00  3.5774124e-12  1.4145219e+00
9.951400000e+00  0.0000000e+00  3.5991776e-12  1.4666667e+00
1.001680000e+01  0.0000000e+00  3.5504903e-12  1.4681088e+00
1.008220000e+01  0.0000000e+00  3.4753076e-12  1.4539093e+00
1.014760000e+01  0.0000000e+00  3.4584791e-12  1.4717217e+00
1.021300000e+01  0.0000000e+00  3.4749945e-12  1.5087407e+00
1.027840000e+01  0.0000000e+00  3.5129291e-12  1.5464020e+00
1.034380000e+01  0.0000000e+00  3.4505260e-12  1.5149902e+00
1.040920000e+01  0.0000000e+00  3.3881476e-12  1.4849297e+00
1.047460000e+01  0.0000000e+00  3.4698646e-12  1.5468774e+00
1.054000000e+01  0.0000000e+00  3.4917686e-12  1.5716241e+00
1.060540000e+01  0.0000000e+00  3.4747879e-12  1.5681240e+00
1.067080000e+01  0.0000000e+00  3.4480953e-12  1.5591899e+00
1.073620000e+01  0.0000000e+00  3.4203819e-12  1.5493209e+00
1.080160000e+01  0.0000000e+00  3.4120028e-12  1.5537041e+00
1.086700000e+01  0.0000000e+00  3.4020182e-12  1.5543777e+00
1.093240000e+01  0.0000000e+00  3.3966761e-12  1.5579190e+00
1.099780000e+01  0.0000000e+00  3.4153801e-12  1.5820151e+00
1.106320000e+01  0.0000000e+00  3.3966246e-12  1.5729221e+00
1.112860000e+01  0.0000000e+00  3.3967836e-12  1.5803903e+00
1.119400000e+01  0.0000000e+00  3.3962625e-12  1.5873373e+00
1.125940000e+01  0.0000000e+00  3.4188681e-12  1.6145622e+00
1.132480000e+01  0.0000000e+00  3.4033080e-12  1.6080853e+00
1.139020000e+01  0.0000000e+00  3.4016176e-12  1.6137044e+00
1.145560000e+01  0.0000000e+00  3.4038653e-12  1.6228400e+00
1.152100000e+01  0.0000000e+00  3.3974578e-12  1.6241832e+00
1.158640000e+01  0.0000000e+00  3.3975165e-12  1.6306814e+00
1.165180000e+01  0.0000000e+00  3.3932319e-12  1.6340098e+00
1.171720000e+01  0.0000000e+00  3.4458071e-12  1.6899416e+00
1.178260000e+01  0.0000000e+00  3.4076411e-12  1.6609274e+00
1.184800000e+01  0.0000000e+00  3.3891247e-12  1.6505057e+00
1.191340000e+01  0.0000000e+00  3.3958101e-12  1.6636211e+00
1.197880000e+01  0.0000000e+00  3.3840021e-12  1.6592228e+00
1.204420000e+01  0.0000000e+00  3.3911163e-12  1.6708925e+00
1.210960000e+01  0.0000000e+00  3.4035209e-12  1.6899341e+00
1.217500000e+01  0.0000000e+00  3.3921717e-12  1.6837239e+00
1.224040000e+01  0.0000000e+00  3.4078253e-12  1.7019688e+00
1.230580000e+01  0.0000000e+00  3.4341206e-12  1.7301623e+00
1.237120000e+01  0.0000000e+00  3.4569070e-12  1.7547261e+00
1.243660000e+01  0.0000000e+00  3.4740552e-12  1.7762561e+00
1.250200000e+01  0.0000000e+00  3.5080983e-12  1.8161394e+00
1.256740000e+01  0.0000000e+00  3.5096717e-12  1.8268985e+00
1.263280000e+01  0.0000000e+00  3.8359086e-12  2.1013483e+00
1.269820000e+01  0.0000000e+00  3.4017267e-12  1.7371229e+00
1.276360000e+01  0.0000000e+00  3.4571746e-12  1.7925215e+00
1.282900000e+01  0.0000000e+00  3.4609954e-12  1.7992001e+00
1.289440000e+01  0.0000000e+00  3.4742348e-12  1.8160963e+00
1.295980000e+01  0.0000000e+00  3.5218981e-12  1.8597825e+00
1.302520000e+01  0.0000000e+00  3.5813192e-12  1.9205072e+00
1.309060000e+01  0.0000000e+00  3.6604900e-12  1.9955498e+00
1.315600000e+01  0.0000000e+00  3.8135553e-12  2.1497682e+00
1.322140000e+01  0.0000000e+00  4.0120510e-12  2.3558946e+00
1.328680000e+01  0.0000000e+00  4.1234961e-12  2.4800598e+00
1.335220000e+01  0.0000000e+00  4.2223241e-12  2.5923749e+00
1.341760000e+01  0.0000000e+00  4.2690941e-12  2.6508328e+00
1.348300000e+01  0.0000000e+00  4.2010608e-12  2.5608674e+00
1.354840000e+01  0.0000000e+00  4.2975426e-12  2.6953931e+00
1.361380000e+01  0.0000000e+00  4.2384361e-12  2.6330843e+00
1.367920000e+01  0.0000000e+00  4.2148635e-12  2.6170998e+00
1.374460000e+01  0.0000000e+00  4.2659318e-12  2.6947906e+00
1.381000000e+01  0.0000000e+00  4.2153236e-12  2.6448047e+00
1.387540000e+01  0.0000000e+00  3.2379176e-12  1.5640385e+00
1.394080000e+01  0.0000000e+00  4.0383263e-12  2.4471699e+00
1.400620000e+01  0.0000000e+00  3.9495654e-12  2.3512928e+00
1.407160000e+01  0.0000000e+00  3.8161324e-12  2.2068889e+00
1.413700000e+01  0.0000000e+00  3.6031357e-12  1.9769055e+00
1.420240000e+01  0.0000000e+00  3.3202499e-12  1.6868487e+00
1.426780000e+01  0.0000000e+00  3.0828009e-12  1.4605810e+00
1.433320000e+01  0.0000000e+00  2.9048569e-12  1.3019737e+00
1.439860000e+01  0.0000000e+00  2.6713549e-12  1.1043788e+00
1.446400000e+01  0.0000000e+00  2.5997647e-12  1.0503017e+00
1.452940000e+01  0.0000000e+00  2.5295578e-12  9.9838087e-01
1.459480000e+01  0.0000000e+00  2.4698579e-12  9.5577801e-01
1.466020000e+01  0.0000000e+00  2.4542700e-12  9.4792884e-01
1.472560000e+01  0.0000000e+00  2.4455677e-12  9.4541538e-01
1.479100000e+01  0.0000000e+00  2.4222733e-12  9.3152493e-01
1.485640000e+01  0.0000000e+00  2.4247669e-12  9.3759457e-01
1.492180000e+01  0.0000000e+00  2.3994973e-12  9.2209161e-01
1.498720000e+01  0.0000000e+00  2.3393127e-12  8.8007068e-01
1.505260000e+01  0.0000000e+00  2.4067153e-12  9.3587369e-01
1.511800000e+01  0.0000000e+00  2.4010823e-12  9.3550631e-01
1.518340000e+01  0.0000000e+00  2.4153116e-12  9.5080840e-01
1.524880000e+01  0.0000000e+00  2.4122789e-12  9.5250613e-01
1.531420000e+01  0.0000000e+00  2.4032258e-12  9.4939177e-01
1.537960000e+01  0.0000000e+00  2.3922707e-12  9.4471001e-01
1.544500000e+01  0.0000000e+00  2.4632744e-12  1.0063060e+00
1.551040000e+01  0.0000000e+00  2.4733729e-12  1.0189672e+00
1.557580000e+01  0.0000000e+00  2.5484696e-12  1.0869406e+00
1.564120000e+01  0.0000000e+00  2.6567487e-12  1.1872762e+00
1.570660000e+01  0.0000000e+00  2.6999085e-12  1.2314501e+00
1.577200000e+01  0.0000000e+00  2.8141144e-12  1.3442206e+00
1.583740000e+01  0.0000000e+00  2.9864387e-12  1.5210443e+00
1.590280000e+01  0.0000000e+00  3.1169396e-12  1.6635173e+00
1.596820000e+01  0.0000000e+00  3.3327863e-12  1.9086238e+00
1.603360000e+01  0.0000000e+00  3.3925075e-12  1.9846913e+00
1.609900000e+01  0.0000000e+00  3.6601320e-12  2.3191424e+00
1.616440000e+01  0.0000000e+00  3.1448186e-12  1.7188331e+00
1.622980000e+01  0.0000000e+00  3.2541198e-12  1.8479942e+00
1.629520000e+01  0.0000000e+00  3.5861573e-12  2.2532454e+00
1.636060000e+01  0.0000000e+00  3.6558993e-12  2.3521186e+00
1.642600000e+01  0.0000000e+00  3.5291342e-12  2.1994181e+00
1.649140000e+01  0.0000000e+00  3.6019691e-12  2.3017440e+00
1.655680000e+01  0.0000000e+00  3.5267221e-12  2.2143001e+00
1.662220000e+01  0.0000000e+00  3.5847690e-12  2.3008991e+00
1.668760000e+01  0.0000000e+00  3.5370419e-12  2.2478057e+00
1.675300000e+01  0.0000000e+00  3.4798166e-12  2.1818031e+00
1.681840000e+01  0.0000000e+00  3.4979969e-12  2.2210461e+00
1.688380000e+01  0.0000000e+00  3.4850844e-12  2.2203274e+00
1.694920000e+01  0.0000000e+00  3.3924153e-12  2.1183096e+00
1.701460000e+01  0.0000000e+00  3.3499629e-12  2.0781914e+00
1.708000000e+01  0.0000000e+00  3.2822323e-12  2.0119182e+00
1.714540000e+01  0.0000000e+00  3.2390089e-12  1.9718237e+00
1.721080000e+01  0.0000000e+00  3.3080961e-12  2.0703271e+00
1.727620000e+01  0.0000000e+00  3.0654042e-12  1.8041177e+00
1.734160000e+01  0.0000000e+00  3.1720027e-12  1.9323050e+00
1.740700000e+01  0.0000000e+00  2.9566598e-12  1.7057506e+00
1.747240000e+01  0.0000000e+00  2.9438734e-12  1.6961126e+00
1.753780000e+01  0.0000000e+00  3.0013398e-12  1.7748374e+00
1.760320000e+01  0.0000000e+00  3.0618200e-12  1.8528302e+00
1.766860000e+01  0.0000000e+00  2.8866745e-12  1.6569575e+00
1.773400000e+01  0.0000000e+00  2.9196567e-12  1.7022103e+00
1.779940000e+01  0.0000000e+00  2.7559368e-12  1.5291680e+00
1.786480000e+01  0.0000000e+00  2.7068962e-12  1.4828000e+00
1.793020000e+01  0.0000000e+00  2.7163642e-12  1.4984154e+00
1.799560000e+01  0.0000000e+00  2.7756015e-12  1.5661578e+00
1.806100000e+01  0.0000000e+00  2.7541466e-12  1.5485178e+00
1.812640000e+01  0.0000000e+00  2.6981762e-12  1.4935305e+00
1.819180000e+01  0.0000000e+00  2.8421631e-12  1.6579650e+00
1.825720000e+01  0.0000000e+00  2.9038728e-12  1.7350876e+00
1.832260000e+01  0.0000000e+00  3.0309621e-12  1.8662850e+00
1.838800000e+01  0.0000000e+00  2.7458673e-12  1.5547554e+00
1.845340000e+01  0.0000000e+00  2.7477352e-12  1.5690017e+00
1.851880000e+01  0.0000000e+00  2.6427662e-12  1.4628428e+00
1.858420000e+01  0.0000000e+00  2.6225441e-12  1.4444783e+00
1.864960000e+01  0.0000000e+00  2.8287009e-12  1.6711079e+00
1.871500000e+01  0.0000000e+00  2.6138515e-12  1.4440318e+00
1.878040000e+01  0.0000000e+00  2.5677262e-12  1.3974249e+00
1.884580000e+01  0.0000000e+00  2.5577200e-12  1.3907292e+00
1.891120000e+01  0.0000000e+00  2.5969112e-12  1.4396055e+00
1.897660000e+01  0.0000000e+00  2.7941163e-12  1.6592913e+00
1.904200000e+01  0.0000000e+00  2.8109633e-12  1.6751190e+00
1.910740000e+01  0.0000000e+00  2.5719481e-12  1.4271031e+00
1.917280000e+01  0.0000000e+00  2.5691467e-12  1.4277677e+00
1.923820000e+01  0.0000000e+00  2.8075836e-12  1.6955092e+00
1.930360000e+01  0.0000000e+00  2.8593553e-12  1.7518886e+00
1.936900000e+01  0.0000000e+00  2.7802013e-12  1.6771092e+00
1.943440000e+01  0.0000000e+00  2.5647197e-12  1.4428657e+00
1.949980000e+01  0.0000000e+00  2.5029122e-12  1.3765637e+00
1.956520000e+01  0.0000000e+00  2.5933111e-12  1.4814021e+00
1.963060000e+01  0.0000000e+00  2.5267677e-12  1.4120871e+00
1.969600000e+01  0.0000000e+00  2.7172592e-12  1.6164545e+00
1.976140000e+01  0.0000000e+00  2.6698790e-12  1.5732117e+00
1.982680000e+01  0.0000000e+00  2.5684804e-12  1.4747631e+00
1.989220000e+01  0.0000000e+00  2.7396009e-12  1.6603828e+00
1.995760000e+01  0.0000000e+00  2.5975078e-12  1.5060031e+00
