# 3D spectroscopic simulation - Spatial binning of 5 (193 calculations)
# ------------------------------------------------------------------------
# Radiance spectrum
# NASA-GSFC Planetary Spectrum Generator (PSG) (Villanueva et al. 2018, 2022)
# Synthesized on Tue Jan 21 15:20:47 2025
# Doppler velocities [km/s] (vobs,vrot+vorb,vwidth,vrfl,vstr): -21.10000,0.00018,0.00000,-0.00000,-0.00070
# ------------------------------------------------------------------------
# Spectra synthesized with the Planetary and Universal Model of Atmospheric Scattering (PUMAS, Villanueva et al. 2018, 2022)
# Multiple scattering method employing PSGDORT, NMAX:2 / LMAX:4 / gMAX:0.95
# Radiative transfer took 2.181 seconds
# ------------------------------------------------------------------------
# Spectral unit: Wavelength [um]
# Radiance unit: Spectral radiance [W/sr/m2/um]
# Wave/freq Total Noise Proxima-Cen-b
4.000000000e+00  0.0000000e+00  3.2641680e-13  2.1481428e-02
4.065400000e+00  0.0000000e+00  2.8116347e-13  1.4304076e-02
4.130800000e+00  0.0000000e+00  3.1690390e-13  1.6298351e-02
4.196200000e+00  0.0000000e+00  2.1742738e-13  5.0784610e-03
4.261600000e+00  0.0000000e+00  1.5294570e-13  1.0724632e-03
4.327000000e+00  0.0000000e+00  1.3969899e-13  1.1563848e-03
4.392400000e+00  0.0000000e+00  1.8865118e-13  3.0216565e-03
4.457800000e+00  0.0000000e+00  5.8656701e-13  3.8296746e-02
4.523200000e+00  0.0000000e+00  3.8441266e-13  2.8404066e-02
4.588600000e+00  0.0000000e+00  3.4988267e-13  2.7674041e-02
4.654000000e+00  0.0000000e+00  3.5640701e-13  2.9803149e-02
4.719400000e+00  0.0000000e+00  4.4678626e-13  3.1214068e-02
4.784800000e+00  0.0000000e+00  5.7282171e-13  4.6429003e-02
4.850200000e+00  0.0000000e+00  7.5281888e-13  7.0801119e-02
4.915600000e+00  0.0000000e+00  7.0979686e-13  6.9575037e-02
4.981000000e+00  0.0000000e+00  8.3341747e-13  8.7491544e-02
5.046400000e+00  0.0000000e+00  9.3492086e-13  1.0212630e-01
5.111800000e+00  0.0000000e+00  1.2303559e-12  1.4755933e-01
5.177200000e+00  0.0000000e+00  1.4574839e-12  1.8927726e-01
5.242600000e+00  0.0000000e+00  1.6108979e-12  2.2795281e-01
5.308000000e+00  0.0000000e+00  1.7180830e-12  2.6079108e-01
5.373400000e+00  0.0000000e+00  1.8603293e-12  3.0324812e-01
5.438800000e+00  0.0000000e+00  1.9764312e-12  3.4067738e-01
5.504200000e+00  0.0000000e+00  2.0769459e-12  3.7856571e-01
5.569600000e+00  0.0000000e+00  2.0314545e-12  3.5995722e-01
5.635000000e+00  0.0000000e+00  2.0084220e-12  3.5225226e-01
5.700400000e+00  0.0000000e+00  2.0042942e-12  3.5132685e-01
5.765800000e+00  0.0000000e+00  2.0149414e-12  3.5655688e-01
5.831200000e+00  0.0000000e+00  2.0635223e-12  3.7524026e-01
5.896600000e+00  0.0000000e+00  1.9247816e-12  3.2898590e-01
5.962000000e+00  0.0000000e+00  1.9568200e-12  3.4086371e-01
6.027400000e+00  0.0000000e+00  2.0818515e-12  3.8579211e-01
6.092800000e+00  0.0000000e+00  2.0735570e-12  3.7968041e-01
6.158200000e+00  0.0000000e+00  2.2712311e-12  4.5770582e-01
6.223600000e+00  0.0000000e+00  2.6947541e-12  6.4639516e-01
6.289000000e+00  0.0000000e+00  2.9800285e-12  7.9250334e-01
6.354400000e+00  0.0000000e+00  2.4481079e-12  5.2200434e-01
6.419800000e+00  0.0000000e+00  2.3005855e-12  4.5830014e-01
6.485200000e+00  0.0000000e+00  2.2764307e-12  4.4667137e-01
6.550600000e+00  0.0000000e+00  2.3305037e-12  4.6718376e-01
6.616000000e+00  0.0000000e+00  2.3882568e-12  4.9003744e-01
6.681400000e+00  0.0000000e+00  2.8230527e-12  6.9185429e-01
6.746800000e+00  0.0000000e+00  3.3768693e-12  9.9896658e-01
6.812200000e+00  0.0000000e+00  3.1187603e-12  8.4654303e-01
6.877600000e+00  0.0000000e+00  3.3492787e-12  9.6980986e-01
6.943000000e+00  0.0000000e+00  3.5530963e-12  1.0917336e+00
7.008400000e+00  0.0000000e+00  3.6724576e-12  1.1709027e+00
7.073800000e+00  0.0000000e+00  3.9262198e-12  1.3486506e+00
7.139200000e+00  0.0000000e+00  3.7205219e-12  1.1993214e+00
7.204600000e+00  0.0000000e+00  4.0498984e-12  1.4369593e+00
7.270000000e+00  0.0000000e+00  4.0825015e-12  1.4623578e+00
7.335400000e+00  0.0000000e+00  4.1426172e-12  1.5109349e+00
7.400800000e+00  0.0000000e+00  4.2873358e-12  1.6526641e+00
7.466200000e+00  0.0000000e+00  4.2766556e-12  1.6292215e+00
7.531600000e+00  0.0000000e+00  4.3679974e-12  1.7536955e+00
7.597000000e+00  0.0000000e+00  4.4361660e-12  1.7826504e+00
7.662400000e+00  0.0000000e+00  4.4036263e-12  1.8104849e+00
7.727800000e+00  0.0000000e+00  4.4675308e-12  1.8690095e+00
7.793200000e+00  0.0000000e+00  4.5209291e-12  1.9192356e+00
7.858600000e+00  0.0000000e+00  4.5798430e-12  1.9579723e+00
7.924000000e+00  0.0000000e+00  4.6023518e-12  2.0048288e+00
7.989400000e+00  0.0000000e+00  4.5780896e-12  2.0181829e+00
8.054800000e+00  0.0000000e+00  4.6254309e-12  2.0672480e+00
8.120200000e+00  0.0000000e+00  4.6259167e-12  2.0936567e+00
8.185600000e+00  0.0000000e+00  4.6925090e-12  2.1554557e+00
8.251000000e+00  0.0000000e+00  4.7183483e-12  2.1928504e+00
8.316400000e+00  0.0000000e+00  4.7195916e-12  2.2155822e+00
8.381800000e+00  0.0000000e+00  4.7343250e-12  2.2478902e+00
8.447200000e+00  0.0000000e+00  4.7627976e-12  2.2855909e+00
8.512600000e+00  0.0000000e+00  4.8093054e-12  2.3340141e+00
8.578000000e+00  0.0000000e+00  4.8021435e-12  2.3501148e+00
8.643400000e+00  0.0000000e+00  4.8021282e-12  2.3689087e+00
8.708800000e+00  0.0000000e+00  4.8194722e-12  2.3982849e+00
8.774200000e+00  0.0000000e+00  4.8372803e-12  2.4278119e+00
8.839600000e+00  0.0000000e+00  4.8293013e-12  2.4355558e+00
8.905000000e+00  0.0000000e+00  4.8464061e-12  2.4655886e+00
8.970400000e+00  0.0000000e+00  4.8571701e-12  2.4958597e+00
9.035800000e+00  0.0000000e+00  4.8868483e-12  2.5432806e+00
9.101200000e+00  0.0000000e+00  4.8949044e-12  2.5669643e+00
9.166600000e+00  0.0000000e+00  4.9098419e-12  2.5924977e+00
9.232000000e+00  0.0000000e+00  4.9426116e-12  2.6313249e+00
9.297400000e+00  0.0000000e+00  4.9715789e-12  2.6732160e+00
9.362800000e+00  0.0000000e+00  4.8417542e-12  2.5441714e+00
9.428200000e+00  0.0000000e+00  4.1651491e-12  1.8710700e+00
9.493600000e+00  0.0000000e+00  3.6582748e-12  1.4419338e+00
9.559000000e+00  0.0000000e+00  4.3317307e-12  2.0597902e+00
9.624400000e+00  0.0000000e+00  3.7970541e-12  1.5810684e+00
9.689800000e+00  0.0000000e+00  4.1329188e-12  1.8874203e+00
9.755200000e+00  0.0000000e+00  4.1688207e-12  1.9325542e+00
9.820600000e+00  0.0000000e+00  4.3870067e-12  2.1591093e+00
9.886000000e+00  0.0000000e+00  4.6264905e-12  2.4257961e+00
9.951400000e+00  0.0000000e+00  4.8177795e-12  2.6585423e+00
1.001680000e+01  0.0000000e+00  4.9287944e-12  2.8114141e+00
1.008220000e+01  0.0000000e+00  4.9934253e-12  2.9144149e+00
1.014760000e+01  0.0000000e+00  5.0248360e-12  2.9709125e+00
1.021300000e+01  0.0000000e+00  5.0470991e-12  3.0125296e+00
1.027840000e+01  0.0000000e+00  5.0584578e-12  3.0388776e+00
1.034380000e+01  0.0000000e+00  5.0428526e-12  3.0454071e+00
1.040920000e+01  0.0000000e+00  5.0263018e-12  3.0514845e+00
1.047460000e+01  0.0000000e+00  5.0443210e-12  3.0796503e+00
1.054000000e+01  0.0000000e+00  5.0463972e-12  3.0970942e+00
1.060540000e+01  0.0000000e+00  5.0382731e-12  3.1067863e+00
1.067080000e+01  0.0000000e+00  5.0259034e-12  3.1128356e+00
1.073620000e+01  0.0000000e+00  5.0113200e-12  3.1164751e+00
1.080160000e+01  0.0000000e+00  5.0012621e-12  3.1230787e+00
1.086700000e+01  0.0000000e+00  4.9903080e-12  3.1283584e+00
1.093240000e+01  0.0000000e+00  4.9798472e-12  3.1333970e+00
1.099780000e+01  0.0000000e+00  4.9766703e-12  3.1444080e+00
1.106320000e+01  0.0000000e+00  4.9603300e-12  3.1431150e+00
1.112860000e+01  0.0000000e+00  4.9498711e-12  3.1467390e+00
1.119400000e+01  0.0000000e+00  4.9392049e-12  3.1500009e+00
1.125940000e+01  0.0000000e+00  4.9349789e-12  3.1583630e+00
1.132480000e+01  0.0000000e+00  4.9197487e-12  3.1573757e+00
1.139020000e+01  0.0000000e+00  4.9081642e-12  3.1591047e+00
1.145560000e+01  0.0000000e+00  4.8976152e-12  3.1614789e+00
1.152100000e+01  0.0000000e+00  4.8842999e-12  3.1611837e+00
1.158640000e+01  0.0000000e+00  4.8722692e-12  3.1613842e+00
1.165180000e+01  0.0000000e+00  4.8588558e-12  3.1602864e+00
1.171720000e+01  0.0000000e+00  4.8630228e-12  3.1753338e+00
1.178260000e+01  0.0000000e+00  4.8386593e-12  3.1633120e+00
1.184800000e+01  0.0000000e+00  4.8205175e-12  3.1571732e+00
1.191340000e+01  0.0000000e+00  4.8102070e-12  3.1581471e+00
1.197880000e+01  0.0000000e+00  4.7936505e-12  3.1529421e+00
1.204420000e+01  0.0000000e+00  4.7828766e-12  3.1526726e+00
1.210960000e+01  0.0000000e+00  4.7733579e-12  3.1536598e+00
1.217500000e+01  0.0000000e+00  4.7565974e-12  3.1473729e+00
1.224040000e+01  0.0000000e+00  4.7474683e-12  3.1477350e+00
1.230580000e+01  0.0000000e+00  4.7404871e-12  3.1498269e+00
1.237120000e+01  0.0000000e+00  4.7312902e-12  3.1492764e+00
1.243660000e+01  0.0000000e+00  4.7212216e-12  3.1485638e+00
1.250200000e+01  0.0000000e+00  4.7122487e-12  3.1479918e+00
1.256740000e+01  0.0000000e+00  4.6982854e-12  3.1437489e+00
1.263280000e+01  0.0000000e+00  4.7230281e-12  3.1588736e+00
1.269820000e+01  0.0000000e+00  4.6437402e-12  3.1096099e+00
1.276360000e+01  0.0000000e+00  4.6399495e-12  3.1124293e+00
1.282900000e+01  0.0000000e+00  4.6264744e-12  3.1072477e+00
1.289440000e+01  0.0000000e+00  4.6140307e-12  3.1026786e+00
1.295980000e+01  0.0000000e+00  4.6082748e-12  3.1027968e+00
1.302520000e+01  0.0000000e+00  4.6052956e-12  3.1071126e+00
1.309060000e+01  0.0000000e+00  4.5951337e-12  3.1001228e+00
1.315600000e+01  0.0000000e+00  4.6014816e-12  3.1103200e+00
1.322140000e+01  0.0000000e+00  4.5890346e-12  3.0935781e+00
1.328680000e+01  0.0000000e+00  4.5567823e-12  3.0559223e+00
1.335220000e+01  0.0000000e+00  4.4926947e-12  2.9759734e+00
1.341760000e+01  0.0000000e+00  4.4212196e-12  2.8896758e+00
1.348300000e+01  0.0000000e+00  4.0809479e-12  2.4561689e+00
1.354840000e+01  0.0000000e+00  4.1970712e-12  2.6171432e+00
1.361380000e+01  0.0000000e+00  4.1279689e-12  2.5415283e+00
1.367920000e+01  0.0000000e+00  4.1124130e-12  2.5348867e+00
1.374460000e+01  0.0000000e+00  4.1872789e-12  2.6437560e+00
1.381000000e+01  0.0000000e+00  4.1299296e-12  2.5831253e+00
1.387540000e+01  0.0000000e+00  3.1063305e-12  1.4447326e+00
1.394080000e+01  0.0000000e+00  3.8519105e-12  2.2566680e+00
1.400620000e+01  0.0000000e+00  3.7437985e-12  2.1377269e+00
1.407160000e+01  0.0000000e+00  3.6019152e-12  1.9840193e+00
1.413700000e+01  0.0000000e+00  3.3977408e-12  1.7678172e+00
1.420240000e+01  0.0000000e+00  3.1454494e-12  1.5170901e+00
1.426780000e+01  0.0000000e+00  2.9332220e-12  1.3220929e+00
1.433320000e+01  0.0000000e+00  2.7726143e-12  1.1848038e+00
1.439860000e+01  0.0000000e+00  2.5790939e-12  1.0282239e+00
1.446400000e+01  0.0000000e+00  2.5204936e-12  9.8624732e-01
1.452940000e+01  0.0000000e+00  2.4715110e-12  9.5250459e-01
1.459480000e+01  0.0000000e+00  2.4366001e-12  9.3003183e-01
1.466020000e+01  0.0000000e+00  2.4259125e-12  9.2603092e-01
1.472560000e+01  0.0000000e+00  2.4204824e-12  9.2604811e-01
1.479100000e+01  0.0000000e+00  2.4041685e-12  9.1765237e-01
1.485640000e+01  0.0000000e+00  2.4042446e-12  9.2176742e-01
1.492180000e+01  0.0000000e+00  2.3861109e-12  9.1186731e-01
1.498720000e+01  0.0000000e+00  2.3428321e-12  8.8274468e-01
1.505260000e+01  0.0000000e+00  2.3881996e-12  9.2152476e-01
1.511800000e+01  0.0000000e+00  2.3817725e-12  9.2050116e-01
1.518340000e+01  0.0000000e+00  2.3906069e-12  9.3138311e-01
1.524880000e+01  0.0000000e+00  2.3868246e-12  9.3242184e-01
1.531420000e+01  0.0000000e+00  2.3789245e-12  9.3021330e-01
1.537960000e+01  0.0000000e+00  2.3678319e-12  9.2541708e-01
1.544500000e+01  0.0000000e+00  2.4083435e-12  9.6137747e-01
1.551040000e+01  0.0000000e+00  2.4149388e-12  9.7077546e-01
1.557580000e+01  0.0000000e+00  2.4681953e-12  1.0185233e+00
1.564120000e+01  0.0000000e+00  2.5517886e-12  1.0939246e+00
1.570660000e+01  0.0000000e+00  2.5929090e-12  1.1346263e+00
1.577200000e+01  0.0000000e+00  2.6904654e-12  1.2279689e+00
1.583740000e+01  0.0000000e+00  2.8403084e-12  1.3768070e+00
1.590280000e+01  0.0000000e+00  2.9569517e-12  1.5005466e+00
1.596820000e+01  0.0000000e+00  3.1542389e-12  1.7195384e+00
1.603360000e+01  0.0000000e+00  3.2234162e-12  1.8054509e+00
1.609900000e+01  0.0000000e+00  3.5235522e-12  2.1774684e+00
1.616440000e+01  0.0000000e+00  3.0015550e-12  1.5733314e+00
1.622980000e+01  0.0000000e+00  3.1020794e-12  1.6894117e+00
1.629520000e+01  0.0000000e+00  3.4370395e-12  2.0949000e+00
1.636060000e+01  0.0000000e+00  3.5399145e-12  2.2357458e+00
1.642600000e+01  0.0000000e+00  3.3977283e-12  2.0629514e+00
1.649140000e+01  0.0000000e+00  3.5100921e-12  2.2155025e+00
1.655680000e+01  0.0000000e+00  3.4268995e-12  2.1169208e+00
1.662220000e+01  0.0000000e+00  3.5570486e-12  2.2961311e+00
1.668760000e+01  0.0000000e+00  3.4969145e-12  2.2255977e+00
1.675300000e+01  0.0000000e+00  3.3925305e-12  2.0985226e+00
1.681840000e+01  0.0000000e+00  3.5274900e-12  2.2854990e+00
1.688380000e+01  0.0000000e+00  3.5433521e-12  2.3172681e+00
1.694920000e+01  0.0000000e+00  3.5722223e-12  2.3681774e+00
1.701460000e+01  0.0000000e+00  3.5778926e-12  2.3868923e+00
1.708000000e+01  0.0000000e+00  3.5735111e-12  2.3932166e+00
1.714540000e+01  0.0000000e+00  3.5652520e-12  2.3928989e+00
1.721080000e+01  0.0000000e+00  3.5046582e-12  2.3169859e+00
1.727620000e+01  0.0000000e+00  3.5418491e-12  2.3876714e+00
1.734160000e+01  0.0000000e+00  3.4875929e-12  2.3168341e+00
1.740700000e+01  0.0000000e+00  3.4960251e-12  2.3485522e+00
1.747240000e+01  0.0000000e+00  3.4756972e-12  2.3293755e+00
1.753780000e+01  0.0000000e+00  3.4493270e-12  2.2998413e+00
1.760320000e+01  0.0000000e+00  3.4365048e-12  2.2887022e+00
1.766860000e+01  0.0000000e+00  3.4039140e-12  2.2592594e+00
1.773400000e+01  0.0000000e+00  3.3809370e-12  2.2349855e+00
1.779940000e+01  0.0000000e+00  3.3719894e-12  2.2399781e+00
1.786480000e+01  0.0000000e+00  3.3462884e-12  2.2161407e+00
1.793020000e+01  0.0000000e+00  3.3354807e-12  2.2086529e+00
1.799560000e+01  0.0000000e+00  3.3240405e-12  2.1968848e+00
1.806100000e+01  0.0000000e+00  3.3064500e-12  2.1819331e+00
1.812640000e+01  0.0000000e+00  3.2922077e-12  2.1735528e+00
1.819180000e+01  0.0000000e+00  3.2914826e-12  2.1727218e+00
1.825720000e+01  0.0000000e+00  3.2862705e-12  2.1711907e+00
1.832260000e+01  0.0000000e+00  3.2200638e-12  2.0811908e+00
1.838800000e+01  0.0000000e+00  3.2422190e-12  2.1309913e+00
1.845340000e+01  0.0000000e+00  3.2122007e-12  2.0987045e+00
1.851880000e+01  0.0000000e+00  3.2054251e-12  2.1030653e+00
1.858420000e+01  0.0000000e+00  3.1887413e-12  2.0885194e+00
1.864960000e+01  0.0000000e+00  3.1626507e-12  2.0493831e+00
1.871500000e+01  0.0000000e+00  3.1628717e-12  2.0681360e+00
1.878040000e+01  0.0000000e+00  3.1376194e-12  2.0433099e+00
1.884580000e+01  0.0000000e+00  3.1233999e-12  2.0314831e+00
1.891120000e+01  0.0000000e+00  3.1242301e-12  2.0376538e+00
1.897660000e+01  0.0000000e+00  3.1106351e-12  2.0165905e+00
1.904200000e+01  0.0000000e+00  3.0680424e-12  1.9646303e+00
1.910740000e+01  0.0000000e+00  3.0845984e-12  2.0061639e+00
1.917280000e+01  0.0000000e+00  3.0707828e-12  1.9942863e+00
1.923820000e+01  0.0000000e+00  3.0465985e-12  1.9580958e+00
1.930360000e+01  0.0000000e+00  2.9944510e-12  1.8926664e+00
1.936900000e+01  0.0000000e+00  3.0314352e-12  1.9529732e+00
1.943440000e+01  0.0000000e+00  3.0244531e-12  1.9594327e+00
1.949980000e+01  0.0000000e+00  2.9939893e-12  1.9272966e+00
1.956520000e+01  0.0000000e+00  2.9931168e-12  1.9288883e+00
1.963060000e+01  0.0000000e+00  2.9783739e-12  1.9183128e+00
1.969600000e+01  0.0000000e+00  2.9270516e-12  1.8472642e+00
1.976140000e+01  0.0000000e+00  2.9373181e-12  1.8697188e+00
1.982680000e+01  0.0000000e+00  2.9530842e-12  1.9029489e+00
1.989220000e+01  0.0000000e+00  2.8972683e-12  1.8270131e+00
1.995760000e+01  0.0000000e+00  2.9027972e-12  1.8455093e+00
