# 3D spectroscopic simulation - Spatial binning of 5 (194 calculations)
# ------------------------------------------------------------------------
# Radiance spectrum
# NASA-GSFC Planetary Spectrum Generator (PSG) (Villanueva et al. 2018, 2022)
# Synthesized on Tue Jan 21 14:55:41 2025
# Doppler velocities [km/s] (vobs,vrot+vorb,vwidth,vrfl,vstr): -21.10000,0.00038,0.00000,-0.00000,0.00062
# ------------------------------------------------------------------------
# Spectra synthesized with the Planetary and Universal Model of Atmospheric Scattering (PUMAS, Villanueva et al. 2018, 2022)
# Multiple scattering method employing PSGDORT, NMAX:2 / LMAX:4 / gMAX:0.95
# Radiative transfer took 2.622 seconds
# ------------------------------------------------------------------------
# Spectral unit: Wavelength [um]
# Radiance unit: Spectral radiance [W/sr/m2/um]
# Wave/freq Total Noise Proxima-Cen-b
4.000000000e+00  0.0000000e+00  3.8202917e-13  3.0829572e-02
4.065400000e+00  0.0000000e+00  2.5471586e-13  1.4086178e-02
4.130800000e+00  0.0000000e+00  2.0860728e-13  1.0916974e-02
4.196200000e+00  0.0000000e+00  1.1819948e-13  2.4468137e-03
4.261600000e+00  0.0000000e+00  1.5651305e-13  1.1228189e-03
4.327000000e+00  0.0000000e+00  1.4999197e-13  1.2369946e-03
4.392400000e+00  0.0000000e+00  1.4826379e-13  2.1140113e-03
4.457800000e+00  0.0000000e+00  3.4120507e-13  1.9656289e-02
4.523200000e+00  0.0000000e+00  2.3812589e-13  1.6037876e-02
4.588600000e+00  0.0000000e+00  2.3188424e-13  1.5902930e-02
4.654000000e+00  0.0000000e+00  2.6549149e-13  1.8517380e-02
4.719400000e+00  0.0000000e+00  3.6969409e-13  2.2792972e-02
4.784800000e+00  0.0000000e+00  5.6235233e-13  3.9562535e-02
4.850200000e+00  0.0000000e+00  8.0663748e-13  6.6374505e-02
4.915600000e+00  0.0000000e+00  8.6195640e-13  7.6435348e-02
4.981000000e+00  0.0000000e+00  1.0219851e-12  1.0307755e-01
5.046400000e+00  0.0000000e+00  1.1601864e-12  1.2863222e-01
5.111800000e+00  0.0000000e+00  1.3852161e-12  1.6714407e-01
5.177200000e+00  0.0000000e+00  1.5132053e-12  1.9225332e-01
5.242600000e+00  0.0000000e+00  1.6630727e-12  2.2776575e-01
5.308000000e+00  0.0000000e+00  1.7782592e-12  2.5948107e-01
5.373400000e+00  0.0000000e+00  1.8547013e-12  2.8132904e-01
5.438800000e+00  0.0000000e+00  1.8046855e-12  2.6424083e-01
5.504200000e+00  0.0000000e+00  1.9739103e-12  3.1493967e-01
5.569600000e+00  0.0000000e+00  1.8000100e-12  2.6292353e-01
5.635000000e+00  0.0000000e+00  1.7583668e-12  2.5051112e-01
5.700400000e+00  0.0000000e+00  1.7361321e-12  2.4649562e-01
5.765800000e+00  0.0000000e+00  1.7550124e-12  2.5134968e-01
5.831200000e+00  0.0000000e+00  1.8110150e-12  2.6457524e-01
5.896600000e+00  0.0000000e+00  1.6849894e-12  2.2966277e-01
5.962000000e+00  0.0000000e+00  1.7262036e-12  2.4087643e-01
6.027400000e+00  0.0000000e+00  1.8685268e-12  2.7910766e-01
6.092800000e+00  0.0000000e+00  1.8549595e-12  2.7594800e-01
6.158200000e+00  0.0000000e+00  2.0409254e-12  3.3509102e-01
6.223600000e+00  0.0000000e+00  2.5322735e-12  5.1091070e-01
6.289000000e+00  0.0000000e+00  2.8682150e-12  6.5611870e-01
6.354400000e+00  0.0000000e+00  2.2018224e-12  3.9255843e-01
6.419800000e+00  0.0000000e+00  2.0603883e-12  3.4474754e-01
6.485200000e+00  0.0000000e+00  2.0397226e-12  3.3626849e-01
6.550600000e+00  0.0000000e+00  2.0956347e-12  3.5487994e-01
6.616000000e+00  0.0000000e+00  2.1611088e-12  3.7580975e-01
6.681400000e+00  0.0000000e+00  2.5808088e-12  5.3827577e-01
6.746800000e+00  0.0000000e+00  3.1928303e-12  8.2372721e-01
6.812200000e+00  0.0000000e+00  2.8972225e-12  6.7405812e-01
6.877600000e+00  0.0000000e+00  3.1463535e-12  7.9561786e-01
6.943000000e+00  0.0000000e+00  3.3880098e-12  9.2642068e-01
7.008400000e+00  0.0000000e+00  3.4950036e-12  9.9178410e-01
7.073800000e+00  0.0000000e+00  3.8403534e-12  1.2118529e+00
7.139200000e+00  0.0000000e+00  3.5344140e-12  1.0227472e+00
7.204600000e+00  0.0000000e+00  3.9627608e-12  1.3061540e+00
7.270000000e+00  0.0000000e+00  3.9822635e-12  1.3258874e+00
7.335400000e+00  0.0000000e+00  4.0710612e-12  1.3966095e+00
7.400800000e+00  0.0000000e+00  4.3581480e-12  1.6433334e+00
7.466200000e+00  0.0000000e+00  4.2359813e-12  1.5371007e+00
7.531600000e+00  0.0000000e+00  4.5073080e-12  1.8046588e+00
7.597000000e+00  0.0000000e+00  4.4191281e-12  1.7061143e+00
7.662400000e+00  0.0000000e+00  4.5764509e-12  1.8954698e+00
7.727800000e+00  0.0000000e+00  4.6260893e-12  1.9453398e+00
7.793200000e+00  0.0000000e+00  4.6623092e-12  1.9837197e+00
7.858600000e+00  0.0000000e+00  4.6493861e-12  1.9622731e+00
7.924000000e+00  0.0000000e+00  4.7233985e-12  2.0566453e+00
7.989400000e+00  0.0000000e+00  4.7643186e-12  2.1290265e+00
8.054800000e+00  0.0000000e+00  4.7938291e-12  2.1648744e+00
8.120200000e+00  0.0000000e+00  4.8197841e-12  2.2150499e+00
8.185600000e+00  0.0000000e+00  4.8543080e-12  2.2510865e+00
8.251000000e+00  0.0000000e+00  4.8789307e-12  2.2892896e+00
8.316400000e+00  0.0000000e+00  4.8979212e-12  2.3299224e+00
8.381800000e+00  0.0000000e+00  4.9235170e-12  2.3744369e+00
8.447200000e+00  0.0000000e+00  4.9440889e-12  2.4072531e+00
8.512600000e+00  0.0000000e+00  4.9667007e-12  2.4358529e+00
8.578000000e+00  0.0000000e+00  4.9783352e-12  2.4713430e+00
8.643400000e+00  0.0000000e+00  4.9879739e-12  2.5011986e+00
8.708800000e+00  0.0000000e+00  5.0007137e-12  2.5284872e+00
8.774200000e+00  0.0000000e+00  5.0116504e-12  2.5534161e+00
8.839600000e+00  0.0000000e+00  5.0080445e-12  2.5674992e+00
8.905000000e+00  0.0000000e+00  5.0188299e-12  2.5930391e+00
8.970400000e+00  0.0000000e+00  5.0353294e-12  2.6301972e+00
9.035800000e+00  0.0000000e+00  5.0645442e-12  2.6785004e+00
9.101200000e+00  0.0000000e+00  5.0733278e-12  2.7046129e+00
9.166600000e+00  0.0000000e+00  5.0857644e-12  2.7296350e+00
9.232000000e+00  0.0000000e+00  5.1139887e-12  2.7665388e+00
9.297400000e+00  0.0000000e+00  5.1387031e-12  2.8061111e+00
9.362800000e+00  0.0000000e+00  4.9923945e-12  2.6620416e+00
9.428200000e+00  0.0000000e+00  4.2706022e-12  1.9405204e+00
9.493600000e+00  0.0000000e+00  3.7421609e-12  1.4919681e+00
9.559000000e+00  0.0000000e+00  4.4525078e-12  2.1461972e+00
9.624400000e+00  0.0000000e+00  3.8841799e-12  1.6350403e+00
9.689800000e+00  0.0000000e+00  4.2358538e-12  1.9577071e+00
9.755200000e+00  0.0000000e+00  4.2734830e-12  2.0053518e+00
9.820600000e+00  0.0000000e+00  4.5010793e-12  2.2432694e+00
9.886000000e+00  0.0000000e+00  4.7539850e-12  2.5265243e+00
9.951400000e+00  0.0000000e+00  4.9608717e-12  2.7786116e+00
1.001680000e+01  0.0000000e+00  5.0849923e-12  2.9471723e+00
1.008220000e+01  0.0000000e+00  5.1590814e-12  3.0608600e+00
1.014760000e+01  0.0000000e+00  5.1929390e-12  3.1203108e+00
1.021300000e+01  0.0000000e+00  5.2136263e-12  3.1604356e+00
1.027840000e+01  0.0000000e+00  5.2204939e-12  3.1832135e+00
1.034380000e+01  0.0000000e+00  5.2067178e-12  3.1920514e+00
1.040920000e+01  0.0000000e+00  5.1917722e-12  3.2000029e+00
1.047460000e+01  0.0000000e+00  5.2025431e-12  3.2222507e+00
1.054000000e+01  0.0000000e+00  5.2002954e-12  3.2358605e+00
1.060540000e+01  0.0000000e+00  5.1936889e-12  3.2481806e+00
1.067080000e+01  0.0000000e+00  5.1813259e-12  3.2545700e+00
1.073620000e+01  0.0000000e+00  5.1664245e-12  3.2580686e+00
1.080160000e+01  0.0000000e+00  5.1532123e-12  3.2613808e+00
1.086700000e+01  0.0000000e+00  5.1421966e-12  3.2672844e+00
1.093240000e+01  0.0000000e+00  5.1312552e-12  3.2724475e+00
1.099780000e+01  0.0000000e+00  5.1219713e-12  3.2769666e+00
1.106320000e+01  0.0000000e+00  5.1081946e-12  3.2793630e+00
1.112860000e+01  0.0000000e+00  5.0956802e-12  3.2811942e+00
1.119400000e+01  0.0000000e+00  5.0830680e-12  3.2827862e+00
1.125940000e+01  0.0000000e+00  5.0708837e-12  3.2821398e+00
1.132480000e+01  0.0000000e+00  5.0578965e-12  3.2845753e+00
1.139020000e+01  0.0000000e+00  5.0448368e-12  3.2851673e+00
1.145560000e+01  0.0000000e+00  5.0317089e-12  3.2850359e+00
1.152100000e+01  0.0000000e+00  5.0180397e-12  3.2849440e+00
1.158640000e+01  0.0000000e+00  5.0042770e-12  3.2836558e+00
1.165180000e+01  0.0000000e+00  4.9893286e-12  3.2812449e+00
1.171720000e+01  0.0000000e+00  4.9783486e-12  3.2781697e+00
1.178260000e+01  0.0000000e+00  4.9610673e-12  3.2755107e+00
1.184800000e+01  0.0000000e+00  4.9454059e-12  3.2730141e+00
1.191340000e+01  0.0000000e+00  4.9312532e-12  3.2698322e+00
1.197880000e+01  0.0000000e+00  4.9153435e-12  3.2659626e+00
1.204420000e+01  0.0000000e+00  4.9023550e-12  3.2636461e+00
1.210960000e+01  0.0000000e+00  4.8863222e-12  3.2569083e+00
1.217500000e+01  0.0000000e+00  4.8723411e-12  3.2549178e+00
1.224040000e+01  0.0000000e+00  4.8601704e-12  3.2523532e+00
1.230580000e+01  0.0000000e+00  4.8475143e-12  3.2481359e+00
1.237120000e+01  0.0000000e+00  4.8333399e-12  3.2421011e+00
1.243660000e+01  0.0000000e+00  4.8185770e-12  3.2361010e+00
1.250200000e+01  0.0000000e+00  4.7973023e-12  3.2199217e+00
1.256740000e+01  0.0000000e+00  4.7787517e-12  3.2098761e+00
1.263280000e+01  0.0000000e+00  4.7930676e-12  3.2180899e+00
1.269820000e+01  0.0000000e+00  4.7421379e-12  3.1999762e+00
1.276360000e+01  0.0000000e+00  4.7260504e-12  3.1877537e+00
1.282900000e+01  0.0000000e+00  4.7136919e-12  3.1848845e+00
1.289440000e+01  0.0000000e+00  4.6993334e-12  3.1785204e+00
1.295980000e+01  0.0000000e+00  4.6916703e-12  3.1776924e+00
1.302520000e+01  0.0000000e+00  4.6827527e-12  3.1754142e+00
1.309060000e+01  0.0000000e+00  4.6659426e-12  3.1615450e+00
1.315600000e+01  0.0000000e+00  4.6592340e-12  3.1567055e+00
1.322140000e+01  0.0000000e+00  4.6276478e-12  3.1167437e+00
1.328680000e+01  0.0000000e+00  4.5829657e-12  3.0646272e+00
1.335220000e+01  0.0000000e+00  4.5048707e-12  2.9685287e+00
1.341760000e+01  0.0000000e+00  4.4243807e-12  2.8726649e+00
1.348300000e+01  0.0000000e+00  4.0668973e-12  2.4265008e+00
1.354840000e+01  0.0000000e+00  4.1814402e-12  2.5822115e+00
1.361380000e+01  0.0000000e+00  4.1115822e-12  2.5071228e+00
1.367920000e+01  0.0000000e+00  4.0948837e-12  2.4988460e+00
1.374460000e+01  0.0000000e+00  4.1719250e-12  2.6085313e+00
1.381000000e+01  0.0000000e+00  4.1146436e-12  2.5486732e+00
1.387540000e+01  0.0000000e+00  3.0967375e-12  1.4339771e+00
1.394080000e+01  0.0000000e+00  3.8331884e-12  2.2251319e+00
1.400620000e+01  0.0000000e+00  3.7246936e-12  2.1081159e+00
1.407160000e+01  0.0000000e+00  3.5844060e-12  1.9590110e+00
1.413700000e+01  0.0000000e+00  3.3821067e-12  1.7482098e+00
1.420240000e+01  0.0000000e+00  3.1329760e-12  1.5036444e+00
1.426780000e+01  0.0000000e+00  2.9225818e-12  1.3120410e+00
1.433320000e+01  0.0000000e+00  2.7639796e-12  1.1772776e+00
1.439860000e+01  0.0000000e+00  2.5770502e-12  1.0266201e+00
1.446400000e+01  0.0000000e+00  2.5209200e-12  9.8662042e-01
1.452940000e+01  0.0000000e+00  2.4748640e-12  9.5512171e-01
1.459480000e+01  0.0000000e+00  2.4437567e-12  9.3550189e-01
1.466020000e+01  0.0000000e+00  2.4337990e-12  9.3205241e-01
1.472560000e+01  0.0000000e+00  2.4290033e-12  9.3255621e-01
1.479100000e+01  0.0000000e+00  2.4146866e-12  9.2566551e-01
1.485640000e+01  0.0000000e+00  2.4135255e-12  9.2886904e-01
1.492180000e+01  0.0000000e+00  2.3981498e-12  9.2105836e-01
1.498720000e+01  0.0000000e+00  2.3506057e-12  8.8860915e-01
1.505260000e+01  0.0000000e+00  2.3976186e-12  9.2877319e-01
1.511800000e+01  0.0000000e+00  2.3913579e-12  9.2790037e-01
1.518340000e+01  0.0000000e+00  2.3986995e-12  9.3767933e-01
1.524880000e+01  0.0000000e+00  2.3944793e-12  9.3839549e-01
1.531420000e+01  0.0000000e+00  2.3873316e-12  9.3678306e-01
1.537960000e+01  0.0000000e+00  2.3758433e-12  9.3168708e-01
1.544500000e+01  0.0000000e+00  2.4119564e-12  9.6430042e-01
1.551040000e+01  0.0000000e+00  2.4176125e-12  9.7295917e-01
1.557580000e+01  0.0000000e+00  2.4669951e-12  1.0175604e+00
1.564120000e+01  0.0000000e+00  2.5463366e-12  1.0892192e+00
1.570660000e+01  0.0000000e+00  2.5867937e-12  1.1291893e+00
1.577200000e+01  0.0000000e+00  2.6817103e-12  1.2197063e+00
1.583740000e+01  0.0000000e+00  2.8286719e-12  1.3647415e+00
1.590280000e+01  0.0000000e+00  2.9436008e-12  1.4855351e+00
1.596820000e+01  0.0000000e+00  3.1359619e-12  1.6962817e+00
1.603360000e+01  0.0000000e+00  3.2041099e-12  1.7795053e+00
1.609900000e+01  0.0000000e+00  3.5000193e-12  2.1394799e+00
1.616440000e+01  0.0000000e+00  2.9876301e-12  1.5562149e+00
1.622980000e+01  0.0000000e+00  3.0841582e-12  1.6665079e+00
1.629520000e+01  0.0000000e+00  3.4114370e-12  2.0556335e+00
1.636060000e+01  0.0000000e+00  3.5162582e-12  2.1959690e+00
1.642600000e+01  0.0000000e+00  3.3759162e-12  2.0288583e+00
1.649140000e+01  0.0000000e+00  3.4882100e-12  2.1781048e+00
1.655680000e+01  0.0000000e+00  3.4056418e-12  2.0821596e+00
1.662220000e+01  0.0000000e+00  3.5376175e-12  2.2598079e+00
1.668760000e+01  0.0000000e+00  3.4761091e-12  2.1887203e+00
1.675300000e+01  0.0000000e+00  3.3727408e-12  2.0656790e+00
1.681840000e+01  0.0000000e+00  3.5033298e-12  2.2419440e+00
1.688380000e+01  0.0000000e+00  3.4997856e-12  2.2460321e+00
1.694920000e+01  0.0000000e+00  3.5623137e-12  2.3408981e+00
1.701460000e+01  0.0000000e+00  3.5757684e-12  2.3696060e+00
1.708000000e+01  0.0000000e+00  3.5705698e-12  2.3735510e+00
1.714540000e+01  0.0000000e+00  3.5658558e-12  2.3776067e+00
1.721080000e+01  0.0000000e+00  3.4520785e-12  2.2301847e+00
1.727620000e+01  0.0000000e+00  3.5533549e-12  2.3852605e+00
1.734160000e+01  0.0000000e+00  3.4536238e-12  2.2537338e+00
1.740700000e+01  0.0000000e+00  3.5090010e-12  2.3471820e+00
1.747240000e+01  0.0000000e+00  3.4893711e-12  2.3290971e+00
1.753780000e+01  0.0000000e+00  3.4314250e-12  2.2565490e+00
1.760320000e+01  0.0000000e+00  3.3977436e-12  2.2172278e+00
1.766860000e+01  0.0000000e+00  3.4050516e-12  2.2420970e+00
1.773400000e+01  0.0000000e+00  3.3633174e-12  2.1924035e+00
1.779940000e+01  0.0000000e+00  3.3968760e-12  2.2544852e+00
1.786480000e+01  0.0000000e+00  3.3775793e-12  2.2391443e+00
1.793020000e+01  0.0000000e+00  3.3611789e-12  2.2243731e+00
1.799560000e+01  0.0000000e+00  3.3320932e-12  2.1893118e+00
1.806100000e+01  0.0000000e+00  3.3158776e-12  2.1763571e+00
1.812640000e+01  0.0000000e+00  3.3137457e-12  2.1843453e+00
1.819180000e+01  0.0000000e+00  3.2780664e-12  2.1368820e+00
1.825720000e+01  0.0000000e+00  3.2558988e-12  2.1123353e+00
1.832260000e+01  0.0000000e+00  3.1560283e-12  1.9824944e+00
1.838800000e+01  0.0000000e+00  3.2494675e-12  2.1240829e+00
1.845340000e+01  0.0000000e+00  3.2047679e-12  2.0717815e+00
1.851880000e+01  0.0000000e+00  3.2220947e-12  2.1082241e+00
1.858420000e+01  0.0000000e+00  3.2087845e-12  2.0984064e+00
1.864960000e+01  0.0000000e+00  3.1276670e-12  1.9874722e+00
1.871500000e+01  0.0000000e+00  3.1806158e-12  2.0752754e+00
1.878040000e+01  0.0000000e+00  3.1633215e-12  2.0611248e+00
1.884580000e+01  0.0000000e+00  3.1493607e-12  2.0498371e+00
1.891120000e+01  0.0000000e+00  3.1376096e-12  2.0394422e+00
1.897660000e+01  0.0000000e+00  3.0773975e-12  1.9574815e+00
1.904200000e+01  0.0000000e+00  3.0248385e-12  1.8947041e+00
1.910740000e+01  0.0000000e+00  3.0953586e-12  2.0048712e+00
1.917280000e+01  0.0000000e+00  3.0803100e-12  1.9915387e+00
1.923820000e+01  0.0000000e+00  2.9980256e-12  1.8802079e+00
1.930360000e+01  0.0000000e+00  2.9302700e-12  1.7980198e+00
1.936900000e+01  0.0000000e+00  2.9860099e-12  1.8787481e+00
1.943440000e+01  0.0000000e+00  3.0249253e-12  1.9449857e+00
1.949980000e+01  0.0000000e+00  3.0041835e-12  1.9260193e+00
1.956520000e+01  0.0000000e+00  2.9813459e-12  1.8985643e+00
1.963060000e+01  0.0000000e+00  2.9799334e-12  1.9058773e+00
1.969600000e+01  0.0000000e+00  2.8775964e-12  1.7714271e+00
1.976140000e+01  0.0000000e+00  2.8971103e-12  1.8042854e+00
1.982680000e+01  0.0000000e+00  2.9365961e-12  1.8666068e+00
1.989220000e+01  0.0000000e+00  2.8417788e-12  1.7436747e+00
1.995760000e+01  0.0000000e+00  2.8746452e-12  1.7958663e+00
