# 3D spectroscopic simulation - Spatial binning of 5 (193 calculations)
# ------------------------------------------------------------------------
# Radiance spectrum
# NASA-GSFC Planetary Spectrum Generator (PSG) (Villanueva et al. 2018, 2022)
# Synthesized on Tue Dec 17 16:26:51 2024
# Doppler velocities [km/s] (vobs,vrot+vorb,vwidth,vrfl,vstr): -21.10000,-0.00010,0.00000,-0.00000,0.00116
# ------------------------------------------------------------------------
# Spectra synthesized with the Planetary and Universal Model of Atmospheric Scattering (PUMAS, Villanueva et al. 2018, 2022)
# Multiple scattering method employing PSGDORT, NMAX:2 / LMAX:4 / gMAX:0.95
# Radiative transfer took 2.910 seconds
# ------------------------------------------------------------------------
# Spectral unit: Wavelength [um]
# Radiance unit: Spectral radiance [W/sr/m2/um]
# Wave/freq Total Noise Proxima-Cen-b
4.000000000e+00  0.0000000e+00  3.2665243e-12  6.8996130e-01
4.065400000e+00  0.0000000e+00  3.0555873e-12  5.8398181e-01
4.130800000e+00  0.0000000e+00  2.8759977e-12  5.0358568e-01
4.196200000e+00  0.0000000e+00  1.0849064e-12  7.1629960e-02
4.261600000e+00  0.0000000e+00  1.5392148e-13  1.0848763e-03
4.327000000e+00  0.0000000e+00  2.2355861e-13  2.5660490e-03
4.392400000e+00  0.0000000e+00  5.9164938e-13  2.2255809e-02
4.457800000e+00  0.0000000e+00  2.2722006e-12  2.9251885e-01
4.523200000e+00  0.0000000e+00  2.7969601e-12  4.8744779e-01
4.588600000e+00  0.0000000e+00  2.7574863e-12  5.0039928e-01
4.654000000e+00  0.0000000e+00  2.7581287e-12  5.1060558e-01
4.719400000e+00  0.0000000e+00  2.5017690e-12  4.1694883e-01
4.784800000e+00  0.0000000e+00  2.6366413e-12  4.4656172e-01
4.850200000e+00  0.0000000e+00  2.7564808e-12  4.6339253e-01
4.915600000e+00  0.0000000e+00  2.7804003e-12  5.1433999e-01
4.981000000e+00  0.0000000e+00  2.7657279e-12  5.1324315e-01
5.046400000e+00  0.0000000e+00  2.7562265e-12  5.1732255e-01
5.111800000e+00  0.0000000e+00  2.7909349e-12  5.0851828e-01
5.177200000e+00  0.0000000e+00  2.7830408e-12  4.8373065e-01
5.242600000e+00  0.0000000e+00  2.8374972e-12  5.0281773e-01
5.308000000e+00  0.0000000e+00  2.8566924e-12  5.1932816e-01
5.373400000e+00  0.0000000e+00  2.8695069e-12  5.1571006e-01
5.438800000e+00  0.0000000e+00  2.8059678e-12  4.7647387e-01
5.504200000e+00  0.0000000e+00  2.9176234e-12  5.2659126e-01
5.569600000e+00  0.0000000e+00  2.7394192e-12  4.5774237e-01
5.635000000e+00  0.0000000e+00  2.6439860e-12  4.2937249e-01
5.700400000e+00  0.0000000e+00  2.6092284e-12  4.2253122e-01
5.765800000e+00  0.0000000e+00  2.5662383e-12  4.1341601e-01
5.831200000e+00  0.0000000e+00  2.5804404e-12  4.2357474e-01
5.896600000e+00  0.0000000e+00  2.3756611e-12  3.6471425e-01
5.962000000e+00  0.0000000e+00  2.3891773e-12  3.7371242e-01
6.027400000e+00  0.0000000e+00  2.4979348e-12  4.1197178e-01
6.092800000e+00  0.0000000e+00  2.4542668e-12  4.0335950e-01
6.158200000e+00  0.0000000e+00  2.6615083e-12  4.7943968e-01
6.223600000e+00  0.0000000e+00  3.1309913e-12  6.6848083e-01
6.289000000e+00  0.0000000e+00  3.4226836e-12  8.1070647e-01
6.354400000e+00  0.0000000e+00  2.7689156e-12  5.3651602e-01
6.419800000e+00  0.0000000e+00  2.5896695e-12  4.7586583e-01
6.485200000e+00  0.0000000e+00  2.5262392e-12  4.5895582e-01
6.550600000e+00  0.0000000e+00  2.5659160e-12  4.7873505e-01
6.616000000e+00  0.0000000e+00  2.6018958e-12  4.9660659e-01
6.681400000e+00  0.0000000e+00  3.0492351e-12  6.8588294e-01
6.746800000e+00  0.0000000e+00  3.5956921e-12  9.6626485e-01
6.812200000e+00  0.0000000e+00  3.2924831e-12  8.1632617e-01
6.877600000e+00  0.0000000e+00  3.4846279e-12  9.2488629e-01
6.943000000e+00  0.0000000e+00  3.6360118e-12  1.0200059e+00
7.008400000e+00  0.0000000e+00  3.7310078e-12  1.0879759e+00
7.073800000e+00  0.0000000e+00  3.9008160e-12  1.2134138e+00
7.139200000e+00  0.0000000e+00  3.7363751e-12  1.1091026e+00
7.204600000e+00  0.0000000e+00  3.9573679e-12  1.2737452e+00
7.270000000e+00  0.0000000e+00  3.9673539e-12  1.2903234e+00
7.335400000e+00  0.0000000e+00  3.9894156e-12  1.3177433e+00
7.400800000e+00  0.0000000e+00  3.9603600e-12  1.3487179e+00
7.466200000e+00  0.0000000e+00  4.0600816e-12  1.3955997e+00
7.531600000e+00  0.0000000e+00  3.9198391e-12  1.3769681e+00
7.597000000e+00  0.0000000e+00  4.1438949e-12  1.4944305e+00
7.662400000e+00  0.0000000e+00  3.8807523e-12  1.3885708e+00
7.727800000e+00  0.0000000e+00  3.9475789e-12  1.4401149e+00
7.793200000e+00  0.0000000e+00  3.9997847e-12  1.4810742e+00
7.858600000e+00  0.0000000e+00  4.1276450e-12  1.5544755e+00
7.924000000e+00  0.0000000e+00  4.0765768e-12  1.5514764e+00
7.989400000e+00  0.0000000e+00  3.9644210e-12  1.5122005e+00
8.054800000e+00  0.0000000e+00  4.0198424e-12  1.5567624e+00
8.120200000e+00  0.0000000e+00  3.9770173e-12  1.5542181e+00
8.185600000e+00  0.0000000e+00  4.0699192e-12  1.6196508e+00
8.251000000e+00  0.0000000e+00  4.0905708e-12  1.6470079e+00
8.316400000e+00  0.0000000e+00  4.0636549e-12  1.6479397e+00
8.381800000e+00  0.0000000e+00  4.0603261e-12  1.6631843e+00
8.447200000e+00  0.0000000e+00  4.0942835e-12  1.6964351e+00
8.512600000e+00  0.0000000e+00  4.1680902e-12  1.7529192e+00
8.578000000e+00  0.0000000e+00  4.1342784e-12  1.7479970e+00
8.643400000e+00  0.0000000e+00  4.1220400e-12  1.7550482e+00
8.708800000e+00  0.0000000e+00  4.1452443e-12  1.7820555e+00
8.774200000e+00  0.0000000e+00  4.1733556e-12  1.8121332e+00
8.839600000e+00  0.0000000e+00  4.1629919e-12  1.8158099e+00
8.905000000e+00  0.0000000e+00  4.1903498e-12  1.8469727e+00
8.970400000e+00  0.0000000e+00  4.1922774e-12  1.8655500e+00
9.035800000e+00  0.0000000e+00  4.2222160e-12  1.9046987e+00
9.101200000e+00  0.0000000e+00  4.2341898e-12  1.9262313e+00
9.166600000e+00  0.0000000e+00  4.2720237e-12  1.9625644e+00
9.232000000e+00  0.0000000e+00  4.3472211e-12  2.0254800e+00
9.297400000e+00  0.0000000e+00  4.3966303e-12  2.0758810e+00
9.362800000e+00  0.0000000e+00  4.2978587e-12  1.9869017e+00
9.428200000e+00  0.0000000e+00  3.8514288e-12  1.5746167e+00
9.493600000e+00  0.0000000e+00  3.4661304e-12  1.2760179e+00
9.559000000e+00  0.0000000e+00  3.9293646e-12  1.6754258e+00
9.624400000e+00  0.0000000e+00  3.5410769e-12  1.3569612e+00
9.689800000e+00  0.0000000e+00  3.8274260e-12  1.5950663e+00
9.755200000e+00  0.0000000e+00  3.8639729e-12  1.6359204e+00
9.820600000e+00  0.0000000e+00  4.0250185e-12  1.7918275e+00
9.886000000e+00  0.0000000e+00  4.1860350e-12  1.9620862e+00
9.951400000e+00  0.0000000e+00  4.3043741e-12  2.1034645e+00
1.001680000e+01  0.0000000e+00  4.3642369e-12  2.1919314e+00
1.008220000e+01  0.0000000e+00  4.3895924e-12  2.2464251e+00
1.014760000e+01  0.0000000e+00  4.4150201e-12  2.2886510e+00
1.021300000e+01  0.0000000e+00  4.4447500e-12  2.3299612e+00
1.027840000e+01  0.0000000e+00  4.4635364e-12  2.3576382e+00
1.034380000e+01  0.0000000e+00  4.4228958e-12  2.3404692e+00
1.040920000e+01  0.0000000e+00  4.3826465e-12  2.3244712e+00
1.047460000e+01  0.0000000e+00  4.4225976e-12  2.3653138e+00
1.054000000e+01  0.0000000e+00  4.4291124e-12  2.3826689e+00
1.060540000e+01  0.0000000e+00  4.4154694e-12  2.3846526e+00
1.067080000e+01  0.0000000e+00  4.3955095e-12  2.3818920e+00
1.073620000e+01  0.0000000e+00  4.3737884e-12  2.3774765e+00
1.080160000e+01  0.0000000e+00  4.3630853e-12  2.3814551e+00
1.086700000e+01  0.0000000e+00  4.3519132e-12  2.3845243e+00
1.093240000e+01  0.0000000e+00  4.3430687e-12  2.3889097e+00
1.099780000e+01  0.0000000e+00  4.3485804e-12  2.4051304e+00
1.106320000e+01  0.0000000e+00  4.3301203e-12  2.4004865e+00
1.112860000e+01  0.0000000e+00  4.3231420e-12  2.4054301e+00
1.119400000e+01  0.0000000e+00  4.3158228e-12  2.4100064e+00
1.125940000e+01  0.0000000e+00  4.3215961e-12  2.4253218e+00
1.132480000e+01  0.0000000e+00  4.3057817e-12  2.4225663e+00
1.139020000e+01  0.0000000e+00  4.2976578e-12  2.4260169e+00
1.145560000e+01  0.0000000e+00  4.2917803e-12  2.4312398e+00
1.152100000e+01  0.0000000e+00  4.2809500e-12  2.4321110e+00
1.158640000e+01  0.0000000e+00  4.2737034e-12  2.4356311e+00
1.165180000e+01  0.0000000e+00  4.2637057e-12  2.4368360e+00
1.171720000e+01  0.0000000e+00  4.2876576e-12  2.4685539e+00
1.178260000e+01  0.0000000e+00  4.2572385e-12  2.4506369e+00
1.184800000e+01  0.0000000e+00  4.2388431e-12  2.4438160e+00
1.191340000e+01  0.0000000e+00  4.2353868e-12  2.4503734e+00
1.197880000e+01  0.0000000e+00  4.2206866e-12  2.4464881e+00
1.204420000e+01  0.0000000e+00  4.2174577e-12  2.4524697e+00
1.210960000e+01  0.0000000e+00  4.2162187e-12  2.4606258e+00
1.217500000e+01  0.0000000e+00  4.2019557e-12  2.4563342e+00
1.224040000e+01  0.0000000e+00  4.2028034e-12  2.4654267e+00
1.230580000e+01  0.0000000e+00  4.2087184e-12  2.4791457e+00
1.237120000e+01  0.0000000e+00  4.2113081e-12  2.4894892e+00
1.243660000e+01  0.0000000e+00  4.2116193e-12  2.4986555e+00
1.250200000e+01  0.0000000e+00  4.2167209e-12  2.5120953e+00
1.256740000e+01  0.0000000e+00  4.2083959e-12  2.5134489e+00
1.263280000e+01  0.0000000e+00  4.3514523e-12  2.6543483e+00
1.269820000e+01  0.0000000e+00  4.1355725e-12  2.4621161e+00
1.276360000e+01  0.0000000e+00  4.1530727e-12  2.4857755e+00
1.282900000e+01  0.0000000e+00  4.1480525e-12  2.4889447e+00
1.289440000e+01  0.0000000e+00  4.1467750e-12  2.4957070e+00
1.295980000e+01  0.0000000e+00  4.1632292e-12  2.5183499e+00
1.302520000e+01  0.0000000e+00  4.1859730e-12  2.5494508e+00
1.309060000e+01  0.0000000e+00  4.2091144e-12  2.5796103e+00
1.315600000e+01  0.0000000e+00  4.2707082e-12  2.6526830e+00
1.322140000e+01  0.0000000e+00  4.3359168e-12  2.7316708e+00
1.328680000e+01  0.0000000e+00  4.3526549e-12  2.7586241e+00
1.335220000e+01  0.0000000e+00  4.3440626e-12  2.7549255e+00
1.341760000e+01  0.0000000e+00  4.3138042e-12  2.7265470e+00
1.348300000e+01  0.0000000e+00  4.0768955e-12  2.4388467e+00
1.354840000e+01  0.0000000e+00  4.1850996e-12  2.5869100e+00
1.361380000e+01  0.0000000e+00  4.1175318e-12  2.5145338e+00
1.367920000e+01  0.0000000e+00  4.0998647e-12  2.5051437e+00
1.374460000e+01  0.0000000e+00  4.1645365e-12  2.5988460e+00
1.381000000e+01  0.0000000e+00  4.1172926e-12  2.5524163e+00
1.387540000e+01  0.0000000e+00  3.1265177e-12  1.4624271e+00
1.394080000e+01  0.0000000e+00  3.8792023e-12  2.2811108e+00
1.400620000e+01  0.0000000e+00  3.7756384e-12  2.1683011e+00
1.407160000e+01  0.0000000e+00  3.6401399e-12  2.0223130e+00
1.413700000e+01  0.0000000e+00  3.4335857e-12  1.8030760e+00
1.420240000e+01  0.0000000e+00  3.1751680e-12  1.5450566e+00
1.426780000e+01  0.0000000e+00  2.9557918e-12  1.3423908e+00
1.433320000e+01  0.0000000e+00  2.7886514e-12  1.1986430e+00
1.439860000e+01  0.0000000e+00  2.5867986e-12  1.0344814e+00
1.446400000e+01  0.0000000e+00  2.5255857e-12  9.9029958e-01
1.452940000e+01  0.0000000e+00  2.4745678e-12  9.5486738e-01
1.459480000e+01  0.0000000e+00  2.4421227e-12  9.3419913e-01
1.466020000e+01  0.0000000e+00  2.4318310e-12  9.3048552e-01
1.472560000e+01  0.0000000e+00  2.4273056e-12  9.3119897e-01
1.479100000e+01  0.0000000e+00  2.4132883e-12  9.2453137e-01
1.485640000e+01  0.0000000e+00  2.4120692e-12  9.2768889e-01
1.492180000e+01  0.0000000e+00  2.3967637e-12  9.1991211e-01
1.498720000e+01  0.0000000e+00  2.3504913e-12  8.8847905e-01
1.505260000e+01  0.0000000e+00  2.3969003e-12  9.2816663e-01
1.511800000e+01  0.0000000e+00  2.3896993e-12  9.2654955e-01
1.518340000e+01  0.0000000e+00  2.3973361e-12  9.3656523e-01
1.524880000e+01  0.0000000e+00  2.3930202e-12  9.3720466e-01
1.531420000e+01  0.0000000e+00  2.3859320e-12  9.3563225e-01
1.537960000e+01  0.0000000e+00  2.3740880e-12  9.3024520e-01
1.544500000e+01  0.0000000e+00  2.4129172e-12  9.6504576e-01
1.551040000e+01  0.0000000e+00  2.4194240e-12  9.7441261e-01
1.557580000e+01  0.0000000e+00  2.4740912e-12  1.0234743e+00
1.564120000e+01  0.0000000e+00  2.5610652e-12  1.1020061e+00
1.570660000e+01  0.0000000e+00  2.6045304e-12  1.1449104e+00
1.577200000e+01  0.0000000e+00  2.7060231e-12  1.2422044e+00
1.583740000e+01  0.0000000e+00  2.8613652e-12  1.3969362e+00
1.590280000e+01  0.0000000e+00  2.9807962e-12  1.5240188e+00
1.596820000e+01  0.0000000e+00  3.1785265e-12  1.7439946e+00
1.603360000e+01  0.0000000e+00  3.2428088e-12  1.8241943e+00
1.609900000e+01  0.0000000e+00  3.5231482e-12  2.1693931e+00
1.616440000e+01  0.0000000e+00  3.0204072e-12  1.5915977e+00
1.622980000e+01  0.0000000e+00  3.1198906e-12  1.7066725e+00
1.629520000e+01  0.0000000e+00  3.4417981e-12  2.0942762e+00
1.636060000e+01  0.0000000e+00  3.5319219e-12  2.2169659e+00
1.642600000e+01  0.0000000e+00  3.3982872e-12  2.0572384e+00
1.649140000e+01  0.0000000e+00  3.4940018e-12  2.1862338e+00
1.655680000e+01  0.0000000e+00  3.4146600e-12  2.0941737e+00
1.662220000e+01  0.0000000e+00  3.5158383e-12  2.2320502e+00
1.668760000e+01  0.0000000e+00  3.4615898e-12  2.1707828e+00
1.675300000e+01  0.0000000e+00  3.3804766e-12  2.0762693e+00
1.681840000e+01  0.0000000e+00  3.4635696e-12  2.1910965e+00
1.688380000e+01  0.0000000e+00  3.4525215e-12  2.1859405e+00
1.694920000e+01  0.0000000e+00  3.4599805e-12  2.2068705e+00
1.701460000e+01  0.0000000e+00  3.4533989e-12  2.2084314e+00
1.708000000e+01  0.0000000e+00  3.4244677e-12  2.1821570e+00
1.714540000e+01  0.0000000e+00  3.4067187e-12  2.1692590e+00
1.721080000e+01  0.0000000e+00  3.3587492e-12  2.1134888e+00
1.727620000e+01  0.0000000e+00  3.3348906e-12  2.1033606e+00
1.734160000e+01  0.0000000e+00  3.3119949e-12  2.0761266e+00
1.740700000e+01  0.0000000e+00  3.2667046e-12  2.0397044e+00
1.747240000e+01  0.0000000e+00  3.2493873e-12  2.0249528e+00
1.753780000e+01  0.0000000e+00  3.2378846e-12  2.0167103e+00
1.760320000e+01  0.0000000e+00  3.2441836e-12  2.0301448e+00
1.766860000e+01  0.0000000e+00  3.1727961e-12  1.9544092e+00
1.773400000e+01  0.0000000e+00  3.1614106e-12  1.9455860e+00
1.779940000e+01  0.0000000e+00  3.1177464e-12  1.9088704e+00
1.786480000e+01  0.0000000e+00  3.0852337e-12  1.8789568e+00
1.793020000e+01  0.0000000e+00  3.0810199e-12  1.8793058e+00
1.799560000e+01  0.0000000e+00  3.0875194e-12  1.8889205e+00
1.806100000e+01  0.0000000e+00  3.0688348e-12  1.8736403e+00
1.812640000e+01  0.0000000e+00  3.0458787e-12  1.8554449e+00
1.819180000e+01  0.0000000e+00  3.0865351e-12  1.9038835e+00
1.825720000e+01  0.0000000e+00  3.1006498e-12  1.9258477e+00
1.832260000e+01  0.0000000e+00  3.0775327e-12  1.8916649e+00
1.838800000e+01  0.0000000e+00  3.0264894e-12  1.8491674e+00
1.845340000e+01  0.0000000e+00  2.9999130e-12  1.8239873e+00
1.851880000e+01  0.0000000e+00  2.9714630e-12  1.8027387e+00
1.858420000e+01  0.0000000e+00  2.9547199e-12  1.7888053e+00
1.864960000e+01  0.0000000e+00  2.9853871e-12  1.8188592e+00
1.871500000e+01  0.0000000e+00  2.9360994e-12  1.7776260e+00
1.878040000e+01  0.0000000e+00  2.9042473e-12  1.7467146e+00
1.884580000e+01  0.0000000e+00  2.8918111e-12  1.7375184e+00
1.891120000e+01  0.0000000e+00  2.9048084e-12  1.7569474e+00
1.897660000e+01  0.0000000e+00  2.9467703e-12  1.8032708e+00
1.904200000e+01  0.0000000e+00  2.9168172e-12  1.7690087e+00
1.910740000e+01  0.0000000e+00  2.8709699e-12  1.7336915e+00
1.917280000e+01  0.0000000e+00  2.8607441e-12  1.7264585e+00
1.923820000e+01  0.0000000e+00  2.9063737e-12  1.7761741e+00
1.930360000e+01  0.0000000e+00  2.8783894e-12  1.7428930e+00
1.936900000e+01  0.0000000e+00  2.8908807e-12  1.7707614e+00
1.943440000e+01  0.0000000e+00  2.8313073e-12  1.7128463e+00
1.949980000e+01  0.0000000e+00  2.7890813e-12  1.6684461e+00
1.956520000e+01  0.0000000e+00  2.8155606e-12  1.7019027e+00
1.963060000e+01  0.0000000e+00  2.7866333e-12  1.6750026e+00
1.969600000e+01  0.0000000e+00  2.7915789e-12  1.6742684e+00
1.976140000e+01  0.0000000e+00  2.7902468e-12  1.6817633e+00
1.982680000e+01  0.0000000e+00  2.7833295e-12  1.6862917e+00
1.989220000e+01  0.0000000e+00  2.7826731e-12  1.6802641e+00
1.995760000e+01  0.0000000e+00  2.7514865e-12  1.6530278e+00
