# 3D spectroscopic simulation - Spatial binning of 5 (193 calculations)
# ------------------------------------------------------------------------
# Radiance spectrum
# NASA-GSFC Planetary Spectrum Generator (PSG) (Villanueva et al. 2018, 2022)
# Synthesized on Thu Jan 23 09:14:17 2025
# Doppler velocities [km/s] (vobs,vrot+vorb,vwidth,vrfl,vstr): -21.10000,0.00006,0.00000,-0.00000,0.00073
# ------------------------------------------------------------------------
# Spectra synthesized with the Planetary and Universal Model of Atmospheric Scattering (PUMAS, Villanueva et al. 2018, 2022)
# Multiple scattering method employing PSGDORT, NMAX:2 / LMAX:4 / gMAX:0.95
# Radiative transfer took 1.923 seconds
# ------------------------------------------------------------------------
# Spectral unit: Wavelength [um]
# Radiance unit: Spectral radiance [W/sr/m2/um]
# Wave/freq Total Noise Proxima-Cen-b
4.000000000e+00  0.0000000e+00  2.7077399e-13  1.6425753e-02
4.065400000e+00  0.0000000e+00  2.7405681e-13  1.5271448e-02
4.130800000e+00  0.0000000e+00  2.8729959e-13  1.6120132e-02
4.196200000e+00  0.0000000e+00  1.4669261e-13  3.1491100e-03
4.261600000e+00  0.0000000e+00  1.5566557e-13  1.1094772e-03
4.327000000e+00  0.0000000e+00  1.1685445e-13  9.4797136e-04
4.392400000e+00  0.0000000e+00  1.3204869e-13  1.9866274e-03
4.457800000e+00  0.0000000e+00  3.9881229e-13  2.4034807e-02
4.523200000e+00  0.0000000e+00  3.3423843e-13  2.4055560e-02
4.588600000e+00  0.0000000e+00  3.0921734e-13  2.2074234e-02
4.654000000e+00  0.0000000e+00  3.0762321e-13  2.2908437e-02
4.719400000e+00  0.0000000e+00  2.8216861e-13  1.8758598e-02
4.784800000e+00  0.0000000e+00  3.5917527e-13  2.5988556e-02
4.850200000e+00  0.0000000e+00  5.0701207e-13  4.2016780e-02
4.915600000e+00  0.0000000e+00  4.6828016e-13  3.7927406e-02
4.981000000e+00  0.0000000e+00  5.3963930e-13  4.7671490e-02
5.046400000e+00  0.0000000e+00  6.2858250e-13  5.8164688e-02
5.111800000e+00  0.0000000e+00  8.6030709e-13  8.7554305e-02
5.177200000e+00  0.0000000e+00  1.0352174e-12  1.1518025e-01
5.242600000e+00  0.0000000e+00  1.1665340e-12  1.4258943e-01
5.308000000e+00  0.0000000e+00  1.2474476e-12  1.6412516e-01
5.373400000e+00  0.0000000e+00  1.3748663e-12  1.9192575e-01
5.438800000e+00  0.0000000e+00  1.4302535e-12  2.0956649e-01
5.504200000e+00  0.0000000e+00  1.5346045e-12  2.3908073e-01
5.569600000e+00  0.0000000e+00  1.4654457e-12  2.2353774e-01
5.635000000e+00  0.0000000e+00  1.4422219e-12  2.1898646e-01
5.700400000e+00  0.0000000e+00  1.4424599e-12  2.2111316e-01
5.765800000e+00  0.0000000e+00  1.4650644e-12  2.2542801e-01
5.831200000e+00  0.0000000e+00  1.5137635e-12  2.3906344e-01
5.896600000e+00  0.0000000e+00  1.4266836e-12  2.1281504e-01
5.962000000e+00  0.0000000e+00  1.4776895e-12  2.2347976e-01
6.027400000e+00  0.0000000e+00  1.5985575e-12  2.5391184e-01
6.092800000e+00  0.0000000e+00  1.6217235e-12  2.5351436e-01
6.158200000e+00  0.0000000e+00  1.7954326e-12  3.0759052e-01
6.223600000e+00  0.0000000e+00  2.1988268e-12  4.4350624e-01
6.289000000e+00  0.0000000e+00  2.4869393e-12  5.5621271e-01
6.354400000e+00  0.0000000e+00  2.0143536e-12  3.6378647e-01
6.419800000e+00  0.0000000e+00  1.9228334e-12  3.2547327e-01
6.485200000e+00  0.0000000e+00  1.9135404e-12  3.2040341e-01
6.550600000e+00  0.0000000e+00  1.9768307e-12  3.3950461e-01
6.616000000e+00  0.0000000e+00  2.0486985e-12  3.5971066e-01
6.681400000e+00  0.0000000e+00  2.4276918e-12  5.0754897e-01
6.746800000e+00  0.0000000e+00  2.9295267e-12  7.3697833e-01
6.812200000e+00  0.0000000e+00  2.7100573e-12  6.2731799e-01
6.877600000e+00  0.0000000e+00  2.9178133e-12  7.2515457e-01
6.943000000e+00  0.0000000e+00  3.1167640e-12  8.2777157e-01
7.008400000e+00  0.0000000e+00  3.2311469e-12  8.9024719e-01
7.073800000e+00  0.0000000e+00  3.5040530e-12  1.0502114e+00
7.139200000e+00  0.0000000e+00  3.3035822e-12  9.2919642e-01
7.204600000e+00  0.0000000e+00  3.6347591e-12  1.1348259e+00
7.270000000e+00  0.0000000e+00  3.6715963e-12  1.1587226e+00
7.335400000e+00  0.0000000e+00  3.7501427e-12  1.2134588e+00
7.400800000e+00  0.0000000e+00  3.9449638e-12  1.3705047e+00
7.466200000e+00  0.0000000e+00  3.9058622e-12  1.3308412e+00
7.531600000e+00  0.0000000e+00  4.0643150e-12  1.4868607e+00
7.597000000e+00  0.0000000e+00  4.0705386e-12  1.4691728e+00
7.662400000e+00  0.0000000e+00  4.1291005e-12  1.5581754e+00
7.727800000e+00  0.0000000e+00  4.1881141e-12  1.6087753e+00
7.793200000e+00  0.0000000e+00  4.2347057e-12  1.6501755e+00
7.858600000e+00  0.0000000e+00  4.2636449e-12  1.6640656e+00
7.924000000e+00  0.0000000e+00  4.3123894e-12  1.7264016e+00
7.989400000e+00  0.0000000e+00  4.3249582e-12  1.7650087e+00
8.054800000e+00  0.0000000e+00  4.3648951e-12  1.8048143e+00
8.120200000e+00  0.0000000e+00  4.3814563e-12  1.8401303e+00
8.185600000e+00  0.0000000e+00  4.4314476e-12  1.8852889e+00
8.251000000e+00  0.0000000e+00  4.4586016e-12  1.9207162e+00
8.316400000e+00  0.0000000e+00  4.4717361e-12  1.9505834e+00
8.381800000e+00  0.0000000e+00  4.4938947e-12  1.9864897e+00
8.447200000e+00  0.0000000e+00  4.5194895e-12  2.0195722e+00
8.512600000e+00  0.0000000e+00  4.5542133e-12  2.0558843e+00
8.578000000e+00  0.0000000e+00  4.5591443e-12  2.0802080e+00
8.643400000e+00  0.0000000e+00  4.5668990e-12  2.1040356e+00
8.708800000e+00  0.0000000e+00  4.5834651e-12  2.1311666e+00
8.774200000e+00  0.0000000e+00  4.5990431e-12  2.1570287e+00
8.839600000e+00  0.0000000e+00  4.5963038e-12  2.1690523e+00
8.905000000e+00  0.0000000e+00  4.6121111e-12  2.1959442e+00
8.970400000e+00  0.0000000e+00  4.6272046e-12  2.2272667e+00
9.035800000e+00  0.0000000e+00  4.6571313e-12  2.2711171e+00
9.101200000e+00  0.0000000e+00  4.6678132e-12  2.2955156e+00
9.166600000e+00  0.0000000e+00  4.6853237e-12  2.3218058e+00
9.232000000e+00  0.0000000e+00  4.7216047e-12  2.3621899e+00
9.297400000e+00  0.0000000e+00  4.7504187e-12  2.4018988e+00
9.362800000e+00  0.0000000e+00  4.6220997e-12  2.2833674e+00
9.428200000e+00  0.0000000e+00  4.0115100e-12  1.7062471e+00
9.493600000e+00  0.0000000e+00  3.5550559e-12  1.3400797e+00
9.559000000e+00  0.0000000e+00  4.1607220e-12  1.8700018e+00
9.624400000e+00  0.0000000e+00  3.6728288e-12  1.4549136e+00
9.689800000e+00  0.0000000e+00  3.9862219e-12  1.7276062e+00
9.755200000e+00  0.0000000e+00  4.0231678e-12  1.7711247e+00
9.820600000e+00  0.0000000e+00  4.2208232e-12  1.9674169e+00
9.886000000e+00  0.0000000e+00  4.4374488e-12  2.1984066e+00
9.951400000e+00  0.0000000e+00  4.6127438e-12  2.4027417e+00
1.001680000e+01  0.0000000e+00  4.7180342e-12  2.5404414e+00
1.008220000e+01  0.0000000e+00  4.7816104e-12  2.6347601e+00
1.014760000e+01  0.0000000e+00  4.8158832e-12  2.6893525e+00
1.021300000e+01  0.0000000e+00  4.8412480e-12  2.7302386e+00
1.027840000e+01  0.0000000e+00  4.8527297e-12  2.7553337e+00
1.034380000e+01  0.0000000e+00  4.8383625e-12  2.7614672e+00
1.040920000e+01  0.0000000e+00  4.8233622e-12  2.7674394e+00
1.047460000e+01  0.0000000e+00  4.8406077e-12  2.7943611e+00
1.054000000e+01  0.0000000e+00  4.8424051e-12  2.8105089e+00
1.060540000e+01  0.0000000e+00  4.8365397e-12  2.8215384e+00
1.067080000e+01  0.0000000e+00  4.8253137e-12  2.8276844e+00
1.073620000e+01  0.0000000e+00  4.8113131e-12  2.8309334e+00
1.080160000e+01  0.0000000e+00  4.8005008e-12  2.8358637e+00
1.086700000e+01  0.0000000e+00  4.7908939e-12  2.8419470e+00
1.093240000e+01  0.0000000e+00  4.7816259e-12  2.8476777e+00
1.099780000e+01  0.0000000e+00  4.7764753e-12  2.8558800e+00
1.106320000e+01  0.0000000e+00  4.7629593e-12  2.8572514e+00
1.112860000e+01  0.0000000e+00  4.7527520e-12  2.8606533e+00
1.119400000e+01  0.0000000e+00  4.7424922e-12  2.8638916e+00
1.125940000e+01  0.0000000e+00  4.7352645e-12  2.8683381e+00
1.132480000e+01  0.0000000e+00  4.7228869e-12  2.8701989e+00
1.139020000e+01  0.0000000e+00  4.7120879e-12  2.8724318e+00
1.145560000e+01  0.0000000e+00  4.7017500e-12  2.8746715e+00
1.152100000e+01  0.0000000e+00  4.6899496e-12  2.8757819e+00
1.158640000e+01  0.0000000e+00  4.6787255e-12  2.8765971e+00
1.165180000e+01  0.0000000e+00  4.6661272e-12  2.8761560e+00
1.171720000e+01  0.0000000e+00  4.6632508e-12  2.8825366e+00
1.178260000e+01  0.0000000e+00  4.6448538e-12  2.8773812e+00
1.184800000e+01  0.0000000e+00  4.6299954e-12  2.8749092e+00
1.191340000e+01  0.0000000e+00  4.6192210e-12  2.8751305e+00
1.197880000e+01  0.0000000e+00  4.6049094e-12  2.8724205e+00
1.204420000e+01  0.0000000e+00  4.5949023e-12  2.8729361e+00
1.210960000e+01  0.0000000e+00  4.5832476e-12  2.8712178e+00
1.217500000e+01  0.0000000e+00  4.5701225e-12  2.8693154e+00
1.224040000e+01  0.0000000e+00  4.5612987e-12  2.8701412e+00
1.230580000e+01  0.0000000e+00  4.5530318e-12  2.8708385e+00
1.237120000e+01  0.0000000e+00  4.5429662e-12  2.8694901e+00
1.243660000e+01  0.0000000e+00  4.5320023e-12  2.8678160e+00
1.250200000e+01  0.0000000e+00  4.5174424e-12  2.8605632e+00
1.256740000e+01  0.0000000e+00  4.5025885e-12  2.8549975e+00
1.263280000e+01  0.0000000e+00  4.5322959e-12  2.8815295e+00
1.269820000e+01  0.0000000e+00  4.4615407e-12  2.8375294e+00
1.276360000e+01  0.0000000e+00  4.4525304e-12  2.8344251e+00
1.282900000e+01  0.0000000e+00  4.4420384e-12  2.8330837e+00
1.289440000e+01  0.0000000e+00  4.4308853e-12  2.8302720e+00
1.295980000e+01  0.0000000e+00  4.4272317e-12  2.8337325e+00
1.302520000e+01  0.0000000e+00  4.4240288e-12  2.8382463e+00
1.309060000e+01  0.0000000e+00  4.4137239e-12  2.8327137e+00
1.315600000e+01  0.0000000e+00  4.4179751e-12  2.8424556e+00
1.322140000e+01  0.0000000e+00  4.4033257e-12  2.8269112e+00
1.328680000e+01  0.0000000e+00  4.3715703e-12  2.7938814e+00
1.335220000e+01  0.0000000e+00  4.3104117e-12  2.7233084e+00
1.341760000e+01  0.0000000e+00  4.2440054e-12  2.6484905e+00
1.348300000e+01  0.0000000e+00  3.9384133e-12  2.2770448e+00
1.354840000e+01  0.0000000e+00  4.0380969e-12  2.4115646e+00
1.361380000e+01  0.0000000e+00  3.9744268e-12  2.3452951e+00
1.367920000e+01  0.0000000e+00  3.9584280e-12  2.3377155e+00
1.374460000e+01  0.0000000e+00  4.0265430e-12  2.4330784e+00
1.381000000e+01  0.0000000e+00  3.9746493e-12  2.3810633e+00
1.387540000e+01  0.0000000e+00  3.0514419e-12  1.3915599e+00
1.394080000e+01  0.0000000e+00  3.7281998e-12  2.1052325e+00
1.400620000e+01  0.0000000e+00  3.6310118e-12  2.0031669e+00
1.407160000e+01  0.0000000e+00  3.5054839e-12  1.8726349e+00
1.413700000e+01  0.0000000e+00  3.3238617e-12  1.6872117e+00
1.420240000e+01  0.0000000e+00  3.0967378e-12  1.4679355e+00
1.426780000e+01  0.0000000e+00  2.9028926e-12  1.2937364e+00
1.433320000e+01  0.0000000e+00  2.7521513e-12  1.1668465e+00
1.439860000e+01  0.0000000e+00  2.5712778e-12  1.0219393e+00
1.446400000e+01  0.0000000e+00  2.5158615e-12  9.8262843e-01
1.452940000e+01  0.0000000e+00  2.4705261e-12  9.5178880e-01
1.459480000e+01  0.0000000e+00  2.4408263e-12  9.3328684e-01
1.466020000e+01  0.0000000e+00  2.4310267e-12  9.2995224e-01
1.472560000e+01  0.0000000e+00  2.4266380e-12  9.3077826e-01
1.479100000e+01  0.0000000e+00  2.4123400e-12  9.2388706e-01
1.485640000e+01  0.0000000e+00  2.4113529e-12  9.2722356e-01
1.492180000e+01  0.0000000e+00  2.3954149e-12  9.1894833e-01
1.498720000e+01  0.0000000e+00  2.3508376e-12  8.8875912e-01
1.505260000e+01  0.0000000e+00  2.3958103e-12  9.2740662e-01
1.511800000e+01  0.0000000e+00  2.3887567e-12  9.2589339e-01
1.518340000e+01  0.0000000e+00  2.3964757e-12  9.3598001e-01
1.524880000e+01  0.0000000e+00  2.3922158e-12  9.3665822e-01
1.531420000e+01  0.0000000e+00  2.3848217e-12  9.3483943e-01
1.537960000e+01  0.0000000e+00  2.3727679e-12  9.2927063e-01
1.544500000e+01  0.0000000e+00  2.4074639e-12  9.6069461e-01
1.551040000e+01  0.0000000e+00  2.4134431e-12  9.6960074e-01
1.557580000e+01  0.0000000e+00  2.4616102e-12  1.0130550e+00
1.564120000e+01  0.0000000e+00  2.5386965e-12  1.0825128e+00
1.570660000e+01  0.0000000e+00  2.5767172e-12  1.1201404e+00
1.577200000e+01  0.0000000e+00  2.6664691e-12  1.2054113e+00
1.583740000e+01  0.0000000e+00  2.8026920e-12  1.3389665e+00
1.590280000e+01  0.0000000e+00  2.9076975e-12  1.4485262e+00
1.596820000e+01  0.0000000e+00  3.0808952e-12  1.6363186e+00
1.603360000e+01  0.0000000e+00  3.1399448e-12  1.7082900e+00
1.609900000e+01  0.0000000e+00  3.4039428e-12  2.0248541e+00
1.616440000e+01  0.0000000e+00  2.9378923e-12  1.5041651e+00
1.622980000e+01  0.0000000e+00  3.0305199e-12  1.6084167e+00
1.629520000e+01  0.0000000e+00  3.3232267e-12  1.9516598e+00
1.636060000e+01  0.0000000e+00  3.4144746e-12  2.0725515e+00
1.642600000e+01  0.0000000e+00  3.2879542e-12  1.9253047e+00
1.649140000e+01  0.0000000e+00  3.3863102e-12  2.0545374e+00
1.655680000e+01  0.0000000e+00  3.3122257e-12  1.9708139e+00
1.662220000e+01  0.0000000e+00  3.4269167e-12  2.1234145e+00
1.668760000e+01  0.0000000e+00  3.3722892e-12  2.0623230e+00
1.675300000e+01  0.0000000e+00  3.2818213e-12  1.9570193e+00
1.681840000e+01  0.0000000e+00  3.3944664e-12  2.1077987e+00
1.688380000e+01  0.0000000e+00  3.3962787e-12  2.1191859e+00
1.694920000e+01  0.0000000e+00  3.4366379e-12  2.1818936e+00
1.701460000e+01  0.0000000e+00  3.4442413e-12  2.2015847e+00
1.708000000e+01  0.0000000e+00  3.4367439e-12  2.2020635e+00
1.714540000e+01  0.0000000e+00  3.4297001e-12  2.2025188e+00
1.721080000e+01  0.0000000e+00  3.3496462e-12  2.1041533e+00
1.727620000e+01  0.0000000e+00  3.4082187e-12  2.1970353e+00
1.734160000e+01  0.0000000e+00  3.3372611e-12  2.1081509e+00
1.740700000e+01  0.0000000e+00  3.3634575e-12  2.1588498e+00
1.747240000e+01  0.0000000e+00  3.3457364e-12  2.1435369e+00
1.753780000e+01  0.0000000e+00  3.3044840e-12  2.0957734e+00
1.760320000e+01  0.0000000e+00  3.2821723e-12  2.0727183e+00
1.766860000e+01  0.0000000e+00  3.2712476e-12  2.0716302e+00
1.773400000e+01  0.0000000e+00  3.2405361e-12  2.0379135e+00
1.779940000e+01  0.0000000e+00  3.2514951e-12  2.0672614e+00
1.786480000e+01  0.0000000e+00  3.2308401e-12  2.0502122e+00
1.793020000e+01  0.0000000e+00  3.2173825e-12  2.0396373e+00
1.799560000e+01  0.0000000e+00  3.1981311e-12  2.0187254e+00
1.806100000e+01  0.0000000e+00  3.1821717e-12  2.0062142e+00
1.812640000e+01  0.0000000e+00  3.1742746e-12  2.0058940e+00
1.819180000e+01  0.0000000e+00  3.1578104e-12  1.9855007e+00
1.825720000e+01  0.0000000e+00  3.1450898e-12  1.9741090e+00
1.832260000e+01  0.0000000e+00  3.0732788e-12  1.8836414e+00
1.838800000e+01  0.0000000e+00  3.1216707e-12  1.9620637e+00
1.845340000e+01  0.0000000e+00  3.0865669e-12  1.9237823e+00
1.851880000e+01  0.0000000e+00  3.0896993e-12  1.9400595e+00
1.858420000e+01  0.0000000e+00  3.0761451e-12  1.9299068e+00
1.864960000e+01  0.0000000e+00  3.0289160e-12  1.8665671e+00
1.871500000e+01  0.0000000e+00  3.0507734e-12  1.9107143e+00
1.878040000e+01  0.0000000e+00  3.0319152e-12  1.8945654e+00
1.884580000e+01  0.0000000e+00  3.0187642e-12  1.8844463e+00
1.891120000e+01  0.0000000e+00  3.0117242e-12  1.8805594e+00
1.897660000e+01  0.0000000e+00  2.9811404e-12  1.8395636e+00
1.904200000e+01  0.0000000e+00  2.9367978e-12  1.7888282e+00
1.910740000e+01  0.0000000e+00  2.9725091e-12  1.8504035e+00
1.917280000e+01  0.0000000e+00  2.9591525e-12  1.8394583e+00
1.923820000e+01  0.0000000e+00  2.9151173e-12  1.7805950e+00
1.930360000e+01  0.0000000e+00  2.8643660e-12  1.7212338e+00
1.936900000e+01  0.0000000e+00  2.9010756e-12  1.7763033e+00
1.943440000e+01  0.0000000e+00  2.9103272e-12  1.8021906e+00
1.949980000e+01  0.0000000e+00  2.8872507e-12  1.7803255e+00
1.956520000e+01  0.0000000e+00  2.8763041e-12  1.7691394e+00
1.963060000e+01  0.0000000e+00  2.8675654e-12  1.7664731e+00
1.969600000e+01  0.0000000e+00  2.8012644e-12  1.6813490e+00
1.976140000e+01  0.0000000e+00  2.8117460e-12  1.7020596e+00
1.982680000e+01  0.0000000e+00  2.8334608e-12  1.7400456e+00
1.989220000e+01  0.0000000e+00  2.7734433e-12  1.6637095e+00
1.995760000e+01  0.0000000e+00  2.7839757e-12  1.6866261e+00
