# 3D spectroscopic simulation - Spatial binning of 5 (194 calculations)
# ------------------------------------------------------------------------
# Radiance spectrum
# NASA-GSFC Planetary Spectrum Generator (PSG) (Villanueva et al. 2018, 2022)
# Synthesized on Tue Dec 17 15:37:22 2024
# Doppler velocities [km/s] (vobs,vrot+vorb,vwidth,vrfl,vstr): -21.10000,0.00029,0.00000,0.00000,0.00033
# ------------------------------------------------------------------------
# Spectra synthesized with the Planetary and Universal Model of Atmospheric Scattering (PUMAS, Villanueva et al. 2018, 2022)
# Multiple scattering method employing PSGDORT, NMAX:2 / LMAX:4 / gMAX:0.95
# Radiative transfer took 2.209 seconds
# ------------------------------------------------------------------------
# Spectral unit: Wavelength [um]
# Radiance unit: Spectral radiance [W/sr/m2/um]
# Wave/freq Total Noise Proxima-Cen-b
4.000000000e+00  0.0000000e+00  6.3229175e-13  6.9898269e-02
4.065400000e+00  0.0000000e+00  7.7272867e-13  4.3975594e-02
4.130800000e+00  0.0000000e+00  9.1043376e-13  4.3420259e-02
4.196200000e+00  0.0000000e+00  5.1166473e-13  1.2057457e-02
4.261600000e+00  0.0000000e+00  1.5026752e-13  1.0343471e-03
4.327000000e+00  0.0000000e+00  2.0719505e-13  2.0170757e-03
4.392400000e+00  0.0000000e+00  4.1417540e-13  8.5122662e-03
4.457800000e+00  0.0000000e+00  1.2383834e-12  7.5402587e-02
4.523200000e+00  0.0000000e+00  1.0028117e-12  7.3910634e-02
4.588600000e+00  0.0000000e+00  8.5538390e-13  8.1722932e-02
4.654000000e+00  0.0000000e+00  8.2794199e-13  9.0294529e-02
4.719400000e+00  0.0000000e+00  8.6571594e-13  6.6013170e-02
4.784800000e+00  0.0000000e+00  1.0568197e-12  8.3291450e-02
4.850200000e+00  0.0000000e+00  1.3328243e-12  1.0912779e-01
4.915600000e+00  0.0000000e+00  1.0423601e-12  1.0382698e-01
4.981000000e+00  0.0000000e+00  1.0396849e-12  1.0939461e-01
5.046400000e+00  0.0000000e+00  1.0272836e-12  1.1065053e-01
5.111800000e+00  0.0000000e+00  1.2281739e-12  1.2953465e-01
5.177200000e+00  0.0000000e+00  1.5014300e-12  1.5848959e-01
5.242600000e+00  0.0000000e+00  1.5743496e-12  1.7464148e-01
5.308000000e+00  0.0000000e+00  1.5428360e-12  1.8086564e-01
5.373400000e+00  0.0000000e+00  1.7247480e-12  2.1572343e-01
5.438800000e+00  0.0000000e+00  2.1001105e-12  2.9650161e-01
5.504200000e+00  0.0000000e+00  2.0673582e-12  2.9830783e-01
5.569600000e+00  0.0000000e+00  2.3394122e-12  3.6375718e-01
5.635000000e+00  0.0000000e+00  2.4312844e-12  3.8863870e-01
5.700400000e+00  0.0000000e+00  2.5222719e-12  4.2018742e-01
5.765800000e+00  0.0000000e+00  2.5637996e-12  4.3374780e-01
5.831200000e+00  0.0000000e+00  2.6500552e-12  4.6840222e-01
5.896600000e+00  0.0000000e+00  2.6574733e-12  4.6727504e-01
5.962000000e+00  0.0000000e+00  2.7252620e-12  4.9450747e-01
6.027400000e+00  0.0000000e+00  2.8143432e-12  5.2964781e-01
6.092800000e+00  0.0000000e+00  2.8590789e-12  5.4966829e-01
6.158200000e+00  0.0000000e+00  3.0324335e-12  6.2749560e-01
6.223600000e+00  0.0000000e+00  3.1834857e-12  7.0573883e-01
6.289000000e+00  0.0000000e+00  3.2624999e-12  7.5644127e-01
6.354400000e+00  0.0000000e+00  3.1991850e-12  7.1599554e-01
6.419800000e+00  0.0000000e+00  3.1377136e-12  6.9193843e-01
6.485200000e+00  0.0000000e+00  3.1258110e-12  6.9422536e-01
6.550600000e+00  0.0000000e+00  3.1668846e-12  7.2158814e-01
6.616000000e+00  0.0000000e+00  3.1989764e-12  7.4318823e-01
6.681400000e+00  0.0000000e+00  3.4547658e-12  8.8541762e-01
6.746800000e+00  0.0000000e+00  3.5604814e-12  9.7884089e-01
6.812200000e+00  0.0000000e+00  3.5540697e-12  9.6801601e-01
6.877600000e+00  0.0000000e+00  3.5656832e-12  9.9555132e-01
6.943000000e+00  0.0000000e+00  3.5179011e-12  9.9053436e-01
7.008400000e+00  0.0000000e+00  3.5638242e-12  1.0454829e+00
7.073800000e+00  0.0000000e+00  3.3585315e-12  9.6392013e-01
7.139200000e+00  0.0000000e+00  3.6305098e-12  1.0982794e+00
7.204600000e+00  0.0000000e+00  3.3755782e-12  9.9398468e-01
7.270000000e+00  0.0000000e+00  3.4161041e-12  1.0241317e+00
7.335400000e+00  0.0000000e+00  3.3660726e-12  1.0016650e+00
7.400800000e+00  0.0000000e+00  2.8111573e-12  7.3158104e-01
7.466200000e+00  0.0000000e+00  3.3081436e-12  9.9718327e-01
7.531600000e+00  0.0000000e+00  2.5004711e-12  6.0045342e-01
7.597000000e+00  0.0000000e+00  3.2162107e-12  9.8220684e-01
7.662400000e+00  0.0000000e+00  2.3749725e-12  5.4105637e-01
7.727800000e+00  0.0000000e+00  2.4692090e-12  5.9088547e-01
7.793200000e+00  0.0000000e+00  2.5636260e-12  6.3960008e-01
7.858600000e+00  0.0000000e+00  2.9320696e-12  8.3411535e-01
7.924000000e+00  0.0000000e+00  2.7055960e-12  7.1928875e-01
7.989400000e+00  0.0000000e+00  2.4076336e-12  5.6408421e-01
8.054800000e+00  0.0000000e+00  2.5052849e-12  6.1831779e-01
8.120200000e+00  0.0000000e+00  2.3797291e-12  5.6048268e-01
8.185600000e+00  0.0000000e+00  2.5477898e-12  6.5342598e-01
8.251000000e+00  0.0000000e+00  2.5715482e-12  6.6879414e-01
8.316400000e+00  0.0000000e+00  2.4999198e-12  6.3084395e-01
8.381800000e+00  0.0000000e+00  2.4694335e-12  6.1589196e-01
8.447200000e+00  0.0000000e+00  2.5298875e-12  6.4896874e-01
8.512600000e+00  0.0000000e+00  2.6754375e-12  7.3159228e-01
8.578000000e+00  0.0000000e+00  2.5953075e-12  6.8535530e-01
8.643400000e+00  0.0000000e+00  2.5689063e-12  6.7010616e-01
8.708800000e+00  0.0000000e+00  2.6156577e-12  6.9587877e-01
8.774200000e+00  0.0000000e+00  2.6740685e-12  7.2944091e-01
8.839600000e+00  0.0000000e+00  2.6805170e-12  7.2867275e-01
8.905000000e+00  0.0000000e+00  2.7285277e-12  7.6088341e-01
8.970400000e+00  0.0000000e+00  2.7035355e-12  7.5384891e-01
9.035800000e+00  0.0000000e+00  2.7164915e-12  7.7180659e-01
9.101200000e+00  0.0000000e+00  2.7365984e-12  7.8584351e-01
9.166600000e+00  0.0000000e+00  2.8147539e-12  8.3125551e-01
9.232000000e+00  0.0000000e+00  2.9612937e-12  9.1966474e-01
9.297400000e+00  0.0000000e+00  3.0465990e-12  9.7810421e-01
9.362800000e+00  0.0000000e+00  3.1515743e-12  1.0183423e+00
9.428200000e+00  0.0000000e+00  3.1250345e-12  9.9292388e-01
9.493600000e+00  0.0000000e+00  2.8640343e-12  8.4173792e-01
9.559000000e+00  0.0000000e+00  3.0578542e-12  9.6541936e-01
9.624400000e+00  0.0000000e+00  2.8744624e-12  8.5828505e-01
9.689800000e+00  0.0000000e+00  3.1306323e-12  1.0233808e+00
9.755200000e+00  0.0000000e+00  3.1584438e-12  1.0486840e+00
9.820600000e+00  0.0000000e+00  3.2538551e-12  1.1205799e+00
9.886000000e+00  0.0000000e+00  3.2898068e-12  1.1558652e+00
9.951400000e+00  0.0000000e+00  3.2474952e-12  1.1405793e+00
1.001680000e+01  0.0000000e+00  3.1496576e-12  1.0915494e+00
1.008220000e+01  0.0000000e+00  3.0386454e-12  1.0412252e+00
1.014760000e+01  0.0000000e+00  3.0140706e-12  1.0469918e+00
1.021300000e+01  0.0000000e+00  3.0338951e-12  1.0816840e+00
1.027840000e+01  0.0000000e+00  3.0785307e-12  1.1208609e+00
1.034380000e+01  0.0000000e+00  3.0062345e-12  1.0799846e+00
1.040920000e+01  0.0000000e+00  2.9342128e-12  1.0404871e+00
1.047460000e+01  0.0000000e+00  3.0299862e-12  1.1095126e+00
1.054000000e+01  0.0000000e+00  3.0560399e-12  1.1345247e+00
1.060540000e+01  0.0000000e+00  3.0381072e-12  1.1280650e+00
1.067080000e+01  0.0000000e+00  3.0083370e-12  1.1146209e+00
1.073620000e+01  0.0000000e+00  2.9774818e-12  1.1002904e+00
1.080160000e+01  0.0000000e+00  2.9690855e-12  1.1024691e+00
1.086700000e+01  0.0000000e+00  2.9591030e-12  1.1011401e+00
1.093240000e+01  0.0000000e+00  2.9547587e-12  1.1035425e+00
1.099780000e+01  0.0000000e+00  2.9777885e-12  1.1287287e+00
1.106320000e+01  0.0000000e+00  2.9588048e-12  1.1182222e+00
1.112860000e+01  0.0000000e+00  2.9613345e-12  1.1259934e+00
1.119400000e+01  0.0000000e+00  2.9631251e-12  1.1332626e+00
1.125940000e+01  0.0000000e+00  2.9915955e-12  1.1634319e+00
1.132480000e+01  0.0000000e+00  2.9762906e-12  1.1559481e+00
1.139020000e+01  0.0000000e+00  2.9768648e-12  1.1620735e+00
1.145560000e+01  0.0000000e+00  2.9820256e-12  1.1722537e+00
1.152100000e+01  0.0000000e+00  2.9774414e-12  1.1739893e+00
1.158640000e+01  0.0000000e+00  2.9806306e-12  1.1820972e+00
1.165180000e+01  0.0000000e+00  2.9787472e-12  1.1865044e+00
1.171720000e+01  0.0000000e+00  3.0411277e-12  1.2488438e+00
1.178260000e+01  0.0000000e+00  3.0013826e-12  1.2182902e+00
1.184800000e+01  0.0000000e+00  2.9835498e-12  1.2079474e+00
1.191340000e+01  0.0000000e+00  2.9943147e-12  1.2235704e+00
1.197880000e+01  0.0000000e+00  2.9841060e-12  1.2200152e+00
1.204420000e+01  0.0000000e+00  2.9957316e-12  1.2348172e+00
1.210960000e+01  0.0000000e+00  3.0132288e-12  1.2573988e+00
1.217500000e+01  0.0000000e+00  3.0036561e-12  1.2523865e+00
1.224040000e+01  0.0000000e+00  3.0251730e-12  1.2751079e+00
1.230580000e+01  0.0000000e+00  3.0585177e-12  1.3087301e+00
1.237120000e+01  0.0000000e+00  3.0881739e-12  1.3388704e+00
1.243660000e+01  0.0000000e+00  3.1105307e-12  1.3643948e+00
1.250200000e+01  0.0000000e+00  3.1503569e-12  1.4088972e+00
1.256740000e+01  0.0000000e+00  3.1553723e-12  1.4224581e+00
1.263280000e+01  0.0000000e+00  3.5505515e-12  1.7617858e+00
1.269820000e+01  0.0000000e+00  3.0424537e-12  1.3288020e+00
1.276360000e+01  0.0000000e+00  3.1085522e-12  1.3932694e+00
1.282900000e+01  0.0000000e+00  3.1182611e-12  1.4052125e+00
1.289440000e+01  0.0000000e+00  3.1380544e-12  1.4279212e+00
1.295980000e+01  0.0000000e+00  3.1995174e-12  1.4845606e+00
1.302520000e+01  0.0000000e+00  3.2728658e-12  1.5575968e+00
1.309060000e+01  0.0000000e+00  3.3709423e-12  1.6507175e+00
1.315600000e+01  0.0000000e+00  3.5544716e-12  1.8350296e+00
1.322140000e+01  0.0000000e+00  3.7963991e-12  2.0881489e+00
1.328680000e+01  0.0000000e+00  3.9371203e-12  2.2461537e+00
1.335220000e+01  0.0000000e+00  4.0701905e-12  2.4001285e+00
1.341760000e+01  0.0000000e+00  4.1430236e-12  2.4913274e+00
1.348300000e+01  0.0000000e+00  4.1507829e-12  2.4994981e+00
1.354840000e+01  0.0000000e+00  4.2319861e-12  2.6132453e+00
1.361380000e+01  0.0000000e+00  4.1781845e-12  2.5582484e+00
1.367920000e+01  0.0000000e+00  4.1531509e-12  2.5404842e+00
1.374460000e+01  0.0000000e+00  4.1957722e-12  2.6060144e+00
1.381000000e+01  0.0000000e+00  4.1495432e-12  2.5622156e+00
1.387540000e+01  0.0000000e+00  3.2381268e-12  1.5644829e+00
1.394080000e+01  0.0000000e+00  4.0123901e-12  2.4161187e+00
1.400620000e+01  0.0000000e+00  3.9343367e-12  2.3336353e+00
1.407160000e+01  0.0000000e+00  3.8134125e-12  2.2043269e+00
1.413700000e+01  0.0000000e+00  3.6096284e-12  1.9846785e+00
1.420240000e+01  0.0000000e+00  3.3310731e-12  1.6984933e+00
1.426780000e+01  0.0000000e+00  3.0955418e-12  1.4733235e+00
1.433320000e+01  0.0000000e+00  2.9190530e-12  1.3153498e+00
1.439860000e+01  0.0000000e+00  2.6860721e-12  1.1169764e+00
1.446400000e+01  0.0000000e+00  2.6145330e-12  1.0625854e+00
1.452940000e+01  0.0000000e+00  2.5437495e-12  1.0098130e+00
1.459480000e+01  0.0000000e+00  2.4832355e-12  9.6624246e-01
1.466020000e+01  0.0000000e+00  2.4673123e-12  9.5809756e-01
1.472560000e+01  0.0000000e+00  2.4587287e-12  9.5567135e-01
1.479100000e+01  0.0000000e+00  2.4351892e-12  9.4151685e-01
1.485640000e+01  0.0000000e+00  2.4374426e-12  9.4746332e-01
1.492180000e+01  0.0000000e+00  2.4125663e-12  9.3217891e-01
1.498720000e+01  0.0000000e+00  2.3464808e-12  8.8547410e-01
1.505260000e+01  0.0000000e+00  2.4192855e-12  9.4570685e-01
1.511800000e+01  0.0000000e+00  2.4133516e-12  9.4512839e-01
1.518340000e+01  0.0000000e+00  2.4279850e-12  9.6086488e-01
1.524880000e+01  0.0000000e+00  2.4247345e-12  9.6242326e-01
1.531420000e+01  0.0000000e+00  2.4157197e-12  9.5933789e-01
1.537960000e+01  0.0000000e+00  2.4040585e-12  9.5409426e-01
1.544500000e+01  0.0000000e+00  2.4764510e-12  1.0172774e+00
1.551040000e+01  0.0000000e+00  2.4866636e-12  1.0301503e+00
1.557580000e+01  0.0000000e+00  2.5618592e-12  1.0987293e+00
1.564120000e+01  0.0000000e+00  2.6700337e-12  1.1996755e+00
1.570660000e+01  0.0000000e+00  2.7124629e-12  1.2434073e+00
1.577200000e+01  0.0000000e+00  2.8259732e-12  1.3561050e+00
1.583740000e+01  0.0000000e+00  2.9972569e-12  1.5326401e+00
1.590280000e+01  0.0000000e+00  3.1258665e-12  1.6735927e+00
1.596820000e+01  0.0000000e+00  3.3337903e-12  1.9102255e+00
1.603360000e+01  0.0000000e+00  3.3854669e-12  1.9767837e+00
1.609900000e+01  0.0000000e+00  3.6246177e-12  2.2743722e+00
1.616440000e+01  0.0000000e+00  3.1444879e-12  1.7187604e+00
1.622980000e+01  0.0000000e+00  3.2496172e-12  1.8431666e+00
1.629520000e+01  0.0000000e+00  3.5570850e-12  2.2170125e+00
1.636060000e+01  0.0000000e+00  3.6127211e-12  2.2968572e+00
1.642600000e+01  0.0000000e+00  3.4985921e-12  2.1615480e+00
1.649140000e+01  0.0000000e+00  3.5549477e-12  2.2418121e+00
1.655680000e+01  0.0000000e+00  3.4866079e-12  2.1640321e+00
1.662220000e+01  0.0000000e+00  3.5201093e-12  2.2178039e+00
1.668760000e+01  0.0000000e+00  3.4783515e-12  2.1731025e+00
1.675300000e+01  0.0000000e+00  3.4395633e-12  2.1313310e+00
1.681840000e+01  0.0000000e+00  3.4208437e-12  2.1224312e+00
1.688380000e+01  0.0000000e+00  3.3889955e-12  2.0977926e+00
1.694920000e+01  0.0000000e+00  3.2834399e-12  1.9795087e+00
1.701460000e+01  0.0000000e+00  3.2329686e-12  1.9293813e+00
1.708000000e+01  0.0000000e+00  3.1496725e-12  1.8445267e+00
1.714540000e+01  0.0000000e+00  3.1006213e-12  1.7976528e+00
1.721080000e+01  0.0000000e+00  3.1655320e-12  1.8940095e+00
1.727620000e+01  0.0000000e+00  2.8973597e-12  1.5971597e+00
1.734160000e+01  0.0000000e+00  3.0127612e-12  1.7377452e+00
1.740700000e+01  0.0000000e+00  2.7754705e-12  1.4859159e+00
1.747240000e+01  0.0000000e+00  2.7640292e-12  1.4781819e+00
1.753780000e+01  0.0000000e+00  2.8226025e-12  1.5603046e+00
1.760320000e+01  0.0000000e+00  2.8893842e-12  1.6460402e+00
1.766860000e+01  0.0000000e+00  2.7036959e-12  1.4391165e+00
1.773400000e+01  0.0000000e+00  2.7406805e-12  1.4897029e+00
1.779940000e+01  0.0000000e+00  2.5654671e-12  1.3034158e+00
1.786480000e+01  0.0000000e+00  2.5140225e-12  1.2553178e+00
1.793020000e+01  0.0000000e+00  2.5257045e-12  1.2732989e+00
1.799560000e+01  0.0000000e+00  2.5919408e-12  1.3490997e+00
1.806100000e+01  0.0000000e+00  2.5704019e-12  1.3318650e+00
1.812640000e+01  0.0000000e+00  2.5120209e-12  1.2743063e+00
1.819180000e+01  0.0000000e+00  2.6678205e-12  1.4517409e+00
1.825720000e+01  0.0000000e+00  2.7356282e-12  1.5355968e+00
1.832260000e+01  0.0000000e+00  2.8885192e-12  1.6973323e+00
1.838800000e+01  0.0000000e+00  2.5757295e-12  1.3534373e+00
1.845340000e+01  0.0000000e+00  2.5769840e-12  1.3687943e+00
1.851880000e+01  0.0000000e+00  2.4640309e-12  1.2535416e+00
1.858420000e+01  0.0000000e+00  2.4446479e-12  1.2364776e+00
1.864960000e+01  0.0000000e+00  2.6718915e-12  1.4876316e+00
1.871500000e+01  0.0000000e+00  2.4392190e-12  1.2399184e+00
1.878040000e+01  0.0000000e+00  2.3924803e-12  1.1936813e+00
1.884580000e+01  0.0000000e+00  2.3836813e-12  1.1886264e+00
1.891120000e+01  0.0000000e+00  2.4270293e-12  1.2414597e+00
1.897660000e+01  0.0000000e+00  2.6418830e-12  1.4812458e+00
1.904200000e+01  0.0000000e+00  2.6687540e-12  1.5092165e+00
1.910740000e+01  0.0000000e+00  2.4053058e-12  1.2332043e+00
1.917280000e+01  0.0000000e+00  2.4041701e-12  1.2359299e+00
1.923820000e+01  0.0000000e+00  2.6656167e-12  1.5301028e+00
1.930360000e+01  0.0000000e+00  2.7317583e-12  1.6040090e+00
1.936900000e+01  0.0000000e+00  2.6366750e-12  1.5099559e+00
1.943440000e+01  0.0000000e+00  2.4052452e-12  1.2574867e+00
1.949980000e+01  0.0000000e+00  2.3432814e-12  1.1922307e+00
1.956520000e+01  0.0000000e+00  2.4411491e-12  1.3048443e+00
1.963060000e+01  0.0000000e+00  2.3713101e-12  1.2323790e+00
1.969600000e+01  0.0000000e+00  2.5856795e-12  1.4647939e+00
1.976140000e+01  0.0000000e+00  2.5317242e-12  1.4138221e+00
1.982680000e+01  0.0000000e+00  2.4188191e-12  1.3015604e+00
1.989220000e+01  0.0000000e+00  2.6132259e-12  1.5148076e+00
1.995760000e+01  0.0000000e+00  2.4586740e-12  1.3461735e+00
