# 3D spectroscopic simulation - Spatial binning of 5 (193 calculations)
# ------------------------------------------------------------------------
# Radiance spectrum
# NASA-GSFC Planetary Spectrum Generator (PSG) (Villanueva et al. 2018, 2022)
# Synthesized on Tue Dec 17 15:51:31 2024
# Doppler velocities [km/s] (vobs,vrot+vorb,vwidth,vrfl,vstr): -21.10000,-0.00003,0.00000,0.00000,-0.00123
# ------------------------------------------------------------------------
# Spectra synthesized with the Planetary and Universal Model of Atmospheric Scattering (PUMAS, Villanueva et al. 2018, 2022)
# Multiple scattering method employing PSGDORT, NMAX:2 / LMAX:4 / gMAX:0.95
# Radiative transfer took 2.192 seconds
# ------------------------------------------------------------------------
# Spectral unit: Wavelength [um]
# Radiance unit: Spectral radiance [W/sr/m2/um]
# Wave/freq Total Noise Proxima-Cen-b
4.000000000e+00  0.0000000e+00  1.7343378e-12  2.5491443e-01
4.065400000e+00  0.0000000e+00  1.6720885e-12  1.9646248e-01
4.130800000e+00  0.0000000e+00  1.6356994e-12  1.6066688e-01
4.196200000e+00  0.0000000e+00  6.6552419e-13  2.1416095e-02
4.261600000e+00  0.0000000e+00  1.5390165e-13  1.0862843e-03
4.327000000e+00  0.0000000e+00  1.9622466e-13  1.7953809e-03
4.392400000e+00  0.0000000e+00  4.0746414e-13  8.1003389e-03
4.457800000e+00  0.0000000e+00  1.5616520e-12  1.2110906e-01
4.523200000e+00  0.0000000e+00  1.6949196e-12  1.8326616e-01
4.588600000e+00  0.0000000e+00  1.6182692e-12  1.8985284e-01
4.654000000e+00  0.0000000e+00  1.6238779e-12  1.9912392e-01
4.719400000e+00  0.0000000e+00  1.5651472e-12  1.7516521e-01
4.784800000e+00  0.0000000e+00  1.7424716e-12  2.0139624e-01
4.850200000e+00  0.0000000e+00  1.9511157e-12  2.3011390e-01
4.915600000e+00  0.0000000e+00  1.8431072e-12  2.4380560e-01
4.981000000e+00  0.0000000e+00  1.8558162e-12  2.5325806e-01
5.046400000e+00  0.0000000e+00  1.8696349e-12  2.6432191e-01
5.111800000e+00  0.0000000e+00  1.9919498e-12  2.7750319e-01
5.177200000e+00  0.0000000e+00  2.1197885e-12  2.8803957e-01
5.242600000e+00  0.0000000e+00  2.1942220e-12  3.0981458e-01
5.308000000e+00  0.0000000e+00  2.1978810e-12  3.2363840e-01
5.373400000e+00  0.0000000e+00  2.2837828e-12  3.4122136e-01
5.438800000e+00  0.0000000e+00  2.3937639e-12  3.5967495e-01
5.504200000e+00  0.0000000e+00  2.4662184e-12  3.9179529e-01
5.569600000e+00  0.0000000e+00  2.4519148e-12  3.8046062e-01
5.635000000e+00  0.0000000e+00  2.4310539e-12  3.7570353e-01
5.700400000e+00  0.0000000e+00  2.4414196e-12  3.8258274e-01
5.765800000e+00  0.0000000e+00  2.4391386e-12  3.8486570e-01
5.831200000e+00  0.0000000e+00  2.4886568e-12  4.0599507e-01
5.896600000e+00  0.0000000e+00  2.3511823e-12  3.6517184e-01
5.962000000e+00  0.0000000e+00  2.3888100e-12  3.8073302e-01
6.027400000e+00  0.0000000e+00  2.5193160e-12  4.2622704e-01
6.092800000e+00  0.0000000e+00  2.5051087e-12  4.2591230e-01
6.158200000e+00  0.0000000e+00  2.7179652e-12  5.0691384e-01
6.223600000e+00  0.0000000e+00  3.1303949e-12  6.7720972e-01
6.289000000e+00  0.0000000e+00  3.3810660e-12  8.0027494e-01
6.354400000e+00  0.0000000e+00  2.8627285e-12  5.7831635e-01
6.419800000e+00  0.0000000e+00  2.7082116e-12  5.2351491e-01
6.485200000e+00  0.0000000e+00  2.6554436e-12  5.0959378e-01
6.550600000e+00  0.0000000e+00  2.6910022e-12  5.2878816e-01
6.616000000e+00  0.0000000e+00  2.7327617e-12  5.4973839e-01
6.681400000e+00  0.0000000e+00  3.1495786e-12  7.3631651e-01
6.746800000e+00  0.0000000e+00  3.6072963e-12  9.8388013e-01
6.812200000e+00  0.0000000e+00  3.3679057e-12  8.6161909e-01
6.877600000e+00  0.0000000e+00  3.5188052e-12  9.5284156e-01
6.943000000e+00  0.0000000e+00  3.6091032e-12  1.0156547e+00
7.008400000e+00  0.0000000e+00  3.6944157e-12  1.0838900e+00
7.073800000e+00  0.0000000e+00  3.7521371e-12  1.1431172e+00
7.139200000e+00  0.0000000e+00  3.7137821e-12  1.1112130e+00
7.204600000e+00  0.0000000e+00  3.8004650e-12  1.1962365e+00
7.270000000e+00  0.0000000e+00  3.8213774e-12  1.2181055e+00
7.335400000e+00  0.0000000e+00  3.8214599e-12  1.2292436e+00
7.400800000e+00  0.0000000e+00  3.6244898e-12  1.1619050e+00
7.466200000e+00  0.0000000e+00  3.8626131e-12  1.2877801e+00
7.531600000e+00  0.0000000e+00  3.5005015e-12  1.1432391e+00
7.597000000e+00  0.0000000e+00  3.8985832e-12  1.3557119e+00
7.662400000e+00  0.0000000e+00  3.4413662e-12  1.1396896e+00
7.727800000e+00  0.0000000e+00  3.5262242e-12  1.1958200e+00
7.793200000e+00  0.0000000e+00  3.5938499e-12  1.2400128e+00
7.858600000e+00  0.0000000e+00  3.8050063e-12  1.3551195e+00
7.924000000e+00  0.0000000e+00  3.6954314e-12  1.3170555e+00
7.989400000e+00  0.0000000e+00  3.5238594e-12  1.2434212e+00
8.054800000e+00  0.0000000e+00  3.5967144e-12  1.2935920e+00
8.120200000e+00  0.0000000e+00  3.5276707e-12  1.2759896e+00
8.185600000e+00  0.0000000e+00  3.6467270e-12  1.3508540e+00
8.251000000e+00  0.0000000e+00  3.6711874e-12  1.3767612e+00
8.316400000e+00  0.0000000e+00  3.6313430e-12  1.3675236e+00
8.381800000e+00  0.0000000e+00  3.6197105e-12  1.3744483e+00
8.447200000e+00  0.0000000e+00  3.6651692e-12  1.4095828e+00
8.512600000e+00  0.0000000e+00  3.7646870e-12  1.4754727e+00
8.578000000e+00  0.0000000e+00  3.7149620e-12  1.4578118e+00
8.643400000e+00  0.0000000e+00  3.7003813e-12  1.4600727e+00
8.708800000e+00  0.0000000e+00  3.7328310e-12  1.4879973e+00
8.774200000e+00  0.0000000e+00  3.7721512e-12  1.5203761e+00
8.839600000e+00  0.0000000e+00  3.7667777e-12  1.5227815e+00
8.905000000e+00  0.0000000e+00  3.8012650e-12  1.5552284e+00
8.970400000e+00  0.0000000e+00  3.7939378e-12  1.5661604e+00
9.035800000e+00  0.0000000e+00  3.8186304e-12  1.5996544e+00
9.101200000e+00  0.0000000e+00  3.8333083e-12  1.6193160e+00
9.166600000e+00  0.0000000e+00  3.8867550e-12  1.6603919e+00
9.232000000e+00  0.0000000e+00  3.9901987e-12  1.7351968e+00
9.297400000e+00  0.0000000e+00  4.0535915e-12  1.7904577e+00
9.362800000e+00  0.0000000e+00  4.0100039e-12  1.7350905e+00
9.428200000e+00  0.0000000e+00  3.6776116e-12  1.4223155e+00
9.493600000e+00  0.0000000e+00  3.3276204e-12  1.1638357e+00
9.559000000e+00  0.0000000e+00  3.7100611e-12  1.4857290e+00
9.624400000e+00  0.0000000e+00  3.3749305e-12  1.2206030e+00
9.689800000e+00  0.0000000e+00  3.6554689e-12  1.4420799e+00
9.755200000e+00  0.0000000e+00  3.6902997e-12  1.4790594e+00
9.820600000e+00  0.0000000e+00  3.8318777e-12  1.6120897e+00
9.886000000e+00  0.0000000e+00  3.9584107e-12  1.7472703e+00
9.951400000e+00  0.0000000e+00  4.0333976e-12  1.8488803e+00
1.001680000e+01  0.0000000e+00  4.0490595e-12  1.9006747e+00
1.008220000e+01  0.0000000e+00  4.0346516e-12  1.9260574e+00
1.014760000e+01  0.0000000e+00  4.0451955e-12  1.9585882e+00
1.021300000e+01  0.0000000e+00  4.0718311e-12  1.9993105e+00
1.027840000e+01  0.0000000e+00  4.1008518e-12  2.0327152e+00
1.034380000e+01  0.0000000e+00  4.0471061e-12  2.0071440e+00
1.040920000e+01  0.0000000e+00  3.9939029e-12  1.9831139e+00
1.047460000e+01  0.0000000e+00  4.0561958e-12  2.0358017e+00
1.054000000e+01  0.0000000e+00  4.0703372e-12  2.0569580e+00
1.060540000e+01  0.0000000e+00  4.0549350e-12  2.0567102e+00
1.067080000e+01  0.0000000e+00  4.0301134e-12  2.0498931e+00
1.073620000e+01  0.0000000e+00  4.0034675e-12  2.0414016e+00
1.080160000e+01  0.0000000e+00  3.9915711e-12  2.0436010e+00
1.086700000e+01  0.0000000e+00  3.9801994e-12  2.0452180e+00
1.093240000e+01  0.0000000e+00  3.9722224e-12  2.0487704e+00
1.099780000e+01  0.0000000e+00  3.9823639e-12  2.0669756e+00
1.106320000e+01  0.0000000e+00  3.9635891e-12  2.0606380e+00
1.112860000e+01  0.0000000e+00  3.9591360e-12  2.0661091e+00
1.119400000e+01  0.0000000e+00  3.9542245e-12  2.0711925e+00
1.125940000e+01  0.0000000e+00  3.9658055e-12  2.0896805e+00
1.132480000e+01  0.0000000e+00  3.9503624e-12  2.0859148e+00
1.139020000e+01  0.0000000e+00  3.9446920e-12  2.0900168e+00
1.145560000e+01  0.0000000e+00  3.9417924e-12  2.0963594e+00
1.152100000e+01  0.0000000e+00  3.9327253e-12  2.0974381e+00
1.158640000e+01  0.0000000e+00  3.9284672e-12  2.1021098e+00
1.165180000e+01  0.0000000e+00  3.9205039e-12  2.1039166e+00
1.171720000e+01  0.0000000e+00  3.9555962e-12  2.1437599e+00
1.178260000e+01  0.0000000e+00  3.9219684e-12  2.1220569e+00
1.184800000e+01  0.0000000e+00  3.9036377e-12  2.1142312e+00
1.191340000e+01  0.0000000e+00  3.9041620e-12  2.1231068e+00
1.197880000e+01  0.0000000e+00  3.8906414e-12  2.1192233e+00
1.204420000e+01  0.0000000e+00  3.8922104e-12  2.1279220e+00
1.210960000e+01  0.0000000e+00  3.8955699e-12  2.1391844e+00
1.217500000e+01  0.0000000e+00  3.8836876e-12  2.1355858e+00
1.224040000e+01  0.0000000e+00  3.8916319e-12  2.1491965e+00
1.230580000e+01  0.0000000e+00  3.9070258e-12  2.1695079e+00
1.237120000e+01  0.0000000e+00  3.9188095e-12  2.1862521e+00
1.243660000e+01  0.0000000e+00  3.9270306e-12  2.2013085e+00
1.250200000e+01  0.0000000e+00  3.9433328e-12  2.2243515e+00
1.256740000e+01  0.0000000e+00  3.9381609e-12  2.2285418e+00
1.263280000e+01  0.0000000e+00  4.1871952e-12  2.4572120e+00
1.269820000e+01  0.0000000e+00  3.8496654e-12  2.1620355e+00
1.276360000e+01  0.0000000e+00  3.8842284e-12  2.1994175e+00
1.282900000e+01  0.0000000e+00  3.8849565e-12  2.2062572e+00
1.289440000e+01  0.0000000e+00  3.8915244e-12  2.2190469e+00
1.295980000e+01  0.0000000e+00  3.9257735e-12  2.2552826e+00
1.302520000e+01  0.0000000e+00  3.9689132e-12  2.3039180e+00
1.309060000e+01  0.0000000e+00  4.0224348e-12  2.3609847e+00
1.315600000e+01  0.0000000e+00  4.1321243e-12  2.4798585e+00
1.322140000e+01  0.0000000e+00  4.2655524e-12  2.6294133e+00
1.328680000e+01  0.0000000e+00  4.3261487e-12  2.7053626e+00
1.335220000e+01  0.0000000e+00  4.3656718e-12  2.7581648e+00
1.341760000e+01  0.0000000e+00  4.3686861e-12  2.7705186e+00
1.348300000e+01  0.0000000e+00  4.2001758e-12  2.5692386e+00
1.354840000e+01  0.0000000e+00  4.3111143e-12  2.7208527e+00
1.361380000e+01  0.0000000e+00  4.2414939e-12  2.6457945e+00
1.367920000e+01  0.0000000e+00  4.2212982e-12  2.6336094e+00
1.374460000e+01  0.0000000e+00  4.2824151e-12  2.7236299e+00
1.381000000e+01  0.0000000e+00  4.2370530e-12  2.6801611e+00
1.387540000e+01  0.0000000e+00  3.1976936e-12  1.5274930e+00
1.394080000e+01  0.0000000e+00  4.0138631e-12  2.4276803e+00
1.400620000e+01  0.0000000e+00  3.9080874e-12  2.3112461e+00
1.407160000e+01  0.0000000e+00  3.7649159e-12  2.1550422e+00
1.413700000e+01  0.0000000e+00  3.5378590e-12  1.9095361e+00
1.420240000e+01  0.0000000e+00  3.2504077e-12  1.6171619e+00
1.426780000e+01  0.0000000e+00  3.0091634e-12  1.3906308e+00
1.433320000e+01  0.0000000e+00  2.8305650e-12  1.2348246e+00
1.439860000e+01  0.0000000e+00  2.6139648e-12  1.0564105e+00
1.446400000e+01  0.0000000e+00  2.5487877e-12  1.0086616e+00
1.452940000e+01  0.0000000e+00  2.4927520e-12  9.6897857e-01
1.459480000e+01  0.0000000e+00  2.4544890e-12  9.4366979e-01
1.466020000e+01  0.0000000e+00  2.4428958e-12  9.3896174e-01
1.472560000e+01  0.0000000e+00  2.4378659e-12  9.3930029e-01
1.479100000e+01  0.0000000e+00  2.4220181e-12  9.3124193e-01
1.485640000e+01  0.0000000e+00  2.4212013e-12  9.3472231e-01
1.492180000e+01  0.0000000e+00  2.4048332e-12  9.2616444e-01
1.498720000e+01  0.0000000e+00  2.3481462e-12  8.8675557e-01
1.505260000e+01  0.0000000e+00  2.4054944e-12  9.3483015e-01
1.511800000e+01  0.0000000e+00  2.3985011e-12  9.3339820e-01
1.518340000e+01  0.0000000e+00  2.4074814e-12  9.4448929e-01
1.524880000e+01  0.0000000e+00  2.4032212e-12  9.4519146e-01
1.531420000e+01  0.0000000e+00  2.3959785e-12  9.4352210e-01
1.537960000e+01  0.0000000e+00  2.3838294e-12  9.3791020e-01
1.544500000e+01  0.0000000e+00  2.4299568e-12  9.7876567e-01
1.551040000e+01  0.0000000e+00  2.4373379e-12  9.8893168e-01
1.557580000e+01  0.0000000e+00  2.4977618e-12  1.0432353e+00
1.564120000e+01  0.0000000e+00  2.5923100e-12  1.1291348e+00
1.570660000e+01  0.0000000e+00  2.6389122e-12  1.1753262e+00
1.577200000e+01  0.0000000e+00  2.7492463e-12  1.2819492e+00
1.583740000e+01  0.0000000e+00  2.9203936e-12  1.4542016e+00
1.590280000e+01  0.0000000e+00  3.0531477e-12  1.5969802e+00
1.596820000e+01  0.0000000e+00  3.2734932e-12  1.8451455e+00
1.603360000e+01  0.0000000e+00  3.3410219e-12  1.9300153e+00
1.609900000e+01  0.0000000e+00  3.6329160e-12  2.2925137e+00
1.616440000e+01  0.0000000e+00  3.1011905e-12  1.6744729e+00
1.622980000e+01  0.0000000e+00  3.2064811e-12  1.7981748e+00
1.629520000e+01  0.0000000e+00  3.5523644e-12  2.2185596e+00
1.636060000e+01  0.0000000e+00  3.6389741e-12  2.3375808e+00
1.642600000e+01  0.0000000e+00  3.5007920e-12  2.1711530e+00
1.649140000e+01  0.0000000e+00  3.5915547e-12  2.2946101e+00
1.655680000e+01  0.0000000e+00  3.5091282e-12  2.1983788e+00
1.662220000e+01  0.0000000e+00  3.5949154e-12  2.3169244e+00
1.668760000e+01  0.0000000e+00  3.5415318e-12  2.2570206e+00
1.675300000e+01  0.0000000e+00  3.4703841e-12  2.1756218e+00
1.681840000e+01  0.0000000e+00  3.5229637e-12  2.2519623e+00
1.688380000e+01  0.0000000e+00  3.4993377e-12  2.2323544e+00
1.694920000e+01  0.0000000e+00  3.4731675e-12  2.2106281e+00
1.701460000e+01  0.0000000e+00  3.4527141e-12  2.1952548e+00
1.708000000e+01  0.0000000e+00  3.4023635e-12  2.1445394e+00
1.714540000e+01  0.0000000e+00  3.3733316e-12  2.1187574e+00
1.721080000e+01  0.0000000e+00  3.3522721e-12  2.1017105e+00
1.727620000e+01  0.0000000e+00  3.2495181e-12  1.9969191e+00
1.734160000e+01  0.0000000e+00  3.2650167e-12  2.0179131e+00
1.740700000e+01  0.0000000e+00  3.1569092e-12  1.9100754e+00
1.747240000e+01  0.0000000e+00  3.1424848e-12  1.8987912e+00
1.753780000e+01  0.0000000e+00  3.1457374e-12  1.9118805e+00
1.760320000e+01  0.0000000e+00  3.1692790e-12  1.9465832e+00
1.766860000e+01  0.0000000e+00  3.0594881e-12  1.8263878e+00
1.773400000e+01  0.0000000e+00  3.0616598e-12  1.8346529e+00
1.779940000e+01  0.0000000e+00  2.9777378e-12  1.7518943e+00
1.786480000e+01  0.0000000e+00  2.9382680e-12  1.7155190e+00
1.793020000e+01  0.0000000e+00  2.9396618e-12  1.7219993e+00
1.799560000e+01  0.0000000e+00  2.9641364e-12  1.7514611e+00
1.806100000e+01  0.0000000e+00  2.9437010e-12  1.7347764e+00
1.812640000e+01  0.0000000e+00  2.9102161e-12  1.7048275e+00
1.819180000e+01  0.0000000e+00  2.9893551e-12  1.7969117e+00
1.825720000e+01  0.0000000e+00  3.0223671e-12  1.8409383e+00
1.832260000e+01  0.0000000e+00  3.0517548e-12  1.8653588e+00
1.838800000e+01  0.0000000e+00  2.9196053e-12  1.7276081e+00
1.845340000e+01  0.0000000e+00  2.8971212e-12  1.7108983e+00
1.851880000e+01  0.0000000e+00  2.8421611e-12  1.6600255e+00
1.858420000e+01  0.0000000e+00  2.8247677e-12  1.6452989e+00
1.864960000e+01  0.0000000e+00  2.9153766e-12  1.7436698e+00
1.871500000e+01  0.0000000e+00  2.8111342e-12  1.6395655e+00
1.878040000e+01  0.0000000e+00  2.7729199e-12  1.6021207e+00
1.884580000e+01  0.0000000e+00  2.7615095e-12  1.5940986e+00
1.891120000e+01  0.0000000e+00  2.7842731e-12  1.6240542e+00
1.897660000e+01  0.0000000e+00  2.8813915e-12  1.7335956e+00
1.904200000e+01  0.0000000e+00  2.8666175e-12  1.7158636e+00
1.910740000e+01  0.0000000e+00  2.7534334e-12  1.6047561e+00
1.917280000e+01  0.0000000e+00  2.7464292e-12  1.6010805e+00
1.923820000e+01  0.0000000e+00  2.8620504e-12  1.7321917e+00
1.930360000e+01  0.0000000e+00  2.8590746e-12  1.7280904e+00
1.936900000e+01  0.0000000e+00  2.8440060e-12  1.7241994e+00
1.943440000e+01  0.0000000e+00  2.7287887e-12  1.6010791e+00
1.949980000e+01  0.0000000e+00  2.6764377e-12  1.5456843e+00
1.956520000e+01  0.0000000e+00  2.7295240e-12  1.6089419e+00
1.963060000e+01  0.0000000e+00  2.6848718e-12  1.5642493e+00
1.969600000e+01  0.0000000e+00  2.7514453e-12  1.6338128e+00
1.976140000e+01  0.0000000e+00  2.7351091e-12  1.6241911e+00
1.982680000e+01  0.0000000e+00  2.6999235e-12  1.5965951e+00
1.989220000e+01  0.0000000e+00  2.7586865e-12  1.6598993e+00
1.995760000e+01  0.0000000e+00  2.6874406e-12  1.5847809e+00
