# 3D spectroscopic simulation - Spatial binning of 5 (195 calculations)
# ------------------------------------------------------------------------
# Radiance spectrum
# NASA-GSFC Planetary Spectrum Generator (PSG) (Villanueva et al. 2018, 2022)
# Synthesized on Tue Jan 21 14:37:43 2025
# Doppler velocities [km/s] (vobs,vrot+vorb,vwidth,vrfl,vstr): -21.10000,-0.00034,0.00000,-0.00000,0.00110
# ------------------------------------------------------------------------
# Spectra synthesized with the Planetary and Universal Model of Atmospheric Scattering (PUMAS, Villanueva et al. 2018, 2022)
# Multiple scattering method employing PSGDORT, NMAX:2 / LMAX:4 / gMAX:0.95
# Radiative transfer took 2.174 seconds
# ------------------------------------------------------------------------
# Spectral unit: Wavelength [um]
# Radiance unit: Spectral radiance [W/sr/m2/um]
# Wave/freq Total Noise Proxima-Cen-b
4.000000000e+00  0.0000000e+00  2.5410857e-12  4.1359658e-01
4.065400000e+00  0.0000000e+00  2.2801768e-12  3.1268327e-01
4.130800000e+00  0.0000000e+00  2.0811904e-12  2.4292385e-01
4.196200000e+00  0.0000000e+00  7.1475649e-13  2.4742413e-02
4.261600000e+00  0.0000000e+00  1.5568781e-13  1.1112693e-03
4.327000000e+00  0.0000000e+00  1.9656093e-13  1.8083358e-03
4.392400000e+00  0.0000000e+00  4.0287968e-13  8.0383504e-03
4.457800000e+00  0.0000000e+00  1.6201820e-12  1.3100313e-01
4.523200000e+00  0.0000000e+00  2.1024205e-12  2.5941465e-01
4.588600000e+00  0.0000000e+00  2.1190271e-12  2.8104688e-01
4.654000000e+00  0.0000000e+00  2.1554188e-12  2.9657857e-01
4.719400000e+00  0.0000000e+00  2.0332100e-12  2.6343096e-01
4.784800000e+00  0.0000000e+00  2.1754232e-12  2.9187531e-01
4.850200000e+00  0.0000000e+00  2.3036771e-12  3.1227782e-01
4.915600000e+00  0.0000000e+00  2.3565019e-12  3.5640451e-01
4.981000000e+00  0.0000000e+00  2.3846339e-12  3.7041716e-01
5.046400000e+00  0.0000000e+00  2.4258518e-12  3.9124238e-01
5.111800000e+00  0.0000000e+00  2.4695592e-12  3.9219960e-01
5.177200000e+00  0.0000000e+00  2.4782019e-12  3.8130875e-01
5.242600000e+00  0.0000000e+00  2.5492734e-12  4.0606005e-01
5.308000000e+00  0.0000000e+00  2.5881105e-12  4.2850746e-01
5.373400000e+00  0.0000000e+00  2.5998438e-12  4.2797633e-01
5.438800000e+00  0.0000000e+00  2.4983854e-12  3.8325016e-01
5.504200000e+00  0.0000000e+00  2.6428747e-12  4.4016901e-01
5.569600000e+00  0.0000000e+00  2.4348291e-12  3.6863025e-01
5.635000000e+00  0.0000000e+00  2.3502996e-12  3.4655342e-01
5.700400000e+00  0.0000000e+00  2.3135386e-12  3.3967352e-01
5.765800000e+00  0.0000000e+00  2.2947412e-12  3.3832416e-01
5.831200000e+00  0.0000000e+00  2.3178928e-12  3.4993046e-01
5.896600000e+00  0.0000000e+00  2.1348953e-12  3.0146931e-01
5.962000000e+00  0.0000000e+00  2.1597736e-12  3.1234427e-01
6.027400000e+00  0.0000000e+00  2.2924510e-12  3.5447055e-01
6.092800000e+00  0.0000000e+00  2.2594486e-12  3.4885554e-01
6.158200000e+00  0.0000000e+00  2.4624089e-12  4.1841646e-01
6.223600000e+00  0.0000000e+00  2.9678749e-12  6.1185196e-01
6.289000000e+00  0.0000000e+00  3.2927737e-12  7.6414660e-01
6.354400000e+00  0.0000000e+00  2.5969157e-12  4.7935082e-01
6.419800000e+00  0.0000000e+00  2.4274910e-12  4.2421751e-01
6.485200000e+00  0.0000000e+00  2.3745538e-12  4.1086957e-01
6.550600000e+00  0.0000000e+00  2.4149964e-12  4.2917713e-01
6.616000000e+00  0.0000000e+00  2.4624674e-12  4.4964064e-01
6.681400000e+00  0.0000000e+00  2.9022778e-12  6.2725022e-01
6.746800000e+00  0.0000000e+00  3.4943797e-12  9.2051246e-01
6.812200000e+00  0.0000000e+00  3.1702416e-12  7.6210251e-01
6.877600000e+00  0.0000000e+00  3.3886846e-12  8.7995960e-01
6.943000000e+00  0.0000000e+00  3.5777806e-12  9.9360537e-01
7.008400000e+00  0.0000000e+00  3.6730343e-12  1.0595286e+00
7.073800000e+00  0.0000000e+00  3.9165466e-12  1.2318402e+00
7.139200000e+00  0.0000000e+00  3.6842172e-12  1.0822527e+00
7.204600000e+00  0.0000000e+00  3.9943400e-12  1.3059186e+00
7.270000000e+00  0.0000000e+00  4.0053717e-12  1.3225568e+00
7.335400000e+00  0.0000000e+00  4.0521295e-12  1.3685904e+00
7.400800000e+00  0.0000000e+00  4.1446571e-12  1.4945986e+00
7.466200000e+00  0.0000000e+00  4.1554072e-12  1.4726158e+00
7.531600000e+00  0.0000000e+00  4.1721839e-12  1.5780901e+00
7.597000000e+00  0.0000000e+00  4.2759847e-12  1.6021589e+00
7.662400000e+00  0.0000000e+00  4.1715468e-12  1.6216345e+00
7.727800000e+00  0.0000000e+00  4.2307158e-12  1.6718190e+00
7.793200000e+00  0.0000000e+00  4.2766645e-12  1.7110059e+00
7.858600000e+00  0.0000000e+00  4.3519744e-12  1.7442475e+00
7.924000000e+00  0.0000000e+00  4.3465070e-12  1.7812409e+00
7.989400000e+00  0.0000000e+00  4.2930064e-12  1.7887881e+00
8.054800000e+00  0.0000000e+00  4.3372484e-12  1.8286894e+00
8.120200000e+00  0.0000000e+00  4.3196902e-12  1.8472310e+00
8.185600000e+00  0.0000000e+00  4.3895275e-12  1.8997163e+00
8.251000000e+00  0.0000000e+00  4.4113660e-12  1.9311795e+00
8.316400000e+00  0.0000000e+00  4.4016294e-12  1.9479842e+00
8.381800000e+00  0.0000000e+00  4.4093143e-12  1.9749672e+00
8.447200000e+00  0.0000000e+00  4.4381613e-12  2.0078190e+00
8.512600000e+00  0.0000000e+00  4.4926847e-12  2.0527894e+00
8.578000000e+00  0.0000000e+00  4.4760283e-12  2.0640183e+00
8.643400000e+00  0.0000000e+00  4.4719638e-12  2.0800627e+00
8.708800000e+00  0.0000000e+00  4.4912663e-12  2.1070458e+00
8.774200000e+00  0.0000000e+00  4.5130219e-12  2.1350342e+00
8.839600000e+00  0.0000000e+00  4.5057477e-12  2.1429820e+00
8.905000000e+00  0.0000000e+00  4.5263505e-12  2.1715069e+00
8.970400000e+00  0.0000000e+00  4.5330424e-12  2.1971076e+00
9.035800000e+00  0.0000000e+00  4.5616668e-12  2.2394028e+00
9.101200000e+00  0.0000000e+00  4.5723637e-12  2.2626871e+00
9.166600000e+00  0.0000000e+00  4.6021484e-12  2.2959987e+00
9.232000000e+00  0.0000000e+00  4.6634147e-12  2.3521577e+00
9.297400000e+00  0.0000000e+00  4.7051916e-12  2.3998338e+00
9.362800000e+00  0.0000000e+00  4.5906229e-12  2.2887318e+00
9.428200000e+00  0.0000000e+00  4.0429670e-12  1.7508966e+00
9.493600000e+00  0.0000000e+00  3.5978497e-12  1.3845975e+00
9.559000000e+00  0.0000000e+00  4.1553953e-12  1.8908023e+00
9.624400000e+00  0.0000000e+00  3.6968912e-12  1.4906369e+00
9.689800000e+00  0.0000000e+00  4.0127584e-12  1.7685571e+00
9.755200000e+00  0.0000000e+00  4.0494690e-12  1.8122798e+00
9.820600000e+00  0.0000000e+00  4.2360836e-12  2.0027895e+00
9.886000000e+00  0.0000000e+00  4.4300672e-12  2.2179917e+00
9.951400000e+00  0.0000000e+00  4.5788761e-12  2.4017504e+00
1.001680000e+01  0.0000000e+00  4.6595061e-12  2.5193449e+00
1.008220000e+01  0.0000000e+00  4.7004941e-12  2.5950852e+00
1.014760000e+01  0.0000000e+00  4.7283982e-12  2.6439465e+00
1.021300000e+01  0.0000000e+00  4.7549955e-12  2.6858320e+00
1.027840000e+01  0.0000000e+00  4.7707237e-12  2.7129306e+00
1.034380000e+01  0.0000000e+00  4.7380028e-12  2.7034546e+00
1.040920000e+01  0.0000000e+00  4.7049045e-12  2.6940901e+00
1.047460000e+01  0.0000000e+00  4.7367163e-12  2.7303134e+00
1.054000000e+01  0.0000000e+00  4.7404665e-12  2.7465042e+00
1.060540000e+01  0.0000000e+00  4.7292293e-12  2.7521261e+00
1.067080000e+01  0.0000000e+00  4.7109677e-12  2.7514212e+00
1.073620000e+01  0.0000000e+00  4.6908046e-12  2.7487070e+00
1.080160000e+01  0.0000000e+00  4.6785050e-12  2.7514153e+00
1.086700000e+01  0.0000000e+00  4.6670361e-12  2.7549493e+00
1.093240000e+01  0.0000000e+00  4.6572765e-12  2.7592372e+00
1.099780000e+01  0.0000000e+00  4.6571886e-12  2.7706748e+00
1.106320000e+01  0.0000000e+00  4.6406617e-12  2.7686546e+00
1.112860000e+01  0.0000000e+00  4.6317830e-12  2.7723530e+00
1.119400000e+01  0.0000000e+00  4.6225806e-12  2.7756569e+00
1.125940000e+01  0.0000000e+00  4.6219048e-12  2.7849050e+00
1.132480000e+01  0.0000000e+00  4.6071202e-12  2.7839163e+00
1.139020000e+01  0.0000000e+00  4.5972062e-12  2.7861182e+00
1.145560000e+01  0.0000000e+00  4.5886545e-12  2.7891127e+00
1.152100000e+01  0.0000000e+00  4.5767218e-12  2.7893638e+00
1.158640000e+01  0.0000000e+00  4.5671449e-12  2.7909790e+00
1.165180000e+01  0.0000000e+00  4.5552625e-12  2.7905626e+00
1.171720000e+01  0.0000000e+00  4.5665424e-12  2.8093727e+00
1.178260000e+01  0.0000000e+00  4.5407879e-12  2.7967301e+00
1.184800000e+01  0.0000000e+00  4.5232708e-12  2.7911805e+00
1.191340000e+01  0.0000000e+00  4.5158610e-12  2.7939378e+00
1.197880000e+01  0.0000000e+00  4.5005992e-12  2.7897256e+00
1.204420000e+01  0.0000000e+00  4.4939869e-12  2.7927117e+00
1.210960000e+01  0.0000000e+00  4.4873168e-12  2.7951282e+00
1.217500000e+01  0.0000000e+00  4.4732663e-12  2.7916737e+00
1.224040000e+01  0.0000000e+00  4.4698465e-12  2.7968828e+00
1.230580000e+01  0.0000000e+00  4.4696096e-12  2.8045368e+00
1.237120000e+01  0.0000000e+00  4.4667916e-12  2.8094266e+00
1.243660000e+01  0.0000000e+00  4.4619439e-12  2.8132495e+00
1.250200000e+01  0.0000000e+00  4.4575638e-12  2.8155637e+00
1.256740000e+01  0.0000000e+00  4.4451929e-12  2.8122012e+00
1.263280000e+01  0.0000000e+00  4.5577855e-12  2.9229407e+00
1.269820000e+01  0.0000000e+00  4.3842944e-12  2.7745106e+00
1.276360000e+01  0.0000000e+00  4.3908369e-12  2.7862182e+00
1.282900000e+01  0.0000000e+00  4.3837966e-12  2.7879084e+00
1.289440000e+01  0.0000000e+00  4.3784361e-12  2.7905671e+00
1.295980000e+01  0.0000000e+00  4.3885699e-12  2.8073742e+00
1.302520000e+01  0.0000000e+00  4.4023602e-12  2.8291732e+00
1.309060000e+01  0.0000000e+00  4.4149676e-12  2.8476587e+00
1.315600000e+01  0.0000000e+00  4.4583114e-12  2.8996442e+00
1.322140000e+01  0.0000000e+00  4.4972627e-12  2.9449518e+00
1.328680000e+01  0.0000000e+00  4.4968850e-12  2.9484965e+00
1.335220000e+01  0.0000000e+00  4.4677976e-12  2.9155826e+00
1.341760000e+01  0.0000000e+00  4.4220147e-12  2.8647838e+00
1.348300000e+01  0.0000000e+00  4.1369422e-12  2.5092101e+00
1.354840000e+01  0.0000000e+00  4.2544991e-12  2.6702454e+00
1.361380000e+01  0.0000000e+00  4.1837014e-12  2.5931992e+00
1.367920000e+01  0.0000000e+00  4.1659468e-12  2.5837440e+00
1.374460000e+01  0.0000000e+00  4.2373696e-12  2.6877716e+00
1.381000000e+01  0.0000000e+00  4.1854933e-12  2.6346350e+00
1.387540000e+01  0.0000000e+00  3.1453477e-12  1.4797464e+00
1.394080000e+01  0.0000000e+00  3.9213121e-12  2.3285939e+00
1.400620000e+01  0.0000000e+00  3.8113426e-12  2.2076485e+00
1.407160000e+01  0.0000000e+00  3.6673806e-12  2.0515406e+00
1.413700000e+01  0.0000000e+00  3.4515151e-12  1.8214489e+00
1.420240000e+01  0.0000000e+00  3.1848163e-12  1.5542789e+00
1.426780000e+01  0.0000000e+00  2.9607476e-12  1.3467371e+00
1.433320000e+01  0.0000000e+00  2.7937084e-12  1.2028288e+00
1.439860000e+01  0.0000000e+00  2.5945870e-12  1.0406505e+00
1.446400000e+01  0.0000000e+00  2.5347722e-12  9.9748791e-01
1.452940000e+01  0.0000000e+00  2.4849420e-12  9.6290008e-01
1.459480000e+01  0.0000000e+00  2.4509032e-12  9.4095897e-01
1.466020000e+01  0.0000000e+00  2.4402505e-12  9.3697925e-01
1.472560000e+01  0.0000000e+00  2.4353775e-12  9.3743363e-01
1.479100000e+01  0.0000000e+00  2.4201654e-12  9.2985198e-01
1.485640000e+01  0.0000000e+00  2.4192284e-12  9.3324452e-01
1.492180000e+01  0.0000000e+00  2.4030800e-12  9.2483240e-01
1.498720000e+01  0.0000000e+00  2.3509488e-12  8.8887195e-01
1.505260000e+01  0.0000000e+00  2.4032595e-12  9.3312895e-01
1.511800000e+01  0.0000000e+00  2.3966866e-12  9.3202442e-01
1.518340000e+01  0.0000000e+00  2.4049177e-12  9.4252474e-01
1.524880000e+01  0.0000000e+00  2.4006652e-12  9.4322868e-01
1.531420000e+01  0.0000000e+00  2.3933650e-12  9.4150366e-01
1.537960000e+01  0.0000000e+00  2.3814047e-12  9.3603976e-01
1.544500000e+01  0.0000000e+00  2.4215997e-12  9.7201650e-01
1.551040000e+01  0.0000000e+00  2.4280253e-12  9.8134914e-01
1.557580000e+01  0.0000000e+00  2.4818091e-12  1.0298234e+00
1.564120000e+01  0.0000000e+00  2.5673790e-12  1.1073287e+00
1.570660000e+01  0.0000000e+00  2.6105083e-12  1.1500516e+00
1.577200000e+01  0.0000000e+00  2.7119115e-12  1.2474646e+00
1.583740000e+01  0.0000000e+00  2.8693089e-12  1.4045187e+00
1.590280000e+01  0.0000000e+00  2.9920065e-12  1.5352338e+00
1.596820000e+01  0.0000000e+00  3.1978692e-12  1.7645066e+00
1.603360000e+01  0.0000000e+00  3.2676341e-12  1.8511630e+00
1.609900000e+01  0.0000000e+00  3.5670227e-12  2.2213357e+00
1.616440000e+01  0.0000000e+00  3.0398718e-12  1.6115672e+00
1.622980000e+01  0.0000000e+00  3.1399755e-12  1.7279229e+00
1.629520000e+01  0.0000000e+00  3.4802465e-12  2.1389765e+00
1.636060000e+01  0.0000000e+00  3.5803363e-12  2.2754438e+00
1.642600000e+01  0.0000000e+00  3.4384672e-12  2.1041506e+00
1.649140000e+01  0.0000000e+00  3.5445003e-12  2.2475058e+00
1.655680000e+01  0.0000000e+00  3.4601822e-12  2.1483440e+00
1.662220000e+01  0.0000000e+00  3.5759783e-12  2.3068468e+00
1.668760000e+01  0.0000000e+00  3.5166264e-12  2.2382429e+00
1.675300000e+01  0.0000000e+00  3.4244790e-12  2.1287780e+00
1.681840000e+01  0.0000000e+00  3.5248745e-12  2.2675746e+00
1.688380000e+01  0.0000000e+00  3.5097109e-12  2.2568343e+00
1.694920000e+01  0.0000000e+00  3.5415201e-12  2.3119277e+00
1.701460000e+01  0.0000000e+00  3.5419364e-12  2.3235872e+00
1.708000000e+01  0.0000000e+00  3.5176802e-12  2.3035427e+00
1.714540000e+01  0.0000000e+00  3.5036551e-12  2.2957931e+00
1.721080000e+01  0.0000000e+00  3.4196263e-12  2.1889165e+00
1.727620000e+01  0.0000000e+00  3.4472779e-12  2.2498127e+00
1.734160000e+01  0.0000000e+00  3.3905523e-12  2.1750652e+00
1.740700000e+01  0.0000000e+00  3.3833198e-12  2.1900866e+00
1.747240000e+01  0.0000000e+00  3.3642322e-12  2.1728309e+00
1.753780000e+01  0.0000000e+00  3.3329960e-12  2.1366446e+00
1.760320000e+01  0.0000000e+00  3.3252221e-12  2.1307259e+00
1.766860000e+01  0.0000000e+00  3.2806452e-12  2.0905084e+00
1.773400000e+01  0.0000000e+00  3.2567195e-12  2.0642361e+00
1.779940000e+01  0.0000000e+00  3.2424934e-12  2.0666036e+00
1.786480000e+01  0.0000000e+00  3.2133628e-12  2.0402992e+00
1.793020000e+01  0.0000000e+00  3.2048235e-12  2.0351885e+00
1.799560000e+01  0.0000000e+00  3.1984820e-12  2.0281137e+00
1.806100000e+01  0.0000000e+00  3.1803066e-12  2.0132002e+00
1.812640000e+01  0.0000000e+00  3.1651445e-12  2.0051784e+00
1.819180000e+01  0.0000000e+00  3.1781770e-12  2.0180228e+00
1.825720000e+01  0.0000000e+00  3.1797036e-12  2.0232330e+00
1.832260000e+01  0.0000000e+00  3.1259793e-12  1.9485180e+00
1.838800000e+01  0.0000000e+00  3.1308022e-12  1.9802024e+00
1.845340000e+01  0.0000000e+00  3.0946195e-12  1.9409510e+00
1.851880000e+01  0.0000000e+00  3.0841318e-12  1.9431853e+00
1.858420000e+01  0.0000000e+00  3.0683805e-12  1.9304541e+00
1.864960000e+01  0.0000000e+00  3.0566337e-12  1.9049498e+00
1.871500000e+01  0.0000000e+00  3.0460942e-12  1.9146264e+00
1.878040000e+01  0.0000000e+00  3.0186827e-12  1.8887449e+00
1.884580000e+01  0.0000000e+00  3.0056557e-12  1.8787052e+00
1.891120000e+01  0.0000000e+00  3.0108167e-12  1.8885659e+00
1.897660000e+01  0.0000000e+00  3.0144197e-12  1.8849882e+00
1.904200000e+01  0.0000000e+00  2.9758521e-12  1.8390653e+00
1.910740000e+01  0.0000000e+00  2.9738498e-12  1.8609513e+00
1.917280000e+01  0.0000000e+00  2.9616986e-12  1.8511947e+00
1.923820000e+01  0.0000000e+00  2.9583123e-12  1.8370484e+00
1.930360000e+01  0.0000000e+00  2.9130014e-12  1.7813694e+00
1.936900000e+01  0.0000000e+00  2.9448897e-12  1.8342013e+00
1.943440000e+01  0.0000000e+00  2.9226964e-12  1.8252403e+00
1.949980000e+01  0.0000000e+00  2.8873618e-12  1.7888479e+00
1.956520000e+01  0.0000000e+00  2.8959309e-12  1.7997130e+00
1.963060000e+01  0.0000000e+00  2.8778787e-12  1.7866274e+00
1.969600000e+01  0.0000000e+00  2.8408977e-12  1.7311977e+00
1.976140000e+01  0.0000000e+00  2.8490629e-12  1.7508839e+00
1.982680000e+01  0.0000000e+00  2.8607775e-12  1.7800610e+00
1.989220000e+01  0.0000000e+00  2.8212385e-12  1.7235557e+00
1.995760000e+01  0.0000000e+00  2.8160484e-12  1.7298566e+00
