# 3D spectroscopic simulation - Spatial binning of 5 (193 calculations)
# ------------------------------------------------------------------------
# Radiance spectrum
# NASA-GSFC Planetary Spectrum Generator (PSG) (Villanueva et al. 2018, 2022)
# Synthesized on Wed Jan 22 14:57:31 2025
# Doppler velocities [km/s] (vobs,vrot+vorb,vwidth,vrfl,vstr): -21.10000,0.00007,0.00000,-0.00000,-0.00114
# ------------------------------------------------------------------------
# Spectra synthesized with the Planetary and Universal Model of Atmospheric Scattering (PUMAS, Villanueva et al. 2018, 2022)
# Multiple scattering method employing PSGDORT, NMAX:2 / LMAX:4 / gMAX:0.95
# Radiative transfer took 2.005 seconds
# ------------------------------------------------------------------------
# Spectral unit: Wavelength [um]
# Radiance unit: Spectral radiance [W/sr/m2/um]
# Wave/freq Total Noise Proxima-Cen-b
4.000000000e+00  0.0000000e+00  3.4993200e-12  7.9485503e-01
4.065400000e+00  0.0000000e+00  3.1549143e-12  6.2196413e-01
4.130800000e+00  0.0000000e+00  2.8416103e-12  4.8620981e-01
4.196200000e+00  0.0000000e+00  9.0160633e-13  4.6426584e-02
4.261600000e+00  0.0000000e+00  1.5030576e-13  1.0352525e-03
4.327000000e+00  0.0000000e+00  2.0683864e-13  2.0897917e-03
4.392400000e+00  0.0000000e+00  4.8088888e-13  1.3414057e-02
4.457800000e+00  0.0000000e+00  2.0161139e-12  2.2195438e-01
4.523200000e+00  0.0000000e+00  2.8573616e-12  5.1103429e-01
4.588600000e+00  0.0000000e+00  2.8788953e-12  5.4958485e-01
4.654000000e+00  0.0000000e+00  2.8872289e-12  5.6450999e-01
4.719400000e+00  0.0000000e+00  2.6464206e-12  4.7039249e-01
4.784800000e+00  0.0000000e+00  2.7581919e-12  4.9546141e-01
4.850200000e+00  0.0000000e+00  2.8260710e-12  4.9383231e-01
4.915600000e+00  0.0000000e+00  2.9428190e-12  5.8617551e-01
4.981000000e+00  0.0000000e+00  2.9546804e-12  5.9700738e-01
5.046400000e+00  0.0000000e+00  2.9692358e-12  6.1454762e-01
5.111800000e+00  0.0000000e+00  2.9959122e-12  6.0282619e-01
5.177200000e+00  0.0000000e+00  2.9774484e-12  5.7016568e-01
5.242600000e+00  0.0000000e+00  3.0431193e-12  5.9804862e-01
5.308000000e+00  0.0000000e+00  3.0851812e-12  6.2754670e-01
5.373400000e+00  0.0000000e+00  3.0997297e-12  6.2264478e-01
5.438800000e+00  0.0000000e+00  3.0264942e-12  5.6770094e-01
5.504200000e+00  0.0000000e+00  3.1580080e-12  6.3562639e-01
5.569600000e+00  0.0000000e+00  3.0014820e-12  5.6182851e-01
5.635000000e+00  0.0000000e+00  2.9361624e-12  5.4047394e-01
5.700400000e+00  0.0000000e+00  2.9175180e-12  5.3876227e-01
5.765800000e+00  0.0000000e+00  2.9027761e-12  5.3961600e-01
5.831200000e+00  0.0000000e+00  2.9477553e-12  5.6402122e-01
5.896600000e+00  0.0000000e+00  2.7615312e-12  5.0070964e-01
5.962000000e+00  0.0000000e+00  2.7850892e-12  5.1533752e-01
6.027400000e+00  0.0000000e+00  2.9134213e-12  5.6942842e-01
6.092800000e+00  0.0000000e+00  2.8728430e-12  5.6022916e-01
6.158200000e+00  0.0000000e+00  3.1147532e-12  6.6716594e-01
6.223600000e+00  0.0000000e+00  3.5677434e-12  8.8647302e-01
6.289000000e+00  0.0000000e+00  3.8458799e-12  1.0472882e+00
6.354400000e+00  0.0000000e+00  3.2358365e-12  7.4297637e-01
6.419800000e+00  0.0000000e+00  3.0271339e-12  6.5640673e-01
6.485200000e+00  0.0000000e+00  2.9643622e-12  6.3667085e-01
6.550600000e+00  0.0000000e+00  3.0037856e-12  6.6032973e-01
6.616000000e+00  0.0000000e+00  3.0460377e-12  6.8522614e-01
6.681400000e+00  0.0000000e+00  3.5550407e-12  9.4407068e-01
6.746800000e+00  0.0000000e+00  4.1014394e-12  1.2796505e+00
6.812200000e+00  0.0000000e+00  3.8250634e-12  1.1177219e+00
6.877600000e+00  0.0000000e+00  4.0046889e-12  1.2403551e+00
6.943000000e+00  0.0000000e+00  4.1458984e-12  1.3490732e+00
7.008400000e+00  0.0000000e+00  4.2539531e-12  1.4394433e+00
7.073800000e+00  0.0000000e+00  4.3921316e-12  1.5728195e+00
7.139200000e+00  0.0000000e+00  4.2595061e-12  1.4658582e+00
7.204600000e+00  0.0000000e+00  4.4535170e-12  1.6503306e+00
7.270000000e+00  0.0000000e+00  4.4698874e-12  1.6748448e+00
7.335400000e+00  0.0000000e+00  4.4836000e-12  1.7047952e+00
7.400800000e+00  0.0000000e+00  4.4496817e-12  1.7689126e+00
7.466200000e+00  0.0000000e+00  4.5533821e-12  1.8035356e+00
7.531600000e+00  0.0000000e+00  4.4025380e-12  1.8210242e+00
7.597000000e+00  0.0000000e+00  4.6348234e-12  1.9245595e+00
7.662400000e+00  0.0000000e+00  4.3752220e-12  1.8542230e+00
7.727800000e+00  0.0000000e+00  4.4361795e-12  1.9073382e+00
7.793200000e+00  0.0000000e+00  4.4886051e-12  1.9531777e+00
7.858600000e+00  0.0000000e+00  4.6229419e-12  2.0234707e+00
7.924000000e+00  0.0000000e+00  4.5673514e-12  2.0319337e+00
7.989400000e+00  0.0000000e+00  4.4604252e-12  2.0103140e+00
8.054800000e+00  0.0000000e+00  4.5148796e-12  2.0586279e+00
8.120200000e+00  0.0000000e+00  4.4757322e-12  2.0674063e+00
8.185600000e+00  0.0000000e+00  4.5625810e-12  2.1323876e+00
8.251000000e+00  0.0000000e+00  4.5831730e-12  2.1647599e+00
8.316400000e+00  0.0000000e+00  4.5597991e-12  2.1745499e+00
8.381800000e+00  0.0000000e+00  4.5556479e-12  2.1947296e+00
8.447200000e+00  0.0000000e+00  4.5883837e-12  2.2306342e+00
8.512600000e+00  0.0000000e+00  4.6563752e-12  2.2844030e+00
8.578000000e+00  0.0000000e+00  4.6244719e-12  2.2863915e+00
8.643400000e+00  0.0000000e+00  4.6139610e-12  2.2979600e+00
8.708800000e+00  0.0000000e+00  4.6345462e-12  2.3254106e+00
8.774200000e+00  0.0000000e+00  4.6593019e-12  2.3553022e+00
8.839600000e+00  0.0000000e+00  4.6495183e-12  2.3597224e+00
8.905000000e+00  0.0000000e+00  4.6707707e-12  2.3890488e+00
8.970400000e+00  0.0000000e+00  4.6723095e-12  2.4132429e+00
9.035800000e+00  0.0000000e+00  4.6979911e-12  2.4566242e+00
9.101200000e+00  0.0000000e+00  4.7065990e-12  2.4784775e+00
9.166600000e+00  0.0000000e+00  4.7331280e-12  2.5075164e+00
9.232000000e+00  0.0000000e+00  4.7883013e-12  2.5554610e+00
9.297400000e+00  0.0000000e+00  4.8294100e-12  2.6021730e+00
9.362800000e+00  0.0000000e+00  4.7347549e-12  2.4932386e+00
9.428200000e+00  0.0000000e+00  4.1360323e-12  1.8682548e+00
9.493600000e+00  0.0000000e+00  3.6445874e-12  1.4461999e+00
9.559000000e+00  0.0000000e+00  4.2674625e-12  2.0352992e+00
9.624400000e+00  0.0000000e+00  3.7667533e-12  1.5766400e+00
9.689800000e+00  0.0000000e+00  4.1031489e-12  1.8829550e+00
9.755200000e+00  0.0000000e+00  4.1385638e-12  1.9274817e+00
9.820600000e+00  0.0000000e+00  4.3455094e-12  2.1464740e+00
9.886000000e+00  0.0000000e+00  4.5609552e-12  2.3962930e+00
9.951400000e+00  0.0000000e+00  4.7202038e-12  2.6058911e+00
1.001680000e+01  0.0000000e+00  4.7969569e-12  2.7338548e+00
1.008220000e+01  0.0000000e+00  4.8270626e-12  2.8120911e+00
1.014760000e+01  0.0000000e+00  4.8427423e-12  2.8563801e+00
1.021300000e+01  0.0000000e+00  4.8587734e-12  2.8925393e+00
1.027840000e+01  0.0000000e+00  4.8723355e-12  2.9176247e+00
1.034380000e+01  0.0000000e+00  4.8392219e-12  2.9114293e+00
1.040920000e+01  0.0000000e+00  4.8054975e-12  2.9051453e+00
1.047460000e+01  0.0000000e+00  4.8363114e-12  2.9376211e+00
1.054000000e+01  0.0000000e+00  4.8399911e-12  2.9537473e+00
1.060540000e+01  0.0000000e+00  4.8259396e-12  2.9576904e+00
1.067080000e+01  0.0000000e+00  4.8069921e-12  2.9581373e+00
1.073620000e+01  0.0000000e+00  4.7868950e-12  2.9571990e+00
1.080160000e+01  0.0000000e+00  4.7758582e-12  2.9621780e+00
1.086700000e+01  0.0000000e+00  4.7634598e-12  2.9652667e+00
1.093240000e+01  0.0000000e+00  4.7529294e-12  2.9691147e+00
1.099780000e+01  0.0000000e+00  4.7544354e-12  2.9820422e+00
1.106320000e+01  0.0000000e+00  4.7356805e-12  2.9780786e+00
1.112860000e+01  0.0000000e+00  4.7264576e-12  2.9814430e+00
1.119400000e+01  0.0000000e+00  4.7168329e-12  2.9843079e+00
1.125940000e+01  0.0000000e+00  4.7186755e-12  2.9959279e+00
1.132480000e+01  0.0000000e+00  4.7012313e-12  2.9921866e+00
1.139020000e+01  0.0000000e+00  4.6906485e-12  2.9935634e+00
1.145560000e+01  0.0000000e+00  4.6820231e-12  2.9963020e+00
1.152100000e+01  0.0000000e+00  4.6687934e-12  2.9950363e+00
1.158640000e+01  0.0000000e+00  4.6584103e-12  2.9954603e+00
1.165180000e+01  0.0000000e+00  4.6458817e-12  2.9941351e+00
1.171720000e+01  0.0000000e+00  4.6623164e-12  3.0172837e+00
1.178260000e+01  0.0000000e+00  4.6322497e-12  3.0002538e+00
1.184800000e+01  0.0000000e+00  4.6121287e-12  2.9917558e+00
1.191340000e+01  0.0000000e+00  4.6048894e-12  2.9941120e+00
1.197880000e+01  0.0000000e+00  4.5880515e-12  2.9879203e+00
1.204420000e+01  0.0000000e+00  4.5805282e-12  2.9890977e+00
1.210960000e+01  0.0000000e+00  4.5759557e-12  2.9932596e+00
1.217500000e+01  0.0000000e+00  4.5587603e-12  2.9855495e+00
1.224040000e+01  0.0000000e+00  4.5548871e-12  2.9888668e+00
1.230580000e+01  0.0000000e+00  4.5558730e-12  2.9961912e+00
1.237120000e+01  0.0000000e+00  4.5543961e-12  3.0008717e+00
1.243660000e+01  0.0000000e+00  4.5506686e-12  3.0044766e+00
1.250200000e+01  0.0000000e+00  4.5541769e-12  3.0143425e+00
1.256740000e+01  0.0000000e+00  4.5435330e-12  3.0127905e+00
1.263280000e+01  0.0000000e+00  4.6484484e-12  3.0942466e+00
1.269820000e+01  0.0000000e+00  4.4687508e-12  2.9598818e+00
1.276360000e+01  0.0000000e+00  4.4811034e-12  2.9753542e+00
1.282900000e+01  0.0000000e+00  4.4700360e-12  2.9709357e+00
1.289440000e+01  0.0000000e+00  4.4629721e-12  2.9701192e+00
1.295980000e+01  0.0000000e+00  4.4699751e-12  2.9796009e+00
1.302520000e+01  0.0000000e+00  4.4830717e-12  2.9973419e+00
1.309060000e+01  0.0000000e+00  4.4969427e-12  3.0114376e+00
1.315600000e+01  0.0000000e+00  4.5426068e-12  3.0580804e+00
1.322140000e+01  0.0000000e+00  4.5862155e-12  3.0978278e+00
1.328680000e+01  0.0000000e+00  4.5907007e-12  3.0994594e+00
1.335220000e+01  0.0000000e+00  4.5668574e-12  3.0643462e+00
1.341760000e+01  0.0000000e+00  4.5227515e-12  3.0092147e+00
1.348300000e+01  0.0000000e+00  4.2275960e-12  2.6236602e+00
1.354840000e+01  0.0000000e+00  4.3536187e-12  2.7999746e+00
1.361380000e+01  0.0000000e+00  4.2822837e-12  2.7203458e+00
1.367920000e+01  0.0000000e+00  4.2650740e-12  2.7121397e+00
1.374460000e+01  0.0000000e+00  4.3387477e-12  2.8224936e+00
1.381000000e+01  0.0000000e+00  4.2807087e-12  2.7605795e+00
1.387540000e+01  0.0000000e+00  3.1855473e-12  1.5185309e+00
1.394080000e+01  0.0000000e+00  4.0026137e-12  2.4278810e+00
1.400620000e+01  0.0000000e+00  3.8892269e-12  2.2999692e+00
1.407160000e+01  0.0000000e+00  3.7361772e-12  2.1300766e+00
1.413700000e+01  0.0000000e+00  3.5105283e-12  1.8848979e+00
1.420240000e+01  0.0000000e+00  3.2306754e-12  1.5999174e+00
1.426780000e+01  0.0000000e+00  2.9973751e-12  1.3807441e+00
1.433320000e+01  0.0000000e+00  2.8236340e-12  1.2291658e+00
1.439860000e+01  0.0000000e+00  2.6084903e-12  1.0520207e+00
1.446400000e+01  0.0000000e+00  2.5434588e-12  1.0044544e+00
1.452940000e+01  0.0000000e+00  2.4854107e-12  9.6330896e-01
1.459480000e+01  0.0000000e+00  2.4409528e-12  9.3335089e-01
1.466020000e+01  0.0000000e+00  2.4285976e-12  9.2806580e-01
1.472560000e+01  0.0000000e+00  2.4216973e-12  9.2695688e-01
1.479100000e+01  0.0000000e+00  2.4031655e-12  9.1685525e-01
1.485640000e+01  0.0000000e+00  2.4040844e-12  9.2161596e-01
1.492180000e+01  0.0000000e+00  2.3838498e-12  9.1010257e-01
1.498720000e+01  0.0000000e+00  2.3392683e-12  8.8003737e-01
1.505260000e+01  0.0000000e+00  2.3872873e-12  9.2078964e-01
1.511800000e+01  0.0000000e+00  2.3815680e-12  9.2031494e-01
1.518340000e+01  0.0000000e+00  2.3919553e-12  9.3241453e-01
1.524880000e+01  0.0000000e+00  2.3885938e-12  9.3378746e-01
1.531420000e+01  0.0000000e+00  2.3804354e-12  9.3137727e-01
1.537960000e+01  0.0000000e+00  2.3701288e-12  9.2719594e-01
1.544500000e+01  0.0000000e+00  2.4221333e-12  9.7248341e-01
1.551040000e+01  0.0000000e+00  2.4299574e-12  9.8296549e-01
1.557580000e+01  0.0000000e+00  2.4930785e-12  1.0393446e+00
1.564120000e+01  0.0000000e+00  2.5888133e-12  1.1262056e+00
1.570660000e+01  0.0000000e+00  2.6332016e-12  1.1704588e+00
1.577200000e+01  0.0000000e+00  2.7415230e-12  1.2752910e+00
1.583740000e+01  0.0000000e+00  2.9077453e-12  1.4429598e+00
1.590280000e+01  0.0000000e+00  3.0366391e-12  1.5819958e+00
1.596820000e+01  0.0000000e+00  3.2568904e-12  1.8311097e+00
1.603360000e+01  0.0000000e+00  3.3315377e-12  1.9253114e+00
1.609900000e+01  0.0000000e+00  3.6505608e-12  2.3285956e+00
1.616440000e+01  0.0000000e+00  3.0872787e-12  1.6629732e+00
1.622980000e+01  0.0000000e+00  3.1961646e-12  1.7912925e+00
1.629520000e+01  0.0000000e+00  3.5622799e-12  2.2428376e+00
1.636060000e+01  0.0000000e+00  3.6656692e-12  2.3875476e+00
1.642600000e+01  0.0000000e+00  3.5153497e-12  2.2010589e+00
1.649140000e+01  0.0000000e+00  3.6275612e-12  2.3567330e+00
1.655680000e+01  0.0000000e+00  3.5387422e-12  2.2493304e+00
1.662220000e+01  0.0000000e+00  3.6601954e-12  2.4208709e+00
1.668760000e+01  0.0000000e+00  3.5987286e-12  2.3477967e+00
1.675300000e+01  0.0000000e+00  3.4976224e-12  2.2231881e+00
1.681840000e+01  0.0000000e+00  3.6137238e-12  2.3900535e+00
1.688380000e+01  0.0000000e+00  3.6279983e-12  2.4219275e+00
1.694920000e+01  0.0000000e+00  3.6197318e-12  2.4267016e+00
1.701460000e+01  0.0000000e+00  3.6122359e-12  2.4298745e+00
1.708000000e+01  0.0000000e+00  3.5913207e-12  2.4177091e+00
1.714540000e+01  0.0000000e+00  3.5730038e-12  2.4060309e+00
1.721080000e+01  0.0000000e+00  3.5608515e-12  2.3928240e+00
1.727620000e+01  0.0000000e+00  3.5068852e-12  2.3543415e+00
1.734160000e+01  0.0000000e+00  3.5046807e-12  2.3458266e+00
1.740700000e+01  0.0000000e+00  3.4420636e-12  2.2965159e+00
1.747240000e+01  0.0000000e+00  3.4235024e-12  2.2796894e+00
1.753780000e+01  0.0000000e+00  3.4270778e-12  2.2857887e+00
1.760320000e+01  0.0000000e+00  3.4395228e-12  2.3043492e+00
1.766860000e+01  0.0000000e+00  3.3565215e-12  2.2171860e+00
1.773400000e+01  0.0000000e+00  3.3553067e-12  2.2188760e+00
1.779940000e+01  0.0000000e+00  3.2907538e-12  2.1615953e+00
1.786480000e+01  0.0000000e+00  3.2567018e-12  2.1297172e+00
1.793020000e+01  0.0000000e+00  3.2518184e-12  2.1282356e+00
1.799560000e+01  0.0000000e+00  3.2637217e-12  2.1413682e+00
1.806100000e+01  0.0000000e+00  3.2440440e-12  2.1242849e+00
1.812640000e+01  0.0000000e+00  3.2135543e-12  2.0980159e+00
1.819180000e+01  0.0000000e+00  3.2613603e-12  2.1501715e+00
1.825720000e+01  0.0000000e+00  3.2802949e-12  2.1767351e+00
1.832260000e+01  0.0000000e+00  3.2719090e-12  2.1528949e+00
1.838800000e+01  0.0000000e+00  3.1907350e-12  2.0828273e+00
1.845340000e+01  0.0000000e+00  3.1752208e-12  2.0690493e+00
1.851880000e+01  0.0000000e+00  3.1325726e-12  2.0334949e+00
1.858420000e+01  0.0000000e+00  3.1131482e-12  2.0158677e+00
1.864960000e+01  0.0000000e+00  3.1662964e-12  2.0651647e+00
1.871500000e+01  0.0000000e+00  3.0909224e-12  1.9990616e+00
1.878040000e+01  0.0000000e+00  3.0580102e-12  1.9666296e+00
1.884580000e+01  0.0000000e+00  3.0441419e-12  1.9550576e+00
1.891120000e+01  0.0000000e+00  3.0568157e-12  1.9730400e+00
1.897660000e+01  0.0000000e+00  3.1156409e-12  2.0331528e+00
1.904200000e+01  0.0000000e+00  3.0873054e-12  1.9962434e+00
1.910740000e+01  0.0000000e+00  3.0196066e-12  1.9439714e+00
1.917280000e+01  0.0000000e+00  3.0087252e-12  1.9351750e+00
1.923820000e+01  0.0000000e+00  3.0752787e-12  2.0026700e+00
1.930360000e+01  0.0000000e+00  3.0527327e-12  1.9711981e+00
1.936900000e+01  0.0000000e+00  3.0564375e-12  1.9933548e+00
1.943440000e+01  0.0000000e+00  2.9740799e-12  1.9128356e+00
1.949980000e+01  0.0000000e+00  2.9324751e-12  1.8691924e+00
1.956520000e+01  0.0000000e+00  2.9634866e-12  1.9057387e+00
1.963060000e+01  0.0000000e+00  2.9284467e-12  1.8720650e+00
1.969600000e+01  0.0000000e+00  2.9573084e-12  1.8911866e+00
1.976140000e+01  0.0000000e+00  2.9495587e-12  1.8930858e+00
1.982680000e+01  0.0000000e+00  2.9255119e-12  1.8813833e+00
1.989220000e+01  0.0000000e+00  2.9449400e-12  1.8922993e+00
1.995760000e+01  0.0000000e+00  2.8981104e-12  1.8489886e+00
