# 3D spectroscopic simulation - Spatial binning of 5 (195 calculations)
# ------------------------------------------------------------------------
# Radiance spectrum
# NASA-GSFC Planetary Spectrum Generator (PSG) (Villanueva et al. 2018, 2022)
# Synthesized on Tue Dec 17 15:22:02 2024
# Doppler velocities [km/s] (vobs,vrot+vorb,vwidth,vrfl,vstr): -21.10000,-0.00035,0.00000,-0.00000,-0.00005
# ------------------------------------------------------------------------
# Spectra synthesized with the Planetary and Universal Model of Atmospheric Scattering (PUMAS, Villanueva et al. 2018, 2022)
# Multiple scattering method employing PSGDORT, NMAX:2 / LMAX:4 / gMAX:0.95
# Radiative transfer took 2.923 seconds
# ------------------------------------------------------------------------
# Spectral unit: Wavelength [um]
# Radiance unit: Spectral radiance [W/sr/m2/um]
# Wave/freq Total Noise Proxima-Cen-b
4.000000000e+00  0.0000000e+00  5.9020934e-12  1.6370451e+00
4.065400000e+00  0.0000000e+00  5.2819832e-12  1.3400983e+00
4.130800000e+00  0.0000000e+00  4.7287702e-12  1.0994267e+00
4.196200000e+00  0.0000000e+00  1.5299693e-12  1.2756168e-01
4.261600000e+00  0.0000000e+00  1.5573354e-13  1.1116115e-03
4.327000000e+00  0.0000000e+00  2.6229669e-13  4.2694202e-03
4.392400000e+00  0.0000000e+00  7.4806546e-13  3.9579752e-02
4.457800000e+00  0.0000000e+00  3.0988832e-12  5.1302628e-01
4.523200000e+00  0.0000000e+00  4.5906030e-12  1.0972229e+00
4.588600000e+00  0.0000000e+00  4.6834168e-12  1.1594761e+00
4.654000000e+00  0.0000000e+00  4.6591285e-12  1.1636278e+00
4.719400000e+00  0.0000000e+00  4.1659119e-12  9.4426395e-01
4.784800000e+00  0.0000000e+00  4.1901933e-12  9.6299098e-01
4.850200000e+00  0.0000000e+00  4.0799568e-12  9.1772950e-01
4.915600000e+00  0.0000000e+00  4.3863705e-12  1.0833835e+00
4.981000000e+00  0.0000000e+00  4.3182159e-12  1.0646813e+00
5.046400000e+00  0.0000000e+00  4.3064069e-12  1.0749105e+00
5.111800000e+00  0.0000000e+00  4.1242044e-12  9.9186886e-01
5.177200000e+00  0.0000000e+00  3.8782078e-12  8.7890686e-01
5.242600000e+00  0.0000000e+00  3.8843906e-12  8.9120166e-01
5.308000000e+00  0.0000000e+00  3.9126829e-12  9.1717731e-01
5.373400000e+00  0.0000000e+00  3.7641851e-12  8.5251466e-01
5.438800000e+00  0.0000000e+00  3.3154012e-12  6.5845465e-01
5.504200000e+00  0.0000000e+00  3.5410084e-12  7.6377613e-01
5.569600000e+00  0.0000000e+00  3.0797185e-12  5.7778114e-01
5.635000000e+00  0.0000000e+00  2.9058055e-12  5.1945133e-01
5.700400000e+00  0.0000000e+00  2.8170890e-12  4.9401272e-01
5.765800000e+00  0.0000000e+00  2.7545374e-12  4.7814749e-01
5.831200000e+00  0.0000000e+00  2.7434745e-12  4.8072883e-01
5.896600000e+00  0.0000000e+00  2.4749608e-12  3.9748207e-01
5.962000000e+00  0.0000000e+00  2.4686580e-12  4.0033127e-01
6.027400000e+00  0.0000000e+00  2.5856062e-12  4.4356687e-01
6.092800000e+00  0.0000000e+00  2.5124929e-12  4.2402257e-01
6.158200000e+00  0.0000000e+00  2.7271815e-12  5.0561076e-01
6.223600000e+00  0.0000000e+00  3.2747915e-12  7.3573198e-01
6.289000000e+00  0.0000000e+00  3.6238727e-12  9.1343060e-01
6.354400000e+00  0.0000000e+00  2.8104981e-12  5.5467101e-01
6.419800000e+00  0.0000000e+00  2.5948132e-12  4.7725912e-01
6.485200000e+00  0.0000000e+00  2.5211322e-12  4.5580022e-01
6.550600000e+00  0.0000000e+00  2.5578843e-12  4.7416765e-01
6.616000000e+00  0.0000000e+00  2.5976515e-12  4.9390305e-01
6.681400000e+00  0.0000000e+00  3.0909324e-12  7.0779959e-01
6.746800000e+00  0.0000000e+00  3.7501691e-12  1.0557711e+00
6.812200000e+00  0.0000000e+00  3.3747757e-12  8.6251070e-01
6.877600000e+00  0.0000000e+00  3.6145225e-12  9.9968055e-01
6.943000000e+00  0.0000000e+00  3.8467188e-12  1.1451406e+00
7.008400000e+00  0.0000000e+00  3.9432786e-12  1.2167432e+00
7.073800000e+00  0.0000000e+00  4.2901767e-12  1.4613968e+00
7.139200000e+00  0.0000000e+00  3.9361063e-12  1.2332800e+00
7.204600000e+00  0.0000000e+00  4.3781384e-12  1.5517040e+00
7.270000000e+00  0.0000000e+00  4.3761502e-12  1.5637318e+00
7.335400000e+00  0.0000000e+00  4.4539996e-12  1.6356570e+00
7.400800000e+00  0.0000000e+00  4.7880899e-12  1.9322458e+00
7.466200000e+00  0.0000000e+00  4.6022344e-12  1.7815519e+00
7.531600000e+00  0.0000000e+00  4.9400773e-12  2.1102762e+00
7.597000000e+00  0.0000000e+00  4.7653439e-12  1.9522360e+00
7.662400000e+00  0.0000000e+00  5.0012848e-12  2.2054419e+00
7.727800000e+00  0.0000000e+00  5.0260576e-12  2.2429730e+00
7.793200000e+00  0.0000000e+00  5.0382311e-12  2.2685897e+00
7.858600000e+00  0.0000000e+00  4.9789389e-12  2.2171359e+00
7.924000000e+00  0.0000000e+00  5.0631550e-12  2.3228565e+00
7.989400000e+00  0.0000000e+00  5.1253005e-12  2.4123249e+00
8.054800000e+00  0.0000000e+00  5.1365209e-12  2.4387472e+00
8.120200000e+00  0.0000000e+00  5.1682247e-12  2.4950307e+00
8.185600000e+00  0.0000000e+00  5.1774273e-12  2.5166647e+00
8.251000000e+00  0.0000000e+00  5.1944689e-12  2.5518229e+00
8.316400000e+00  0.0000000e+00  5.2160293e-12  2.5958655e+00
8.381800000e+00  0.0000000e+00  5.2384058e-12  2.6396071e+00
8.447200000e+00  0.0000000e+00  5.2491707e-12  2.6674986e+00
8.512600000e+00  0.0000000e+00  5.2536055e-12  2.6853443e+00
8.578000000e+00  0.0000000e+00  5.2691676e-12  2.7242753e+00
8.643400000e+00  0.0000000e+00  5.2792325e-12  2.7551530e+00
8.708800000e+00  0.0000000e+00  5.2849450e-12  2.7786717e+00
8.774200000e+00  0.0000000e+00  5.2892001e-12  2.8002793e+00
8.839600000e+00  0.0000000e+00  5.2831409e-12  2.8121904e+00
8.905000000e+00  0.0000000e+00  5.2878875e-12  2.8351422e+00
8.970400000e+00  0.0000000e+00  5.3067674e-12  2.8761374e+00
9.035800000e+00  0.0000000e+00  5.3361050e-12  2.9280806e+00
9.101200000e+00  0.0000000e+00  5.3430275e-12  2.9542367e+00
9.166600000e+00  0.0000000e+00  5.3470797e-12  2.9739030e+00
9.232000000e+00  0.0000000e+00  5.3600295e-12  3.0002251e+00
9.297400000e+00  0.0000000e+00  5.3795899e-12  3.0383605e+00
9.362800000e+00  0.0000000e+00  5.2191918e-12  2.8730452e+00
9.428200000e+00  0.0000000e+00  4.3888468e-12  2.0274896e+00
9.493600000e+00  0.0000000e+00  3.8042145e-12  1.5259485e+00
9.559000000e+00  0.0000000e+00  4.6125363e-12  2.2752316e+00
9.624400000e+00  0.0000000e+00  3.9693303e-12  1.6877360e+00
9.689800000e+00  0.0000000e+00  4.3539110e-12  2.0462448e+00
9.755200000e+00  0.0000000e+00  4.3932740e-12  2.0967761e+00
9.820600000e+00  0.0000000e+00  4.6495246e-12  2.3674235e+00
9.886000000e+00  0.0000000e+00  4.9398508e-12  2.6961715e+00
9.951400000e+00  0.0000000e+00  5.1817168e-12  2.9939287e+00
1.001680000e+01  0.0000000e+00  5.3275778e-12  3.1934791e+00
1.008220000e+01  0.0000000e+00  5.4104944e-12  3.3233339e+00
1.014760000e+01  0.0000000e+00  5.4388910e-12  3.3818590e+00
1.021300000e+01  0.0000000e+00  5.4482105e-12  3.4136336e+00
1.027840000e+01  0.0000000e+00  5.4432098e-12  3.4262742e+00
1.034380000e+01  0.0000000e+00  5.4303402e-12  3.4366113e+00
1.040920000e+01  0.0000000e+00  5.4163299e-12  3.4459486e+00
1.047460000e+01  0.0000000e+00  5.4113761e-12  3.4542745e+00
1.054000000e+01  0.0000000e+00  5.4013822e-12  3.4613062e+00
1.060540000e+01  0.0000000e+00  5.3925121e-12  3.4720889e+00
1.067080000e+01  0.0000000e+00  5.3800699e-12  3.4790752e+00
1.073620000e+01  0.0000000e+00  5.3661251e-12  3.4841732e+00
1.080160000e+01  0.0000000e+00  5.3520915e-12  3.4875144e+00
1.086700000e+01  0.0000000e+00  5.3406653e-12  3.4937109e+00
1.093240000e+01  0.0000000e+00  5.3289763e-12  3.4988802e+00
1.099780000e+01  0.0000000e+00  5.3158577e-12  3.5005868e+00
1.106320000e+01  0.0000000e+00  5.3022626e-12  3.5035284e+00
1.112860000e+01  0.0000000e+00  5.2874393e-12  3.5036243e+00
1.119400000e+01  0.0000000e+00  5.2725161e-12  3.5034317e+00
1.125940000e+01  0.0000000e+00  5.2551824e-12  3.4984217e+00
1.132480000e+01  0.0000000e+00  5.2416787e-12  3.5006096e+00
1.139020000e+01  0.0000000e+00  5.2265464e-12  3.4995526e+00
1.145560000e+01  0.0000000e+00  5.2109085e-12  3.4973625e+00
1.152100000e+01  0.0000000e+00  5.1956703e-12  3.4960026e+00
1.158640000e+01  0.0000000e+00  5.1794751e-12  3.4925584e+00
1.165180000e+01  0.0000000e+00  5.1626416e-12  3.4885018e+00
1.171720000e+01  0.0000000e+00  5.1430534e-12  3.4774295e+00
1.178260000e+01  0.0000000e+00  5.1279403e-12  3.4769116e+00
1.184800000e+01  0.0000000e+00  5.1120440e-12  3.4742158e+00
1.191340000e+01  0.0000000e+00  5.0946927e-12  3.4680529e+00
1.197880000e+01  0.0000000e+00  5.0779082e-12  3.4633847e+00
1.204420000e+01  0.0000000e+00  5.0617485e-12  3.4580173e+00
1.210960000e+01  0.0000000e+00  5.0420193e-12  3.4478317e+00
1.217500000e+01  0.0000000e+00  5.0271197e-12  3.4448267e+00
1.224040000e+01  0.0000000e+00  5.0109705e-12  3.4382823e+00
1.230580000e+01  0.0000000e+00  4.9934214e-12  3.4291806e+00
1.237120000e+01  0.0000000e+00  4.9748629e-12  3.4186931e+00
1.243660000e+01  0.0000000e+00  4.9564431e-12  3.4089790e+00
1.250200000e+01  0.0000000e+00  4.9310847e-12  3.3890330e+00
1.256740000e+01  0.0000000e+00  4.9106084e-12  3.3772243e+00
1.263280000e+01  0.0000000e+00  4.8842714e-12  3.3369450e+00
1.269820000e+01  0.0000000e+00  4.8787452e-12  3.3713538e+00
1.276360000e+01  0.0000000e+00  4.8555107e-12  3.3518259e+00
1.282900000e+01  0.0000000e+00  4.8395454e-12  3.3447402e+00
1.289440000e+01  0.0000000e+00  4.8211423e-12  3.3338501e+00
1.295980000e+01  0.0000000e+00  4.8051050e-12  3.3233242e+00
1.302520000e+01  0.0000000e+00  4.7875542e-12  3.3113085e+00
1.309060000e+01  0.0000000e+00  4.7600149e-12  3.2844293e+00
1.315600000e+01  0.0000000e+00  4.7352959e-12  3.2579907e+00
1.322140000e+01  0.0000000e+00  4.6793678e-12  3.1870600e+00
1.328680000e+01  0.0000000e+00  4.6201544e-12  3.1157132e+00
1.335220000e+01  0.0000000e+00  4.5262683e-12  2.9981115e+00
1.341760000e+01  0.0000000e+00  4.4341884e-12  2.8863013e+00
1.348300000e+01  0.0000000e+00  4.0565423e-12  2.4122657e+00
1.354840000e+01  0.0000000e+00  4.1686217e-12  2.5652497e+00
1.361380000e+01  0.0000000e+00  4.0986347e-12  2.4899305e+00
1.367920000e+01  0.0000000e+00  4.0826029e-12  2.4825762e+00
1.374460000e+01  0.0000000e+00  4.1605774e-12  2.5932500e+00
1.381000000e+01  0.0000000e+00  4.1014243e-12  2.5310243e+00
1.387540000e+01  0.0000000e+00  3.0848669e-12  1.4217469e+00
1.394080000e+01  0.0000000e+00  3.8164579e-12  2.2032363e+00
1.400620000e+01  0.0000000e+00  3.7082195e-12  2.0869317e+00
1.407160000e+01  0.0000000e+00  3.5679557e-12  1.9383185e+00
1.413700000e+01  0.0000000e+00  3.3680312e-12  1.7313355e+00
1.420240000e+01  0.0000000e+00  3.1208511e-12  1.4903418e+00
1.426780000e+01  0.0000000e+00  2.9121901e-12  1.3017249e+00
1.433320000e+01  0.0000000e+00  2.7544377e-12  1.1686190e+00
1.439860000e+01  0.0000000e+00  2.5694119e-12  1.0204047e+00
1.446400000e+01  0.0000000e+00  2.5138027e-12  9.8098286e-01
1.452940000e+01  0.0000000e+00  2.4685076e-12  9.5019326e-01
1.459480000e+01  0.0000000e+00  2.4381287e-12  9.3119648e-01
1.466020000e+01  0.0000000e+00  2.4282731e-12  9.2782767e-01
1.472560000e+01  0.0000000e+00  2.4235871e-12  9.2841297e-01
1.479100000e+01  0.0000000e+00  2.4092351e-12  9.2150805e-01
1.485640000e+01  0.0000000e+00  2.4082677e-12  9.2483968e-01
1.492180000e+01  0.0000000e+00  2.3924024e-12  9.1666827e-01
1.498720000e+01  0.0000000e+00  2.3480496e-12  8.8668134e-01
1.505260000e+01  0.0000000e+00  2.3926045e-12  9.2490994e-01
1.511800000e+01  0.0000000e+00  2.3860981e-12  9.2383474e-01
1.518340000e+01  0.0000000e+00  2.3935142e-12  9.3363834e-01
1.524880000e+01  0.0000000e+00  2.3893822e-12  9.3441202e-01
1.531420000e+01  0.0000000e+00  2.3820723e-12  9.3266815e-01
1.537960000e+01  0.0000000e+00  2.3705984e-12  9.2757788e-01
1.544500000e+01  0.0000000e+00  2.4057365e-12  9.5929602e-01
1.551040000e+01  0.0000000e+00  2.4114756e-12  9.6798644e-01
1.557580000e+01  0.0000000e+00  2.4600184e-12  1.0117080e+00
1.564120000e+01  0.0000000e+00  2.5382095e-12  1.0820285e+00
1.570660000e+01  0.0000000e+00  2.5781840e-12  1.1213292e+00
1.577200000e+01  0.0000000e+00  2.6720731e-12  1.2103321e+00
1.583740000e+01  0.0000000e+00  2.8172842e-12  1.3526620e+00
1.590280000e+01  0.0000000e+00  2.9315218e-12  1.4719432e+00
1.596820000e+01  0.0000000e+00  3.1226882e-12  1.6801858e+00
1.603360000e+01  0.0000000e+00  3.1905626e-12  1.7627507e+00
1.609900000e+01  0.0000000e+00  3.4875237e-12  2.1232476e+00
1.616440000e+01  0.0000000e+00  2.9757491e-12  1.5426209e+00
1.622980000e+01  0.0000000e+00  3.0735405e-12  1.6536790e+00
1.629520000e+01  0.0000000e+00  3.3995134e-12  2.0403281e+00
1.636060000e+01  0.0000000e+00  3.5045486e-12  2.1808265e+00
1.642600000e+01  0.0000000e+00  3.3639646e-12  2.0134894e+00
1.649140000e+01  0.0000000e+00  3.4781550e-12  2.1651687e+00
1.655680000e+01  0.0000000e+00  3.3963400e-12  2.0702312e+00
1.662220000e+01  0.0000000e+00  3.5331380e-12  2.2546342e+00
1.668760000e+01  0.0000000e+00  3.4718224e-12  2.1837059e+00
1.675300000e+01  0.0000000e+00  3.3644080e-12  2.0549410e+00
1.681840000e+01  0.0000000e+00  3.5084613e-12  2.2500283e+00
1.688380000e+01  0.0000000e+00  3.5195610e-12  2.2748476e+00
1.694920000e+01  0.0000000e+00  3.5773398e-12  2.3626002e+00
1.701460000e+01  0.0000000e+00  3.5925322e-12  2.3935274e+00
1.708000000e+01  0.0000000e+00  3.5960921e-12  2.4095950e+00
1.714540000e+01  0.0000000e+00  3.5933853e-12  2.4163015e+00
1.721080000e+01  0.0000000e+00  3.4949607e-12  2.2908925e+00
1.727620000e+01  0.0000000e+00  3.5938748e-12  2.4407463e+00
1.734160000e+01  0.0000000e+00  3.4980671e-12  2.3158031e+00
1.740700000e+01  0.0000000e+00  3.5574112e-12  2.4123254e+00
1.747240000e+01  0.0000000e+00  3.5382307e-12  2.3947516e+00
1.753780000e+01  0.0000000e+00  3.4817499e-12  2.3252007e+00
1.760320000e+01  0.0000000e+00  3.4457701e-12  2.2837719e+00
1.766860000e+01  0.0000000e+00  3.4584458e-12  2.3132176e+00
1.773400000e+01  0.0000000e+00  3.4178875e-12  2.2657636e+00
1.779940000e+01  0.0000000e+00  3.4533208e-12  2.3277368e+00
1.786480000e+01  0.0000000e+00  3.4361383e-12  2.3142994e+00
1.793020000e+01  0.0000000e+00  3.4184080e-12  2.2981227e+00
1.799560000e+01  0.0000000e+00  3.3866717e-12  2.2607782e+00
1.806100000e+01  0.0000000e+00  3.3707278e-12  2.2478854e+00
1.812640000e+01  0.0000000e+00  3.3687707e-12  2.2551969e+00
1.819180000e+01  0.0000000e+00  3.3266234e-12  2.2016737e+00
1.825720000e+01  0.0000000e+00  3.3022952e-12  2.1753833e+00
1.832260000e+01  0.0000000e+00  3.2001563e-12  2.0428918e+00
1.838800000e+01  0.0000000e+00  3.2976774e-12  2.1871822e+00
1.845340000e+01  0.0000000e+00  3.2563601e-12  2.1394592e+00
1.851880000e+01  0.0000000e+00  3.2743191e-12  2.1751371e+00
1.858420000e+01  0.0000000e+00  3.2607068e-12  2.1646161e+00
1.864960000e+01  0.0000000e+00  3.1746776e-12  2.0502642e+00
1.871500000e+01  0.0000000e+00  3.2308546e-12  2.1393453e+00
1.878040000e+01  0.0000000e+00  3.2153394e-12  2.1266911e+00
1.884580000e+01  0.0000000e+00  3.2008953e-12  2.1146727e+00
1.891120000e+01  0.0000000e+00  3.1858054e-12  2.1009302e+00
1.897660000e+01  0.0000000e+00  3.1202110e-12  2.0147907e+00
1.904200000e+01  0.0000000e+00  3.0658362e-12  1.9492855e+00
1.910740000e+01  0.0000000e+00  3.1420682e-12  2.0643502e+00
1.917280000e+01  0.0000000e+00  3.1264545e-12  2.0503349e+00
1.923820000e+01  0.0000000e+00  3.0387510e-12  1.9348969e+00
1.930360000e+01  0.0000000e+00  2.9695079e-12  1.8503383e+00
1.936900000e+01  0.0000000e+00  3.0259206e-12  1.9324078e+00
1.943440000e+01  0.0000000e+00  3.0677063e-12  1.9997462e+00
1.949980000e+01  0.0000000e+00  3.0499632e-12  1.9837747e+00
1.956520000e+01  0.0000000e+00  3.0234185e-12  1.9530863e+00
1.963060000e+01  0.0000000e+00  3.0222831e-12  1.9598187e+00
1.969600000e+01  0.0000000e+00  2.9168310e-12  1.8231540e+00
1.976140000e+01  0.0000000e+00  2.9360821e-12  1.8556876e+00
1.982680000e+01  0.0000000e+00  2.9752842e-12  1.9167294e+00
1.989220000e+01  0.0000000e+00  2.8786409e-12  1.7926205e+00
1.995760000e+01  0.0000000e+00  2.9121122e-12  1.8446201e+00
