# 3D spectroscopic simulation - Spatial binning of 5 (195 calculations)
# ------------------------------------------------------------------------
# Radiance spectrum
# NASA-GSFC Planetary Spectrum Generator (PSG) (Villanueva et al. 2018, 2022)
# Synthesized on Thu Jan 23 08:23:04 2025
# Doppler velocities [km/s] (vobs,vrot+vorb,vwidth,vrfl,vstr): -21.10000,-0.00025,0.00000,0.00000,-0.00036
# ------------------------------------------------------------------------
# Spectra synthesized with the Planetary and Universal Model of Atmospheric Scattering (PUMAS, Villanueva et al. 2018, 2022)
# Multiple scattering method employing PSGDORT, NMAX:2 / LMAX:4 / gMAX:0.95
# Radiative transfer took 1.153 seconds
# ------------------------------------------------------------------------
# Spectral unit: Wavelength [um]
# Radiance unit: Spectral radiance [W/sr/m2/um]
# Wave/freq Total Noise Proxima-Cen-b
4.000000000e+00  0.0000000e+00  6.4032132e-13  7.4447445e-02
4.065400000e+00  0.0000000e+00  7.7406960e-13  4.4552753e-02
4.130800000e+00  0.0000000e+00  9.0818941e-13  4.2360704e-02
4.196200000e+00  0.0000000e+00  5.1089929e-13  1.1958102e-02
4.261600000e+00  0.0000000e+00  1.4981858e-13  1.0283454e-03
4.327000000e+00  0.0000000e+00  2.0684700e-13  2.0096927e-03
4.392400000e+00  0.0000000e+00  4.1470069e-13  8.5305545e-03
4.457800000e+00  0.0000000e+00  1.2359484e-12  7.4695817e-02
4.523200000e+00  0.0000000e+00  1.0055265e-12  7.5956690e-02
4.588600000e+00  0.0000000e+00  8.6152381e-13  8.5918232e-02
4.654000000e+00  0.0000000e+00  8.3468237e-13  9.4390541e-02
4.719400000e+00  0.0000000e+00  8.6993048e-13  6.9537759e-02
4.784800000e+00  0.0000000e+00  1.0602476e-12  8.6131956e-02
4.850200000e+00  0.0000000e+00  1.3349754e-12  1.1051277e-01
4.915600000e+00  0.0000000e+00  1.0490028e-12  1.0712050e-01
4.981000000e+00  0.0000000e+00  1.0464490e-12  1.1218569e-01
5.046400000e+00  0.0000000e+00  1.0342879e-12  1.1370191e-01
5.111800000e+00  0.0000000e+00  1.2333980e-12  1.3089569e-01
5.177200000e+00  0.0000000e+00  1.5082126e-12  1.5992471e-01
5.242600000e+00  0.0000000e+00  1.5801699e-12  1.7572375e-01
5.308000000e+00  0.0000000e+00  1.5488274e-12  1.8173801e-01
5.373400000e+00  0.0000000e+00  1.7327341e-12  2.1687255e-01
5.438800000e+00  0.0000000e+00  2.1161901e-12  3.0034777e-01
5.504200000e+00  0.0000000e+00  2.0810874e-12  3.0153154e-01
5.569600000e+00  0.0000000e+00  2.3613549e-12  3.6998225e-01
5.635000000e+00  0.0000000e+00  2.4552574e-12  3.9583328e-01
5.700400000e+00  0.0000000e+00  2.5485273e-12  4.2829824e-01
5.765800000e+00  0.0000000e+00  2.5893048e-12  4.4201105e-01
5.831200000e+00  0.0000000e+00  2.6770599e-12  4.7758385e-01
5.896600000e+00  0.0000000e+00  2.6847091e-12  4.7651486e-01
5.962000000e+00  0.0000000e+00  2.7522836e-12  5.0401464e-01
6.027400000e+00  0.0000000e+00  2.8403026e-12  5.3949180e-01
6.092800000e+00  0.0000000e+00  2.8845993e-12  5.5951023e-01
6.158200000e+00  0.0000000e+00  3.0590763e-12  6.3873252e-01
6.223600000e+00  0.0000000e+00  3.2062832e-12  7.1639362e-01
6.289000000e+00  0.0000000e+00  3.2812994e-12  7.6578253e-01
6.354400000e+00  0.0000000e+00  3.2252668e-12  7.2795672e-01
6.419800000e+00  0.0000000e+00  3.1621194e-12  7.0282268e-01
6.485200000e+00  0.0000000e+00  3.1498445e-12  7.0486280e-01
6.550600000e+00  0.0000000e+00  3.1918257e-12  7.3269783e-01
6.616000000e+00  0.0000000e+00  3.2243477e-12  7.5475169e-01
6.681400000e+00  0.0000000e+00  3.4841953e-12  9.0043245e-01
6.746800000e+00  0.0000000e+00  3.5869247e-12  9.9377226e-01
6.812200000e+00  0.0000000e+00  3.5842256e-12  9.8434965e-01
6.877600000e+00  0.0000000e+00  3.5944260e-12  1.0115245e+00
6.943000000e+00  0.0000000e+00  3.5436908e-12  1.0048101e+00
7.008400000e+00  0.0000000e+00  3.5912762e-12  1.0610046e+00
7.073800000e+00  0.0000000e+00  3.3778231e-12  9.7462472e-01
7.139200000e+00  0.0000000e+00  3.6599506e-12  1.1148941e+00
7.204600000e+00  0.0000000e+00  3.3950863e-12  1.0049833e+00
7.270000000e+00  0.0000000e+00  3.4365833e-12  1.0357880e+00
7.335400000e+00  0.0000000e+00  3.3856505e-12  1.0125100e+00
7.400800000e+00  0.0000000e+00  2.8184319e-12  7.3637431e-01
7.466200000e+00  0.0000000e+00  3.3269486e-12  1.0079634e+00
7.531600000e+00  0.0000000e+00  2.5023160e-12  6.0378540e-01
7.597000000e+00  0.0000000e+00  3.2310747e-12  9.9150999e-01
7.662400000e+00  0.0000000e+00  2.3784197e-12  5.4549965e-01
7.727800000e+00  0.0000000e+00  2.4736818e-12  5.9588253e-01
7.793200000e+00  0.0000000e+00  2.5677146e-12  6.4430737e-01
7.858600000e+00  0.0000000e+00  2.9412684e-12  8.4082435e-01
7.924000000e+00  0.0000000e+00  2.7116061e-12  7.2468380e-01
7.989400000e+00  0.0000000e+00  2.4108841e-12  5.6865467e-01
8.054800000e+00  0.0000000e+00  2.5094571e-12  6.2332865e-01
8.120200000e+00  0.0000000e+00  2.3836844e-12  5.6562106e-01
8.185600000e+00  0.0000000e+00  2.5516291e-12  6.5849255e-01
8.251000000e+00  0.0000000e+00  2.5757867e-12  6.7409683e-01
8.316400000e+00  0.0000000e+00  2.5042034e-12  6.3625553e-01
8.381800000e+00  0.0000000e+00  2.4733687e-12  6.2116169e-01
8.447200000e+00  0.0000000e+00  2.5341040e-12  6.5438700e-01
8.512600000e+00  0.0000000e+00  2.6797405e-12  7.3702130e-01
8.578000000e+00  0.0000000e+00  2.5987553e-12  6.9040964e-01
8.643400000e+00  0.0000000e+00  2.5729499e-12  6.7546273e-01
8.708800000e+00  0.0000000e+00  2.6195198e-12  7.0116669e-01
8.774200000e+00  0.0000000e+00  2.6777239e-12  7.3464950e-01
8.839600000e+00  0.0000000e+00  2.6838949e-12  7.3369323e-01
8.905000000e+00  0.0000000e+00  2.7316493e-12  7.6580553e-01
8.970400000e+00  0.0000000e+00  2.7071607e-12  7.5903513e-01
9.035800000e+00  0.0000000e+00  2.7203967e-12  7.7721799e-01
9.101200000e+00  0.0000000e+00  2.7404120e-12  7.9119543e-01
9.166600000e+00  0.0000000e+00  2.8181691e-12  8.3628548e-01
9.232000000e+00  0.0000000e+00  2.9640356e-12  9.2406849e-01
9.297400000e+00  0.0000000e+00  3.0491646e-12  9.8232424e-01
9.362800000e+00  0.0000000e+00  3.1494853e-12  1.0194867e+00
9.428200000e+00  0.0000000e+00  3.1143698e-12  9.8630792e-01
9.493600000e+00  0.0000000e+00  2.8523568e-12  8.3460571e-01
9.559000000e+00  0.0000000e+00  3.0514381e-12  9.6223560e-01
9.624400000e+00  0.0000000e+00  2.8644795e-12  8.5223708e-01
9.689800000e+00  0.0000000e+00  3.1202906e-12  1.0167160e+00
9.755200000e+00  0.0000000e+00  3.1479272e-12  1.0418076e+00
9.820600000e+00  0.0000000e+00  3.2446054e-12  1.1147321e+00
9.886000000e+00  0.0000000e+00  3.2832299e-12  1.1525532e+00
9.951400000e+00  0.0000000e+00  3.2441521e-12  1.1404498e+00
1.001680000e+01  0.0000000e+00  3.1491345e-12  1.0940777e+00
1.008220000e+01  0.0000000e+00  3.0404872e-12  1.0457258e+00
1.014760000e+01  0.0000000e+00  3.0168605e-12  1.0520976e+00
1.021300000e+01  0.0000000e+00  3.0371986e-12  1.0869113e+00
1.027840000e+01  0.0000000e+00  3.0818440e-12  1.1259645e+00
1.034380000e+01  0.0000000e+00  3.0097270e-12  1.0854066e+00
1.040920000e+01  0.0000000e+00  2.9378123e-12  1.0462225e+00
1.047460000e+01  0.0000000e+00  3.0333077e-12  1.1148319e+00
1.054000000e+01  0.0000000e+00  3.0592365e-12  1.1397391e+00
1.060540000e+01  0.0000000e+00  3.0412957e-12  1.1333279e+00
1.067080000e+01  0.0000000e+00  3.0115333e-12  1.1200001e+00
1.073620000e+01  0.0000000e+00  2.9807026e-12  1.1058066e+00
1.080160000e+01  0.0000000e+00  2.9721618e-12  1.1079663e+00
1.086700000e+01  0.0000000e+00  2.9622717e-12  1.1067485e+00
1.093240000e+01  0.0000000e+00  2.9579499e-12  1.1091832e+00
1.099780000e+01  0.0000000e+00  2.9807527e-12  1.1342314e+00
1.106320000e+01  0.0000000e+00  2.9619452e-12  1.1238400e+00
1.112860000e+01  0.0000000e+00  2.9644404e-12  1.1315890e+00
1.119400000e+01  0.0000000e+00  2.9662006e-12  1.1388388e+00
1.125940000e+01  0.0000000e+00  2.9942619e-12  1.1687019e+00
1.132480000e+01  0.0000000e+00  2.9791732e-12  1.1613827e+00
1.139020000e+01  0.0000000e+00  2.9797579e-12  1.1675109e+00
1.145560000e+01  0.0000000e+00  2.9848493e-12  1.1776310e+00
1.152100000e+01  0.0000000e+00  2.9803311e-12  1.1794118e+00
1.158640000e+01  0.0000000e+00  2.9834907e-12  1.1874793e+00
1.165180000e+01  0.0000000e+00  2.9816020e-12  1.1918790e+00
1.171720000e+01  0.0000000e+00  3.0434554e-12  1.2538259e+00
1.178260000e+01  0.0000000e+00  3.0039475e-12  1.2234198e+00
1.184800000e+01  0.0000000e+00  2.9862846e-12  1.2131871e+00
1.191340000e+01  0.0000000e+00  2.9969313e-12  1.2287171e+00
1.197880000e+01  0.0000000e+00  2.9868119e-12  1.2252071e+00
1.204420000e+01  0.0000000e+00  2.9983663e-12  1.2399042e+00
1.210960000e+01  0.0000000e+00  3.0155220e-12  1.2622053e+00
1.217500000e+01  0.0000000e+00  3.0062276e-12  1.2573612e+00
1.224040000e+01  0.0000000e+00  3.0276677e-12  1.2799423e+00
1.230580000e+01  0.0000000e+00  3.0608840e-12  1.3133771e+00
1.237120000e+01  0.0000000e+00  3.0904155e-12  1.3433175e+00
1.243660000e+01  0.0000000e+00  3.1128323e-12  1.3688518e+00
1.250200000e+01  0.0000000e+00  3.1527148e-12  1.4133760e+00
1.256740000e+01  0.0000000e+00  3.1575834e-12  1.4268217e+00
1.263280000e+01  0.0000000e+00  3.5518551e-12  1.7642202e+00
1.269820000e+01  0.0000000e+00  3.0446966e-12  1.3332504e+00
1.276360000e+01  0.0000000e+00  3.1105364e-12  1.3973866e+00
1.282900000e+01  0.0000000e+00  3.1200993e-12  1.4091353e+00
1.289440000e+01  0.0000000e+00  3.1397346e-12  1.4316363e+00
1.295980000e+01  0.0000000e+00  3.2008803e-12  1.4877759e+00
1.302520000e+01  0.0000000e+00  3.2739725e-12  1.5603879e+00
1.309060000e+01  0.0000000e+00  3.3718047e-12  1.6530309e+00
1.315600000e+01  0.0000000e+00  3.5549754e-12  1.8365569e+00
1.322140000e+01  0.0000000e+00  3.7964293e-12  2.0887252e+00
1.328680000e+01  0.0000000e+00  3.9371455e-12  2.2464664e+00
1.335220000e+01  0.0000000e+00  4.0701258e-12  2.4001727e+00
1.341760000e+01  0.0000000e+00  4.1429490e-12  2.4912875e+00
1.348300000e+01  0.0000000e+00  4.1515678e-12  2.5005499e+00
1.354840000e+01  0.0000000e+00  4.2320332e-12  2.6133343e+00
1.361380000e+01  0.0000000e+00  4.1783759e-12  2.5585352e+00
1.367920000e+01  0.0000000e+00  4.1532964e-12  2.5407017e+00
1.374460000e+01  0.0000000e+00  4.1958404e-12  2.6061335e+00
1.381000000e+01  0.0000000e+00  4.1492501e-12  2.5618654e+00
1.387540000e+01  0.0000000e+00  3.2383079e-12  1.5646783e+00
1.394080000e+01  0.0000000e+00  4.0130497e-12  2.4170063e+00
1.400620000e+01  0.0000000e+00  3.9353807e-12  2.3349821e+00
1.407160000e+01  0.0000000e+00  3.8149159e-12  2.2061760e+00
1.413700000e+01  0.0000000e+00  3.6113044e-12  1.9865829e+00
1.420240000e+01  0.0000000e+00  3.3323201e-12  1.6997451e+00
1.426780000e+01  0.0000000e+00  3.0961247e-12  1.4737976e+00
1.433320000e+01  0.0000000e+00  2.9191375e-12  1.3153319e+00
1.439860000e+01  0.0000000e+00  2.6854558e-12  1.1163991e+00
1.446400000e+01  0.0000000e+00  2.6137146e-12  1.0618696e+00
1.452940000e+01  0.0000000e+00  2.5427264e-12  1.0089622e+00
1.459480000e+01  0.0000000e+00  2.4819715e-12  9.6523260e-01
1.466020000e+01  0.0000000e+00  2.4660385e-12  9.5708407e-01
1.472560000e+01  0.0000000e+00  2.4572750e-12  9.5451613e-01
1.479100000e+01  0.0000000e+00  2.4336100e-12  9.4027744e-01
1.485640000e+01  0.0000000e+00  2.4360710e-12  9.4637661e-01
1.492180000e+01  0.0000000e+00  2.4108315e-12  9.3082310e-01
1.498720000e+01  0.0000000e+00  2.3456505e-12  8.8483807e-01
1.505260000e+01  0.0000000e+00  2.4179032e-12  9.4460755e-01
1.511800000e+01  0.0000000e+00  2.4120525e-12  9.4409273e-01
1.518340000e+01  0.0000000e+00  2.4266478e-12  9.5978348e-01
1.524880000e+01  0.0000000e+00  2.4234652e-12  9.6139265e-01
1.531420000e+01  0.0000000e+00  2.4143599e-12  9.5823659e-01
1.537960000e+01  0.0000000e+00  2.4030452e-12  9.5327303e-01
1.544500000e+01  0.0000000e+00  2.4755789e-12  1.0165305e+00
1.551040000e+01  0.0000000e+00  2.4857261e-12  1.0293364e+00
1.557580000e+01  0.0000000e+00  2.5612821e-12  1.0981805e+00
1.564120000e+01  0.0000000e+00  2.6698180e-12  1.1994028e+00
1.570660000e+01  0.0000000e+00  2.7124068e-12  1.2432851e+00
1.577200000e+01  0.0000000e+00  2.8263099e-12  1.3563598e+00
1.583740000e+01  0.0000000e+00  2.9981283e-12  1.5334916e+00
1.590280000e+01  0.0000000e+00  3.1270154e-12  1.6748200e+00
1.596820000e+01  0.0000000e+00  3.3349816e-12  1.9116472e+00
1.603360000e+01  0.0000000e+00  3.3864562e-12  1.9780059e+00
1.609900000e+01  0.0000000e+00  3.6251926e-12  2.2751525e+00
1.616440000e+01  0.0000000e+00  3.1452150e-12  1.7196027e+00
1.622980000e+01  0.0000000e+00  3.2505065e-12  1.8442296e+00
1.629520000e+01  0.0000000e+00  3.5577365e-12  2.2178862e+00
1.636060000e+01  0.0000000e+00  3.6130981e-12  2.2973685e+00
1.642600000e+01  0.0000000e+00  3.4991201e-12  2.1622573e+00
1.649140000e+01  0.0000000e+00  3.5553154e-12  2.2423041e+00
1.655680000e+01  0.0000000e+00  3.4870831e-12  2.1646696e+00
1.662220000e+01  0.0000000e+00  3.5203990e-12  2.2181794e+00
1.668760000e+01  0.0000000e+00  3.4787459e-12  2.1736213e+00
1.675300000e+01  0.0000000e+00  3.4400699e-12  2.1320128e+00
1.681840000e+01  0.0000000e+00  3.4215855e-12  2.1233826e+00
1.688380000e+01  0.0000000e+00  3.3915623e-12  2.1010442e+00
1.694920000e+01  0.0000000e+00  3.2839244e-12  1.9801538e+00
1.701460000e+01  0.0000000e+00  3.2332717e-12  1.9298260e+00
1.708000000e+01  0.0000000e+00  3.1504493e-12  1.8455974e+00
1.714540000e+01  0.0000000e+00  3.1012080e-12  1.7985249e+00
1.721080000e+01  0.0000000e+00  3.1708350e-12  1.9005625e+00
1.727620000e+01  0.0000000e+00  2.8978310e-12  1.5981003e+00
1.734160000e+01  0.0000000e+00  3.0167985e-12  1.7425830e+00
1.740700000e+01  0.0000000e+00  2.7761580e-12  1.4872556e+00
1.747240000e+01  0.0000000e+00  2.7651571e-12  1.4800342e+00
1.753780000e+01  0.0000000e+00  2.8253402e-12  1.5637082e+00
1.760320000e+01  0.0000000e+00  2.8927164e-12  1.6499688e+00
1.766860000e+01  0.0000000e+00  2.7056731e-12  1.4417411e+00
1.773400000e+01  0.0000000e+00  2.7431424e-12  1.4928801e+00
1.779940000e+01  0.0000000e+00  2.5660972e-12  1.3049090e+00
1.786480000e+01  0.0000000e+00  2.5148072e-12  1.2570737e+00
1.793020000e+01  0.0000000e+00  2.5266104e-12  1.2751551e+00
1.799560000e+01  0.0000000e+00  2.5933699e-12  1.3512966e+00
1.806100000e+01  0.0000000e+00  2.5718644e-12  1.3341033e+00
1.812640000e+01  0.0000000e+00  2.5129854e-12  1.2761258e+00
1.819180000e+01  0.0000000e+00  2.6707725e-12  1.4553741e+00
1.825720000e+01  0.0000000e+00  2.7390810e-12  1.5397876e+00
1.832260000e+01  0.0000000e+00  2.8943786e-12  1.7041405e+00
1.838800000e+01  0.0000000e+00  2.5770336e-12  1.3553322e+00
1.845340000e+01  0.0000000e+00  2.5790779e-12  1.3715532e+00
1.851880000e+01  0.0000000e+00  2.4648823e-12  1.2551464e+00
1.858420000e+01  0.0000000e+00  2.4455419e-12  1.2381312e+00
1.864960000e+01  0.0000000e+00  2.6758057e-12  1.4921356e+00
1.871500000e+01  0.0000000e+00  2.4402238e-12  1.2416703e+00
1.878040000e+01  0.0000000e+00  2.3933675e-12  1.1953332e+00
1.884580000e+01  0.0000000e+00  2.3845929e-12  1.1902798e+00
1.891120000e+01  0.0000000e+00  2.4277114e-12  1.2427746e+00
1.897660000e+01  0.0000000e+00  2.6461018e-12  1.4860005e+00
1.904200000e+01  0.0000000e+00  2.6736879e-12  1.5146132e+00
1.910740000e+01  0.0000000e+00  2.4059877e-12  1.2344863e+00
1.917280000e+01  0.0000000e+00  2.4050276e-12  1.2373803e+00
1.923820000e+01  0.0000000e+00  2.6708371e-12  1.5360500e+00
1.930360000e+01  0.0000000e+00  2.7389358e-12  1.6120423e+00
1.936900000e+01  0.0000000e+00  2.6416710e-12  1.5157335e+00
1.943440000e+01  0.0000000e+00  2.4066153e-12  1.2594658e+00
1.949980000e+01  0.0000000e+00  2.3440051e-12  1.1935573e+00
1.956520000e+01  0.0000000e+00  2.4430399e-12  1.3073298e+00
1.963060000e+01  0.0000000e+00  2.3723490e-12  1.2339148e+00
1.969600000e+01  0.0000000e+00  2.5907715e-12  1.4703793e+00
1.976140000e+01  0.0000000e+00  2.5354410e-12  1.4179285e+00
1.982680000e+01  0.0000000e+00  2.4204692e-12  1.3036814e+00
1.989220000e+01  0.0000000e+00  2.6195748e-12  1.5219268e+00
1.995760000e+01  0.0000000e+00  2.4617838e-12  1.3496192e+00
