# 3D spectroscopic simulation - Spatial binning of 5 (194 calculations)
# ------------------------------------------------------------------------
# Radiance spectrum
# NASA-GSFC Planetary Spectrum Generator (PSG) (Villanueva et al. 2018, 2022)
# Synthesized on Thu Jan 23 08:44:27 2025
# Doppler velocities [km/s] (vobs,vrot+vorb,vwidth,vrfl,vstr): -21.10000,0.00037,0.00000,0.00000,0.00091
# ------------------------------------------------------------------------
# Spectra synthesized with the Planetary and Universal Model of Atmospheric Scattering (PUMAS, Villanueva et al. 2018, 2022)
# Multiple scattering method employing PSGDORT, NMAX:2 / LMAX:4 / gMAX:0.95
# Radiative transfer took 1.185 seconds
# ------------------------------------------------------------------------
# Spectral unit: Wavelength [um]
# Radiance unit: Spectral radiance [W/sr/m2/um]
# Wave/freq Total Noise Proxima-Cen-b
4.000000000e+00  0.0000000e+00  6.5471751e-13  4.0608862e-02
4.065400000e+00  0.0000000e+00  7.3077533e-13  3.4030139e-02
4.130800000e+00  0.0000000e+00  8.2970410e-13  3.8732842e-02
4.196200000e+00  0.0000000e+00  4.7702321e-13  1.1846772e-02
4.261600000e+00  0.0000000e+00  1.5062658e-13  1.0396896e-03
4.327000000e+00  0.0000000e+00  2.0062949e-13  1.8839633e-03
4.392400000e+00  0.0000000e+00  3.7565974e-13  7.5428693e-03
4.457800000e+00  0.0000000e+00  1.1637213e-12  7.4730413e-02
4.523200000e+00  0.0000000e+00  8.7405211e-13  4.7375745e-02
4.588600000e+00  0.0000000e+00  7.3598389e-13  3.6905276e-02
4.654000000e+00  0.0000000e+00  7.1536174e-13  3.8105184e-02
4.719400000e+00  0.0000000e+00  8.1291656e-13  4.0953892e-02
4.784800000e+00  0.0000000e+00  1.0021845e-12  6.0910302e-02
4.850200000e+00  0.0000000e+00  1.2766604e-12  9.6107248e-02
4.915600000e+00  0.0000000e+00  1.0283408e-12  7.1523263e-02
4.981000000e+00  0.0000000e+00  1.0602630e-12  8.0118704e-02
5.046400000e+00  0.0000000e+00  1.0925274e-12  8.6469648e-02
5.111800000e+00  0.0000000e+00  1.2949530e-12  1.1581082e-01
5.177200000e+00  0.0000000e+00  1.5423983e-12  1.5109515e-01
5.242600000e+00  0.0000000e+00  1.6232050e-12  1.7077052e-01
5.308000000e+00  0.0000000e+00  1.6011296e-12  1.7786825e-01
5.373400000e+00  0.0000000e+00  1.7531933e-12  2.1238911e-01
5.438800000e+00  0.0000000e+00  2.0374515e-12  2.8372459e-01
5.504200000e+00  0.0000000e+00  2.0417703e-12  2.9139595e-01
5.569600000e+00  0.0000000e+00  2.2016991e-12  3.3356824e-01
5.635000000e+00  0.0000000e+00  2.2508566e-12  3.4719619e-01
5.700400000e+00  0.0000000e+00  2.3040212e-12  3.6682383e-01
5.765800000e+00  0.0000000e+00  2.3338703e-12  3.7553354e-01
5.831200000e+00  0.0000000e+00  2.4090070e-12  4.0318229e-01
5.896600000e+00  0.0000000e+00  2.3686384e-12  3.8576268e-01
5.962000000e+00  0.0000000e+00  2.4300074e-12  4.0753892e-01
6.027400000e+00  0.0000000e+00  2.5516714e-12  4.4919964e-01
6.092800000e+00  0.0000000e+00  2.5780690e-12  4.6028337e-01
6.158200000e+00  0.0000000e+00  2.7686359e-12  5.3692067e-01
6.223600000e+00  0.0000000e+00  3.0538708e-12  6.5837201e-01
6.289000000e+00  0.0000000e+00  3.2226998e-12  7.4220999e-01
6.354400000e+00  0.0000000e+00  2.9427871e-12  6.1782875e-01
6.419800000e+00  0.0000000e+00  2.8487759e-12  5.8264194e-01
6.485200000e+00  0.0000000e+00  2.8178944e-12  5.7636446e-01
6.550600000e+00  0.0000000e+00  2.8524852e-12  5.9711368e-01
6.616000000e+00  0.0000000e+00  2.8915717e-12  6.1819589e-01
6.681400000e+00  0.0000000e+00  3.2134972e-12  7.7478825e-01
6.746800000e+00  0.0000000e+00  3.4955186e-12  9.4268813e-01
6.812200000e+00  0.0000000e+00  3.3703738e-12  8.7534678e-01
6.877600000e+00  0.0000000e+00  3.4544262e-12  9.3462966e-01
6.943000000e+00  0.0000000e+00  3.4694638e-12  9.5784426e-01
7.008400000e+00  0.0000000e+00  3.5319556e-12  1.0181483e+00
7.073800000e+00  0.0000000e+00  3.4490167e-12  9.9650322e-01
7.139200000e+00  0.0000000e+00  3.5737113e-12  1.0559404e+00
7.204600000e+00  0.0000000e+00  3.4807750e-12  1.0353567e+00
7.270000000e+00  0.0000000e+00  3.5121596e-12  1.0613052e+00
7.335400000e+00  0.0000000e+00  3.4837355e-12  1.0515549e+00
7.400800000e+00  0.0000000e+00  3.0798627e-12  8.5967893e-01
7.466200000e+00  0.0000000e+00  3.4711425e-12  1.0739761e+00
7.531600000e+00  0.0000000e+00  2.8545833e-12  7.7559228e-01
7.597000000e+00  0.0000000e+00  3.4402517e-12  1.0949382e+00
7.662400000e+00  0.0000000e+00  2.7589494e-12  7.4014013e-01
7.727800000e+00  0.0000000e+00  2.8542321e-12  7.9524655e-01
7.793200000e+00  0.0000000e+00  2.9396749e-12  8.4294395e-01
7.858600000e+00  0.0000000e+00  3.2406333e-12  1.0059024e+00
7.924000000e+00  0.0000000e+00  3.0639870e-12  9.2145578e-01
7.989400000e+00  0.0000000e+00  2.8232089e-12  8.0004238e-01
8.054800000e+00  0.0000000e+00  2.9111299e-12  8.5352652e-01
8.120200000e+00  0.0000000e+00  2.8107580e-12  8.1242504e-01
8.185600000e+00  0.0000000e+00  2.9588212e-12  8.9870158e-01
8.251000000e+00  0.0000000e+00  2.9843636e-12  9.1917266e-01
8.316400000e+00  0.0000000e+00  2.9275682e-12  8.9323349e-01
8.381800000e+00  0.0000000e+00  2.9061009e-12  8.8711875e-01
8.447200000e+00  0.0000000e+00  2.9617389e-12  9.2175045e-01
8.512600000e+00  0.0000000e+00  3.0890754e-12  9.9810240e-01
8.578000000e+00  0.0000000e+00  3.0243391e-12  9.6395134e-01
8.643400000e+00  0.0000000e+00  3.0044649e-12  9.5615639e-01
8.708800000e+00  0.0000000e+00  3.0473511e-12  9.8360134e-01
8.774200000e+00  0.0000000e+00  3.0997270e-12  1.0175088e+00
8.839600000e+00  0.0000000e+00  3.1038078e-12  1.0184624e+00
8.905000000e+00  0.0000000e+00  3.1472278e-12  1.0515830e+00
8.970400000e+00  0.0000000e+00  3.1280303e-12  1.0508029e+00
9.035800000e+00  0.0000000e+00  3.1442665e-12  1.0744159e+00
9.101200000e+00  0.0000000e+00  3.1628437e-12  1.0908063e+00
9.166600000e+00  0.0000000e+00  3.2328868e-12  1.1355981e+00
9.232000000e+00  0.0000000e+00  3.3640893e-12  1.2203084e+00
9.297400000e+00  0.0000000e+00  3.4410627e-12  1.2779941e+00
9.362800000e+00  0.0000000e+00  3.5001041e-12  1.2882719e+00
9.428200000e+00  0.0000000e+00  3.3621952e-12  1.1636988e+00
9.493600000e+00  0.0000000e+00  3.0748980e-12  9.7886460e-01
9.559000000e+00  0.0000000e+00  3.3296743e-12  1.1656623e+00
9.624400000e+00  0.0000000e+00  3.0896930e-12  1.0028311e+00
9.689800000e+00  0.0000000e+00  3.3531047e-12  1.1878763e+00
9.755200000e+00  0.0000000e+00  3.3853690e-12  1.2188945e+00
9.820600000e+00  0.0000000e+00  3.4959759e-12  1.3108721e+00
9.886000000e+00  0.0000000e+00  3.5666765e-12  1.3821019e+00
9.951400000e+00  0.0000000e+00  3.5695516e-12  1.4097101e+00
1.001680000e+01  0.0000000e+00  3.5127663e-12  1.3963796e+00
1.008220000e+01  0.0000000e+00  3.4343645e-12  1.3723910e+00
1.014760000e+01  0.0000000e+00  3.4189684e-12  1.3873343e+00
1.021300000e+01  0.0000000e+00  3.4375705e-12  1.4237050e+00
1.027840000e+01  0.0000000e+00  3.4762758e-12  1.4615513e+00
1.034380000e+01  0.0000000e+00  3.4113710e-12  1.4273715e+00
1.040920000e+01  0.0000000e+00  3.3471773e-12  1.3949490e+00
1.047460000e+01  0.0000000e+00  3.4308956e-12  1.4586900e+00
1.054000000e+01  0.0000000e+00  3.4530631e-12  1.4832337e+00
1.060540000e+01  0.0000000e+00  3.4367854e-12  1.4801325e+00
1.067080000e+01  0.0000000e+00  3.4094105e-12  1.4701029e+00
1.073620000e+01  0.0000000e+00  3.3805756e-12  1.4587652e+00
1.080160000e+01  0.0000000e+00  3.3707838e-12  1.4612319e+00
1.086700000e+01  0.0000000e+00  3.3608731e-12  1.4618679e+00
1.093240000e+01  0.0000000e+00  3.3556500e-12  1.4654308e+00
1.099780000e+01  0.0000000e+00  3.3732474e-12  1.4878008e+00
1.106320000e+01  0.0000000e+00  3.3554189e-12  1.4800578e+00
1.112860000e+01  0.0000000e+00  3.3555107e-12  1.4874064e+00
1.119400000e+01  0.0000000e+00  3.3549744e-12  1.4943054e+00
1.125940000e+01  0.0000000e+00  3.3760551e-12  1.5194020e+00
1.132480000e+01  0.0000000e+00  3.3616235e-12  1.5144189e+00
1.139020000e+01  0.0000000e+00  3.3601290e-12  1.5203093e+00
1.145560000e+01  0.0000000e+00  3.3623040e-12  1.5293564e+00
1.152100000e+01  0.0000000e+00  3.3564418e-12  1.5314762e+00
1.158640000e+01  0.0000000e+00  3.3569616e-12  1.5386515e+00
1.165180000e+01  0.0000000e+00  3.3529231e-12  1.5424453e+00
1.171720000e+01  0.0000000e+00  3.4025702e-12  1.5942160e+00
1.178260000e+01  0.0000000e+00  3.3668902e-12  1.5688996e+00
1.184800000e+01  0.0000000e+00  3.3497313e-12  1.5605203e+00
1.191340000e+01  0.0000000e+00  3.3561667e-12  1.5733715e+00
1.197880000e+01  0.0000000e+00  3.3453345e-12  1.5704981e+00
1.204420000e+01  0.0000000e+00  3.3530875e-12  1.5831019e+00
1.210960000e+01  0.0000000e+00  3.3642281e-12  1.6005830e+00
1.217500000e+01  0.0000000e+00  3.3548389e-12  1.5973093e+00
1.224040000e+01  0.0000000e+00  3.3709499e-12  1.6164263e+00
1.230580000e+01  0.0000000e+00  3.3969523e-12  1.6445568e+00
1.237120000e+01  0.0000000e+00  3.4193791e-12  1.6691930e+00
1.243660000e+01  0.0000000e+00  3.4362295e-12  1.6907440e+00
1.250200000e+01  0.0000000e+00  3.4658290e-12  1.7259963e+00
1.256740000e+01  0.0000000e+00  3.4661543e-12  1.7353338e+00
1.263280000e+01  0.0000000e+00  3.8116295e-12  2.0380263e+00
1.269820000e+01  0.0000000e+00  3.3658903e-12  1.6555621e+00
1.276360000e+01  0.0000000e+00  3.4186220e-12  1.7082819e+00
1.282900000e+01  0.0000000e+00  3.4255527e-12  1.7188572e+00
1.289440000e+01  0.0000000e+00  3.4404984e-12  1.7380023e+00
1.295980000e+01  0.0000000e+00  3.4919223e-12  1.7869095e+00
1.302520000e+01  0.0000000e+00  3.5539299e-12  1.8509001e+00
1.309060000e+01  0.0000000e+00  3.6368236e-12  1.9322285e+00
1.315600000e+01  0.0000000e+00  3.7923111e-12  2.0919894e+00
1.322140000e+01  0.0000000e+00  3.9941478e-12  2.3078837e+00
1.328680000e+01  0.0000000e+00  4.1035960e-12  2.4349295e+00
1.335220000e+01  0.0000000e+00  4.2004158e-12  2.5512125e+00
1.341760000e+01  0.0000000e+00  4.2459062e-12  2.6128224e+00
1.348300000e+01  0.0000000e+00  4.1905575e-12  2.5501355e+00
1.354840000e+01  0.0000000e+00  4.2840980e-12  2.6789224e+00
1.361380000e+01  0.0000000e+00  4.2215282e-12  2.6130255e+00
1.367920000e+01  0.0000000e+00  4.1982791e-12  2.5973138e+00
1.374460000e+01  0.0000000e+00  4.2479915e-12  2.6720890e+00
1.381000000e+01  0.0000000e+00  4.2053443e-12  2.6328038e+00
1.387540000e+01  0.0000000e+00  3.2269193e-12  1.5543223e+00
1.394080000e+01  0.0000000e+00  4.0348256e-12  2.4464763e+00
1.400620000e+01  0.0000000e+00  3.9426439e-12  2.3464989e+00
1.407160000e+01  0.0000000e+00  3.8104202e-12  2.2032914e+00
1.413700000e+01  0.0000000e+00  3.5897894e-12  1.9639550e+00
1.420240000e+01  0.0000000e+00  3.2996253e-12  1.6663017e+00
1.426780000e+01  0.0000000e+00  3.0557482e-12  1.4347511e+00
1.433320000e+01  0.0000000e+00  2.8757838e-12  1.2756303e+00
1.439860000e+01  0.0000000e+00  2.6497666e-12  1.0863345e+00
1.446400000e+01  0.0000000e+00  2.5812319e-12  1.0351624e+00
1.452940000e+01  0.0000000e+00  2.5185500e-12  9.8957357e-01
1.459480000e+01  0.0000000e+00  2.4690335e-12  9.5504563e-01
1.466020000e+01  0.0000000e+00  2.4551439e-12  9.4851659e-01
1.472560000e+01  0.0000000e+00  2.4484963e-12  9.4759813e-01
1.479100000e+01  0.0000000e+00  2.4281149e-12  9.3594957e-01
1.485640000e+01  0.0000000e+00  2.4290833e-12  9.4085961e-01
1.492180000e+01  0.0000000e+00  2.4074804e-12  9.2817381e-01
1.498720000e+01  0.0000000e+00  2.3464815e-12  8.8546162e-01
1.505260000e+01  0.0000000e+00  2.4120450e-12  9.3994836e-01
1.511800000e+01  0.0000000e+00  2.4053505e-12  9.3876188e-01
1.518340000e+01  0.0000000e+00  2.4178824e-12  9.5275327e-01
1.524880000e+01  0.0000000e+00  2.4141878e-12  9.5393417e-01
1.531420000e+01  0.0000000e+00  2.4057661e-12  9.5131870e-01
1.537960000e+01  0.0000000e+00  2.3933016e-12  9.4544356e-01
1.544500000e+01  0.0000000e+00  2.4526982e-12  9.9753186e-01
1.551040000e+01  0.0000000e+00  2.4618789e-12  1.0093640e+00
1.557580000e+01  0.0000000e+00  2.5295588e-12  1.0706410e+00
1.564120000e+01  0.0000000e+00  2.6311081e-12  1.1641328e+00
1.570660000e+01  0.0000000e+00  2.6765526e-12  1.2099279e+00
1.577200000e+01  0.0000000e+00  2.7900020e-12  1.3210094e+00
1.583740000e+01  0.0000000e+00  2.9647067e-12  1.4990098e+00
1.590280000e+01  0.0000000e+00  3.0986951e-12  1.6446114e+00
1.596820000e+01  0.0000000e+00  3.3174984e-12  1.8928391e+00
1.603360000e+01  0.0000000e+00  3.3768724e-12  1.9684541e+00
1.609900000e+01  0.0000000e+00  3.6407772e-12  2.2965012e+00
1.616440000e+01  0.0000000e+00  3.1344957e-12  1.7088267e+00
1.622980000e+01  0.0000000e+00  3.2401683e-12  1.8338018e+00
1.629520000e+01  0.0000000e+00  3.5682557e-12  2.2329087e+00
1.636060000e+01  0.0000000e+00  3.6364992e-12  2.3283713e+00
1.642600000e+01  0.0000000e+00  3.5111410e-12  2.1788015e+00
1.649140000e+01  0.0000000e+00  3.5810514e-12  2.2756636e+00
1.655680000e+01  0.0000000e+00  3.5059025e-12  2.1892189e+00
1.662220000e+01  0.0000000e+00  3.5583333e-12  2.2654208e+00
1.668760000e+01  0.0000000e+00  3.5122292e-12  2.2153588e+00
1.675300000e+01  0.0000000e+00  3.4634108e-12  2.1622308e+00
1.681840000e+01  0.0000000e+00  3.4676911e-12  2.1790637e+00
1.688380000e+01  0.0000000e+00  3.4326238e-12  2.1478510e+00
1.694920000e+01  0.0000000e+00  3.3626766e-12  2.0723018e+00
1.701460000e+01  0.0000000e+00  3.3249699e-12  2.0367037e+00
1.708000000e+01  0.0000000e+00  3.2527673e-12  1.9627757e+00
1.714540000e+01  0.0000000e+00  3.2115594e-12  1.9240018e+00
1.721080000e+01  0.0000000e+00  3.2316918e-12  1.9642271e+00
1.727620000e+01  0.0000000e+00  3.0365872e-12  1.7509140e+00
1.734160000e+01  0.0000000e+00  3.1044493e-12  1.8362752e+00
1.740700000e+01  0.0000000e+00  2.9246746e-12  1.6480798e+00
1.747240000e+01  0.0000000e+00  2.9130963e-12  1.6403946e+00
1.753780000e+01  0.0000000e+00  2.9414298e-12  1.6867069e+00
1.760320000e+01  0.0000000e+00  2.9876311e-12  1.7484620e+00
1.766860000e+01  0.0000000e+00  2.8364773e-12  1.5811546e+00
1.773400000e+01  0.0000000e+00  2.8566037e-12  1.6120660e+00
1.779940000e+01  0.0000000e+00  2.7265583e-12  1.4758690e+00
1.786480000e+01  0.0000000e+00  2.6812222e-12  1.4340676e+00
1.793020000e+01  0.0000000e+00  2.6883824e-12  1.4469989e+00
1.799560000e+01  0.0000000e+00  2.7341023e-12  1.5003845e+00
1.806100000e+01  0.0000000e+00  2.7128591e-12  1.4832937e+00
1.812640000e+01  0.0000000e+00  2.6669768e-12  1.4391778e+00
1.819180000e+01  0.0000000e+00  2.7870530e-12  1.5774855e+00
1.825720000e+01  0.0000000e+00  2.8401420e-12  1.6446291e+00
1.832260000e+01  0.0000000e+00  2.9354671e-12  1.7425100e+00
1.838800000e+01  0.0000000e+00  2.7076108e-12  1.4940708e+00
1.845340000e+01  0.0000000e+00  2.6952327e-12  1.4931819e+00
1.851880000e+01  0.0000000e+00  2.6106348e-12  1.4085453e+00
1.858420000e+01  0.0000000e+00  2.5924133e-12  1.3927867e+00
1.864960000e+01  0.0000000e+00  2.7539572e-12  1.5720017e+00
1.871500000e+01  0.0000000e+00  2.5841489e-12  1.3930068e+00
1.878040000e+01  0.0000000e+00  2.5414142e-12  1.3510684e+00
1.884580000e+01  0.0000000e+00  2.5314026e-12  1.3446468e+00
1.891120000e+01  0.0000000e+00  2.5648972e-12  1.3863419e+00
1.897660000e+01  0.0000000e+00  2.7248378e-12  1.5668824e+00
1.904200000e+01  0.0000000e+00  2.7328429e-12  1.5742197e+00
1.910740000e+01  0.0000000e+00  2.5389188e-12  1.3730675e+00
1.917280000e+01  0.0000000e+00  2.5352744e-12  1.3731451e+00
1.923820000e+01  0.0000000e+00  2.7309807e-12  1.5957543e+00
1.930360000e+01  0.0000000e+00  2.7633011e-12  1.6320275e+00
1.936900000e+01  0.0000000e+00  2.7086219e-12  1.5830163e+00
1.943440000e+01  0.0000000e+00  2.5301667e-12  1.3876327e+00
1.949980000e+01  0.0000000e+00  2.4718681e-12  1.3263052e+00
1.956520000e+01  0.0000000e+00  2.5506918e-12  1.4184032e+00
1.963060000e+01  0.0000000e+00  2.4908864e-12  1.3565026e+00
1.969600000e+01  0.0000000e+00  2.6350925e-12  1.5132739e+00
1.976140000e+01  0.0000000e+00  2.5997123e-12  1.4822581e+00
1.982680000e+01  0.0000000e+00  2.5256823e-12  1.4112661e+00
1.989220000e+01  0.0000000e+00  2.6569432e-12  1.5568274e+00
1.995760000e+01  0.0000000e+00  2.5408797e-12  1.4300497e+00
