2.000000000000000000e+00 4.311160000000000242e-05
2.010024036999999986e+00 3.830590000000000199e-05
2.020098314000000173e+00 6.708700000000000329e-05
2.030223084000000178e+00 1.145139999999999949e-04
2.040398600000000062e+00 1.000149999999999970e-04
2.050625114999999887e+00 1.383780000000000090e-04
2.060902886000000045e+00 1.662129999999999890e-04
2.071232168999999956e+00 1.767100000000000073e-04
2.081613223000000179e+00 2.412199999999999978e-04
2.092046306999999938e+00 6.199009999999999590e-04
2.102531680999999875e+00 9.616499999999999831e-04
2.113069609000000071e+00 1.214980000000000053e-03
2.123660353000000001e+00 1.261890000000000104e-03
2.134304177999999830e+00 1.582220000000000067e-03
2.145001349000000168e+00 3.407139999999999908e-03
2.155752135999999819e+00 3.676640000000000225e-04
2.166556804999999919e+00 1.649900000000000043e-04
2.177415627999999881e+00 4.638369999999999841e-04
2.188328874999999840e+00 6.115219999999999771e-04
2.199296819999999819e+00 3.417859999999999833e-05
2.210319736000000201e+00 2.065950000000000100e-04
2.221397898999999843e+00 1.091749999999999974e-04
2.232531585999999901e+00 7.247319999999999587e-05
2.243721075999999925e+00 6.389339999999999375e-05
2.254966646999999824e+00 2.674919999999999794e-04
2.266268580999999838e+00 3.750550000000000064e-04
2.277627160999999845e+00 2.841149999999999860e-04
2.289042670999999807e+00 1.617470000000000084e-04
2.300515395000000129e+00 3.952449999999999741e-05
2.312045620000000135e+00 2.444680000000000182e-04
2.323633635000000197e+00 4.793900000000000299e-05
2.335279729999999887e+00 5.562319999999999965e-05
2.346984195000000106e+00 1.127450000000000056e-04
2.358747322999999785e+00 1.045950000000000040e-05
2.370569408000000156e+00 9.698240000000000424e-07
2.382450745999999953e+00 2.811380000000000042e-04
2.394391633000000130e+00 2.238279999999999990e-04
2.406392368000000115e+00 4.145570000000000223e-04
2.418453250000000221e+00 3.325909999999999739e-04
2.430574582999999844e+00 1.126250000000000081e-03
2.442756666999999826e+00 5.554730000000000128e-04
2.454999808999999811e+00 7.227470000000000378e-04
2.467304313000000082e+00 1.437139999999999945e-03
2.479670488000000006e+00 8.272340000000000422e-04
2.492098642000000197e+00 3.385190000000000161e-04
2.504589086000000187e+00 6.127529999999999522e-04
2.517142133000000115e+00 3.108359999999999899e-04
2.529758095000000040e+00 2.092589999999999967e-04
2.542437290000000072e+00 5.025729999999999737e-04
2.555180031999999990e+00 4.863310000000000029e-04
2.567986641000000070e+00 1.471640000000000025e-04
2.580857437999999782e+00 8.650769999999999846e-05
2.593792742999999845e+00 9.880749999999999885e-05
2.606792879999999979e+00 1.891419999999999994e-04
2.619858173999999984e+00 1.177320000000000037e-04
2.632988951000000188e+00 1.843729999999999913e-04
2.646185539999999836e+00 1.751000000000000007e-04
2.659448271000000030e+00 8.794740000000000435e-05
2.672777475000000180e+00 5.041249999999999887e-05
2.686173484999999861e+00 4.912430000000000162e-06
2.699636636000000145e+00 5.399610000000000298e-05
2.713167263999999967e+00 2.597100000000000190e-04
2.726765707999999844e+00 4.357939999999999817e-04
2.740432307999999928e+00 4.210159999999999684e-05
2.754167406000000096e+00 4.851910000000000104e-05
2.767971343000000140e+00 9.043490000000000383e-05
2.781844466999999987e+00 5.934450000000000077e-05
2.795787122000000124e+00 3.948350000000000102e-04
2.809799658999999838e+00 8.634240000000000057e-04
2.823882427000000028e+00 2.217189999999999959e-03
2.838035776999999982e+00 1.594149999999999907e-03
2.852260064999999845e+00 1.858239999999999935e-03
2.866555645000000041e+00 2.588449999999999952e-03
2.880922874999999994e+00 8.146930000000000144e-03
2.895362113000000015e+00 1.200509999999999945e-02
2.909873720999999858e+00 9.496370000000000505e-03
2.924458061999999803e+00 4.736399999999999985e-03
2.939115500000000214e+00 7.351889999999999814e-03
2.953846400999999844e+00 4.858499999999999971e-03
2.968651132999999831e+00 9.530900000000000136e-03
2.983530067999999869e+00 2.234200000000000075e-02
2.998483574999999846e+00 1.306960000000000066e-02
3.013227757000000118e+00 1.182839999999999933e-02
3.028330110000000186e+00 3.473869999999999736e-02
3.043508156000000131e+00 2.806969999999999951e-02
3.058762274999999864e+00 3.226670000000000232e-02
3.074092847999999822e+00 2.368719999999999853e-02
3.089500258000000166e+00 6.770049999999999679e-03
3.104984889999999886e+00 9.874410000000000132e-03
3.120547132000000001e+00 4.716820000000000040e-02
3.136187371000000113e+00 5.500220000000000109e-02
3.151905999999999874e+00 4.654719999999999691e-02
3.167703411000000191e+00 1.804740000000000164e-02
3.183579998999999994e+00 1.314809999999999937e-02
3.199536161000000156e+00 7.406529999999999711e-03
3.215572294999999858e+00 8.344519999999999368e-03
3.231688801999999860e+00 1.104879999999999925e-03
3.247886085999999839e+00 4.422739999999999658e-03
3.264164550999999914e+00 1.461170000000000004e-02
3.280524604000000011e+00 2.038359999999999912e-04
3.296966654000000219e+00 1.090400000000000050e-02
3.313491110999999822e+00 1.239819999999999930e-04
3.330098389999999853e+00 3.169780000000000080e-03
3.346788903999999842e+00 2.719969999999999940e-03
3.363563071999999821e+00 4.396230000000000103e-03
3.380421312000000178e+00 1.363410000000000013e-04
3.397364045999999860e+00 3.970450000000000368e-03
3.414391697000000114e+00 8.631569999999999868e-03
3.431504691000000218e+00 1.366679999999999978e-02
3.448703456000000056e+00 8.554149999999999948e-03
3.465988421000000042e+00 1.904620000000000098e-03
3.483360019000000030e+00 1.474870000000000000e-02
3.500818683999999958e+00 6.517159999999999620e-02
3.518364850999999849e+00 7.221420000000000616e-02
3.535998961000000218e+00 8.846379999999999175e-03
3.553721453000000086e+00 3.984420000000000323e-02
3.571532770000000134e+00 2.303370000000000070e-02
3.589433357999999963e+00 8.042459999999999887e-02
3.607423664000000141e+00 2.484799999999999856e-02
3.625504138000000154e+00 5.482650000000000023e-02
3.643675232000000097e+00 2.326239999999999974e-01
3.661937399000000148e+00 1.470200000000000118e-01
3.680291097000000011e+00 9.277849999999999986e-02
3.698736783000000194e+00 1.952959999999999974e-01
3.717274919999999927e+00 2.277849999999999875e-01
3.735905971000000214e+00 1.346130000000000104e-01
3.754630399999999923e+00 1.104490000000000055e-01
3.773448677000000195e+00 2.158569999999999933e-01
3.792361270999999867e+00 2.354489999999999916e-01
3.811368655999999966e+00 3.480750000000000233e-01
3.830471306000000187e+00 4.118999999999999884e-01
3.849669698000000029e+00 2.041119999999999879e-01
3.868964313999999849e+00 1.471270000000000078e-01
3.888355633999999839e+00 4.362090000000000134e-01
3.907844143999999798e+00 5.129350000000000298e-01
3.927430331000000052e+00 3.103290000000000215e-01
3.947114684000000207e+00 5.101630000000000331e-01
3.966897696000000195e+00 5.057009999999999561e-01
3.986779859999999953e+00 5.878689999999999749e-01
4.006404481999999767e+00 6.190769999999999884e-01
4.026484654999999968e+00 5.798839999999999550e-01
4.046665469999999765e+00 5.185629999999999962e-01
4.066947432000000084e+00 7.594530000000000447e-01
4.087331047000000162e+00 6.509390000000000454e-01
4.107816825999999644e+00 8.047659999999999814e-01
4.128405279999999955e+00 8.256040000000000045e-01
4.149096923000000103e+00 7.290370000000000461e-01
4.169892273000000316e+00 3.892059999999999964e-01
4.190791850000000096e+00 5.258499999999999980e-02
4.211796176000000003e+00 1.759860000000000027e-03
4.232905775999999953e+00 1.420910000000000055e-03
4.254121178000000114e+00 1.519130000000000046e-03
4.275442910999999846e+00 1.890270000000000101e-03
4.296871509999999894e+00 1.936229999999999939e-03
4.318407509000000033e+00 3.405889999999999959e-03
4.340051446999999563e+00 1.386500000000000059e-02
4.361803864999999725e+00 1.492989999999999942e-02
4.383665306000000150e+00 4.594369999999999704e-02
4.405636316999999913e+00 2.963410000000000002e-02
4.427717448000000111e+00 5.303120000000000056e-02
4.449909249000000067e+00 2.124330000000000107e-01
4.472212275999999598e+00 1.206649999999999945e-01
4.494627086999999577e+00 1.181389999999999940e-01
4.517154239999999987e+00 3.102139999999999898e-01
4.539794300999999699e+00 4.149470000000000242e-02
4.562547832999999997e+00 9.235680000000000278e-02
4.585415407000000165e+00 3.402630000000000238e-02
4.608397594000000375e+00 1.652429999999999871e-02
4.631494967000000074e+00 2.463150000000000062e-02
4.654708105000000096e+00 1.042160000000000031e-01
4.678037587999999580e+00 5.591580000000000161e-02
4.701483998999999692e+00 1.894840000000000066e-02
4.725047922999999983e+00 2.580359999999999945e-02
4.748729950000000422e+00 9.762339999999999907e-02
4.772530672000000251e+00 2.717610000000000164e-02
4.796450683999999853e+00 4.419909999999999811e-02
4.820490582999999774e+00 3.307120000000000060e-01
4.844650971000000084e+00 9.572550000000000503e-02
4.868932451000000050e+00 6.803080000000000238e-02
4.893335630000000158e+00 8.383270000000000444e-01
4.917861118000000253e+00 3.129750000000000032e-01
4.942509528999999624e+00 8.221979999999999844e-01
4.967281477000000223e+00 9.972820000000000018e-01
4.992177584000000223e+00 1.390079999999999982e+00
5.017027226999999812e+00 5.105260000000000353e-01
5.042172660000000306e+00 1.623280000000000056e+00
5.067444122000000384e+00 1.592459999999999987e+00
5.092842246000000017e+00 1.433070000000000066e+00
5.118367665000000066e+00 1.418080000000000007e+00
5.144021018000000112e+00 9.296119999999999939e-01
5.169802945999999899e+00 1.284750000000000059e+00
5.195714093000000311e+00 9.619100000000000428e-01
5.221755107999999979e+00 1.193000000000000060e+00
5.247926641000000281e+00 1.414970000000000061e+00
5.274229346000000263e+00 9.495190000000000019e-01
5.300663881000000188e+00 1.311809999999999921e+00
5.327230905999999599e+00 1.530280000000000085e+00
5.353931085000000145e+00 2.300059999999999882e-01
5.380765086000000252e+00 5.356570000000000498e-01
5.407733580000000373e+00 1.181619999999999893e+00
5.434837240000000236e+00 1.271900000000000031e+00
5.462076745000000066e+00 6.312320000000000153e-01
5.489452774000000090e+00 1.069590000000000041e+00
5.516966012000000141e+00 9.449999999999999512e-01
5.544617148000000384e+00 1.260569999999999968e+00
5.572406871000000095e+00 8.937950000000000061e-01
5.600335877000000018e+00 1.063739999999999908e+00
5.628404863000000091e+00 9.915089999999999737e-01
5.656614531999999862e+00 5.433700000000000196e-01
5.684965587999999848e+00 1.106880000000000086e+00
5.713458741000000174e+00 7.787030000000000340e-01
5.742094701000000079e+00 9.402439999999999687e-01
5.770874186000000350e+00 6.053330000000000100e-01
5.799797912999999916e+00 1.038010000000000099e+00
5.828866607000000144e+00 5.579920000000000435e-01
5.858080993999999819e+00 5.693500000000000227e-01
5.887441803999999834e+00 6.735980000000000301e-01
5.916949770999999636e+00 3.673679999999999723e-01
5.946605631999999808e+00 1.014480000000000048e+00
5.976410128999999571e+00 1.073669999999999902e+00
6.006002399999999852e+00 1.104640000000000066e+00
6.036104595000000295e+00 1.033009999999999984e+00
6.066357662999999789e+00 3.287010000000000209e-01
6.096762359000000409e+00 6.301499999999999879e-01
6.127319444000000281e+00 8.134810000000000096e-01
6.158029681999999561e+00 5.414649999999999741e-01
6.188893840000000424e+00 7.119170000000000220e-01
6.219912690000000133e+00 1.498690000000000078e+00
6.251087006999999751e+00 1.730799999999999894e+00
6.282417569999999785e+00 9.507219999999999560e-01
6.313905163000000265e+00 1.993330000000000046e+00
6.345550571999999612e+00 3.851530000000000231e-01
6.377354588000000213e+00 1.308510000000000062e+00
6.409318007000000428e+00 2.041880000000000084e-01
6.441441626999999670e+00 1.383310000000000040e+00
6.473726251000000431e+00 8.626430000000000486e-01
6.506172686000000205e+00 1.013130000000000086e+00
6.538781743999999563e+00 1.319479999999999986e+00
6.571554238000000048e+00 7.115590000000000526e-01
6.604490989000000312e+00 1.370449999999999946e+00
6.637592818999999977e+00 4.853359999999999896e-01
6.670860557000000135e+00 4.599619999999999820e-01
6.704295033000000181e+00 1.316759999999999931e+00
6.737897083000000009e+00 1.132640000000000091e+00
6.771667546999999843e+00 1.030080000000000107e+00
6.805607270000000319e+00 1.212539999999999951e+00
6.839717098999999578e+00 1.563460000000000072e+00
6.873997886999999807e+00 1.212229999999999919e+00
6.908450490999999971e+00 9.615470000000000406e-01
6.943075772000000256e+00 1.726210000000000022e+00
6.977874596000000373e+00 8.681480000000000308e-01
7.012610085000000382e+00 1.252860000000000085e+00
7.047757415999999608e+00 5.752859999999999641e-01
7.083080906000000176e+00 1.217100000000000071e+00
7.118581437999999650e+00 7.845280000000000031e-01
7.154259899000000367e+00 1.066230000000000011e+00
7.190117180999999746e+00 2.102059999999999818e+00
7.226154181000000065e+00 3.613659999999999872e+00
7.262371799000000294e+00 1.375750000000000028e+00
7.298770939999999818e+00 2.983830000000000204e+00
7.335352515000000295e+00 5.583139999999999770e-01
7.372117435999999913e+00 4.480700000000000238e-01
7.409066625000000350e+00 2.019029999999999880e+00
7.446201002999999652e+00 2.760199999999999876e-01
7.483521500000000160e+00 1.822259999999999991e+00
7.521029046999999856e+00 2.225389999999999979e+00
7.558724584000000135e+00 2.200919999999999987e+00
7.596609049999999641e+00 1.787090000000000067e+00
7.634683394999999706e+00 3.304930000000000145e+00
7.672948568999999885e+00 2.879619999999999957e-01
7.711405528000000231e+00 1.146560000000000024e+00
7.750055234999999598e+00 2.695669999999999789e+00
7.788898653999999588e+00 1.425079999999999902e+00
7.827936757999999884e+00 3.566300000000000026e-01
7.867170521000000250e+00 9.531990000000000185e-01
7.906600925000000224e+00 2.960080000000000044e+00
7.946228954000000400e+00 2.356730000000000214e+00
7.986055600000000254e+00 2.550489999999999924e+00
8.025638435999999487e+00 2.228340000000000209e+00
8.065863084000000072e+00 3.965809999999999835e+00
8.106289337999999844e+00 2.866229999999999833e+00
8.146918209000000743e+00 5.707810000000000272e+00
8.187750713999999874e+00 3.635839999999999961e+00
8.228787870999999754e+00 6.116880000000000095e+00
8.270030707000000092e+00 5.743009999999999948e+00
8.311480253999999235e+00 4.333820000000000228e+00
8.353137545999999247e+00 6.239589999999999748e+00
8.395003624999999303e+00 5.137679999999999580e+00
8.437079538000000767e+00 6.597159999999999691e+00
8.479366336000000004e+00 5.429380000000000095e+00
8.521865075999999206e+00 6.137059999999999960e+00
8.564576820999999285e+00 7.254480000000000040e+00
8.607502637999999706e+00 6.976230000000000153e+00
8.650643599000000350e+00 5.339739999999999931e+00
8.694000783999999982e+00 7.511540000000000106e+00
8.737575275999999391e+00 8.130630000000000024e+00
8.781368164999999948e+00 6.942059999999999675e+00
8.825380543999999716e+00 7.413289999999999935e+00
8.869613513999999199e+00 8.264920000000000044e+00
8.914068179999999231e+00 8.002890000000000725e+00
8.958745653999999448e+00 8.412229999999999208e+00
9.003600360000000080e+00 7.401349999999999874e+00
9.048726570999999552e+00 7.155979999999999563e+00
9.094078955000000519e+00 5.866839999999999833e+00
9.139658646000000886e+00 7.519440000000000346e+00
9.185466784000000828e+00 8.042229999999999990e+00
9.231504513000000856e+00 7.718420000000000059e+00
9.277772983000000195e+00 8.249980000000000757e+00
9.324273352000000514e+00 7.795259999999999856e+00
9.371006782000000257e+00 7.966549999999999798e+00
9.417974441000000141e+00 8.124570000000000292e+00
9.465177501999999521e+00 7.872080000000000410e+00
9.512617146000000190e+00 6.712040000000000006e+00
9.560294558000000720e+00 8.359420000000000073e+00
9.608210931000000343e+00 8.095739999999999270e+00
9.656367461000000318e+00 7.668639999999999901e+00
9.704765353000000871e+00 8.005240000000000578e+00
9.753405815000000700e+00 7.435019999999999740e+00
9.802290064999999331e+00 8.356650000000000134e+00
9.851419323000000006e+00 8.278430000000000177e+00
9.900794817999999609e+00 6.834310000000000329e+00
9.950417784000000765e+00 8.308389999999999276e+00
1.000000000000000000e+01 8.249980000000000757e+00
1.005012018000000040e+01 8.046749999999999403e+00
1.010049157000000086e+01 8.012669999999999959e+00
1.015111542000000000e+01 8.206110000000000682e+00
1.020199299999999987e+01 8.144750000000000156e+00
1.025312558000000074e+01 8.091649999999999565e+00
1.030451442999999934e+01 7.104210000000000136e+00
1.035616085000000020e+01 8.094139999999999446e+00
1.040806612000000086e+01 7.996769999999999712e+00
1.046023152999999972e+01 7.918470000000000120e+00
1.051265841000000023e+01 6.312380000000000102e+00
1.056534803999999994e+01 7.963940000000000019e+00
1.061830175999999959e+01 7.964979999999999727e+00
1.067152089000000004e+01 7.899770000000000181e+00
1.072500675000000037e+01 7.709909999999999819e+00
1.077876067999999954e+01 7.872899999999999565e+00
1.083278402999999912e+01 7.444420000000000037e+00
1.088707813999999985e+01 6.934280000000000221e+00
1.094164437000000056e+01 6.853329999999999700e+00
1.099648409999999998e+01 7.558939999999999770e+00
1.105071148000000036e+01 7.458820000000000228e+00
1.110609784999999938e+01 7.229840000000000266e+00
1.116176180999999978e+01 7.286739999999999995e+00
1.121770476999999921e+01 7.283400000000000318e+00
1.127392810999999995e+01 6.726049999999999862e+00
1.133043325000000046e+01 6.618109999999999715e+00
1.138722158999999934e+01 6.294570000000000221e+00
1.144429455000000040e+01 6.094149999999999956e+00
1.150165357000000022e+01 6.149930000000000341e+00
1.155930007000000082e+01 5.754240000000000244e+00
1.161723549000000055e+01 5.921160000000000423e+00
1.167546128999999944e+01 5.007100000000000328e+00
1.173397892000000020e+01 4.920790000000000219e+00
1.179278983000000025e+01 5.560730000000000395e+00
1.185189551000000030e+01 4.042419999999999902e+00
1.191129742999999941e+01 4.465869999999999784e+00
1.197099706999999924e+01 2.389829999999999899e+00
1.202883169999999957e+01 6.543700000000000294e+00
1.208912042999999947e+01 3.626990000000000158e+00
1.214971131999999976e+01 6.626280000000000392e+00
1.221060589999999912e+01 4.923309999999999853e+00
1.227180567999999994e+01 6.148609999999999687e+00
1.233331219999999995e+01 5.680220000000000269e+00
1.239512698000000057e+01 4.278389999999999915e+00
1.245725159000000026e+01 5.174260000000000304e+00
1.251968755999999949e+01 3.721779999999999866e+00
1.258243646999999932e+01 5.377150000000000318e+00
1.264549987000000009e+01 5.055229999999999890e+00
1.270887935000000013e+01 5.380379999999999718e+00
1.277257649000000050e+01 6.075580000000000425e+00
1.283659287999999954e+01 5.566650000000000098e+00
1.290093011999999995e+01 5.396519999999999762e+00
1.296558981000000088e+01 5.088300000000000267e+00
1.302862861999999922e+01 4.868789999999999729e+00
1.309392833999999972e+01 5.839229999999999698e+00
1.315955534999999976e+01 5.853860000000000063e+00
1.322551129000000003e+01 4.463250000000000384e+00
1.329179779000000039e+01 5.122340000000000337e+00
1.335841652999999951e+01 4.254749999999999588e+00
1.342536916000000069e+01 4.046669999999999767e+00
1.349265736000000082e+01 3.233049999999999979e+00
1.356028279999999953e+01 4.313670000000000115e+00
1.362824718999999973e+01 3.504459999999999908e+00
1.369655221999999917e+01 1.564319999999999933e+00
1.376519958999999993e+01 4.854460000000000441e+00
1.383419102000000045e+01 4.815959999999999575e+00
1.390352823999999998e+01 2.085589999999999833e+00
1.397321297999999956e+01 4.362330000000000041e+00
1.404205885000000009e+01 1.561430000000000096e+00
1.411243791000000058e+01 3.143879999999999786e+00
1.418316970999999960e+01 1.990110000000000046e+00
1.425425601999999969e+01 1.701089999999999991e+00
1.432569860999999989e+01 2.125919999999999810e+00
1.439749927000000085e+01 1.744930000000000092e+00
1.446965980999999957e+01 1.882949999999999902e+00
1.454218200999999944e+01 1.375040000000000040e+00
1.461506769000000006e+01 1.083830000000000071e+00
1.468831868000000007e+01 1.068480000000000096e+00
1.476193680000000086e+01 9.614350000000000396e-01
1.483592389999999916e+01 1.077550000000000008e+00
1.491028183000000062e+01 1.181340000000000057e+00
1.498501242999999938e+01 1.086119999999999974e+00
1.506011413999999959e+01 1.132319999999999993e+00
1.513559571000000048e+01 1.279989999999999961e+00
1.521145558999999992e+01 1.298470000000000013e+00
1.528769568999999962e+01 1.338570000000000038e+00
1.536431789999999964e+01 1.180449999999999999e+00
1.544132414000000075e+01 1.160369999999999902e+00
1.551871633999999922e+01 1.022070000000000034e+00
1.559649643999999924e+01 1.331569999999999920e+00
1.567466635999999980e+01 1.986969999999999903e+00
1.575322807999999952e+01 2.243360000000000021e+00
1.583218354999999988e+01 2.214710000000000178e+00
1.591153474999999951e+01 1.480709999999999971e+00
1.599128364999999974e+01 1.858279999999999932e+00
1.607054803999999848e+01 2.799990000000000201e+00
1.615109392000000099e+01 3.117119999999999891e+00
1.623204349999999963e+01 2.041959999999999997e+00
1.631339880000000164e+01 2.401429999999999954e+00
1.639516186000000175e+01 3.491890000000000160e+00
1.647733471000000094e+01 3.479579999999999895e+00
1.655991940999999912e+01 3.854000000000000092e+00
1.664291804000000141e+01 3.784469999999999779e+00
1.672633264999999980e+01 3.513619999999999965e+00
1.681016534000000107e+01 2.669399999999999995e+00
1.689441818999999967e+01 2.430239999999999956e+00
1.697909333000000132e+01 2.596589999999999954e+00
1.706130415000000156e+01 3.503249999999999975e+00
1.714681571999999932e+01 3.783370000000000122e+00
1.723275587999999914e+01 3.378109999999999946e+00
1.731912677000000045e+01 3.699440000000000062e+00
1.740593055000000078e+01 2.987760000000000193e+00
1.749316938999999849e+01 3.608309999999999906e+00
1.758084548000000069e+01 3.307529999999999859e+00
1.766896099999999947e+01 3.474849999999999994e+00
1.775751816000000005e+01 2.858039999999999914e+00
1.784651917000000054e+01 3.504700000000000149e+00
1.793596624999999989e+01 3.322389999999999954e+00
1.802521512999999942e+01 2.891169999999999796e+00
1.811555784000000102e+01 3.429419999999999913e+00
1.820635333999999972e+01 3.343389999999999862e+00
1.829760392000000024e+01 2.813800000000000079e+00
1.838931184999999857e+01 3.206459999999999866e+00
1.848147941999999944e+01 2.098660000000000192e+00
1.857410893999999857e+01 3.262649999999999828e+00
1.866720271000000153e+01 3.103709999999999969e+00
1.876076308000000026e+01 3.186300000000000132e+00
1.885479236999999841e+01 2.976640000000000175e+00
1.894929292999999859e+01 3.056179999999999897e+00
1.904184182999999919e+01 2.844289999999999985e+00
1.913727988999999852e+01 3.024129999999999985e+00
1.923319628999999864e+01 2.545529999999999848e+00
1.932959341999999836e+01 2.588659999999999961e+00
1.942647369999999896e+01 2.821390000000000065e+00
1.952383954000000088e+01 2.815789999999999793e+00
1.962169339000000079e+01 2.849559999999999871e+00
1.972003766999999996e+01 2.125010000000000066e+00
1.981887486999999837e+01 2.652950000000000141e+00
1.991820742999999894e+01 2.199250000000000149e+00
