2.000000000000000000e+00 4.260249999999999741e-05
2.010024036999999986e+00 3.768520000000000301e-05
2.020098314000000173e+00 6.690869999999999858e-05
2.030223084000000178e+00 1.157480000000000038e-04
2.040398600000000062e+00 1.020140000000000028e-04
2.050625114999999887e+00 1.395059999999999887e-04
2.060902886000000045e+00 1.677260000000000133e-04
2.071232168999999956e+00 1.782870000000000093e-04
2.081613223000000179e+00 2.529790000000000185e-04
2.092046306999999938e+00 7.898550000000000059e-04
2.102531680999999875e+00 1.283000000000000069e-03
2.113069609000000071e+00 1.725879999999999949e-03
2.123660353000000001e+00 1.819770000000000068e-03
2.134304177999999830e+00 2.400649999999999833e-03
2.145001349000000168e+00 5.039980000000000328e-03
2.155752135999999819e+00 4.152509999999999990e-04
2.166556804999999919e+00 1.900949999999999884e-04
2.177415627999999881e+00 5.538369999999999491e-04
2.188328874999999840e+00 7.511889999999999800e-04
2.199296819999999819e+00 4.551949999999999676e-05
2.210319736000000201e+00 2.452169999999999936e-04
2.221397898999999843e+00 1.357789999999999887e-04
2.232531585999999901e+00 9.244129999999999871e-05
2.243721075999999925e+00 8.365180000000000434e-05
2.254966646999999824e+00 3.165229999999999780e-04
2.266268580999999838e+00 4.448650000000000174e-04
2.277627160999999845e+00 3.474500000000000158e-04
2.289042670999999807e+00 2.035100000000000082e-04
2.300515395000000129e+00 5.471320000000000328e-05
2.312045620000000135e+00 2.962600000000000129e-04
2.323633635000000197e+00 4.194010000000000186e-05
2.335279729999999887e+00 5.839709999999999693e-05
2.346984195000000106e+00 1.465550000000000088e-04
2.358747322999999785e+00 1.264699999999999936e-05
2.370569408000000156e+00 1.265489999999999932e-06
2.382450745999999953e+00 3.383319999999999991e-04
2.394391633000000130e+00 2.724509999999999974e-04
2.406392368000000115e+00 4.498540000000000199e-04
2.418453250000000221e+00 3.825780000000000088e-04
2.430574582999999844e+00 1.245449999999999943e-03
2.442756666999999826e+00 6.386130000000000062e-04
2.454999808999999811e+00 8.243350000000000417e-04
2.467304313000000082e+00 1.619910000000000013e-03
2.479670488000000006e+00 9.321279999999999497e-04
2.492098642000000197e+00 3.801759999999999732e-04
2.504589086000000187e+00 6.792179999999999876e-04
2.517142133000000115e+00 3.411280000000000041e-04
2.529758095000000040e+00 2.306099999999999893e-04
2.542437290000000072e+00 5.521929999999999764e-04
2.555180031999999990e+00 5.466099999999999995e-04
2.567986641000000070e+00 1.616330000000000024e-04
2.580857437999999782e+00 9.677969999999999769e-05
2.593792742999999845e+00 1.128610000000000024e-04
2.606792879999999979e+00 2.100199999999999984e-04
2.619858173999999984e+00 1.350570000000000047e-04
2.632988951000000188e+00 2.032360000000000037e-04
2.646185539999999836e+00 1.936530000000000109e-04
2.659448271000000030e+00 9.944750000000000627e-05
2.672777475000000180e+00 5.947530000000000297e-05
2.686173484999999861e+00 6.013109999999999930e-06
2.699636636000000145e+00 6.857180000000000642e-05
2.713167263999999967e+00 2.939069999999999899e-04
2.726765707999999844e+00 4.732839999999999769e-04
2.740432307999999928e+00 4.741839999999999987e-05
2.754167406000000096e+00 5.927589999999999942e-05
2.767971343000000140e+00 1.013629999999999983e-04
2.781844466999999987e+00 7.263120000000000351e-05
2.795787122000000124e+00 4.425070000000000240e-04
2.809799658999999838e+00 9.696260000000000165e-04
2.823882427000000028e+00 2.414719999999999974e-03
2.838035776999999982e+00 1.740599999999999916e-03
2.852260064999999845e+00 2.024370000000000162e-03
2.866555645000000041e+00 2.780139999999999955e-03
2.880922874999999994e+00 8.778440000000000201e-03
2.895362113000000015e+00 1.295900000000000003e-02
2.909873720999999858e+00 1.016279999999999961e-02
2.924458061999999803e+00 5.073499999999999885e-03
2.939115500000000214e+00 7.926920000000000494e-03
2.953846400999999844e+00 5.237689999999999707e-03
2.968651132999999831e+00 1.020869999999999937e-02
2.983530067999999869e+00 2.402100000000000068e-02
2.998483574999999846e+00 1.397110000000000019e-02
3.013227757000000118e+00 1.268619999999999991e-02
3.028330110000000186e+00 3.750280000000000280e-02
3.043508156000000131e+00 3.014249999999999916e-02
3.058762274999999864e+00 3.497379999999999933e-02
3.074092847999999822e+00 2.552429999999999977e-02
3.089500258000000166e+00 7.299579999999999957e-03
3.104984889999999886e+00 1.077039999999999942e-02
3.120547132000000001e+00 5.173230000000000189e-02
3.136187371000000113e+00 5.918810000000000043e-02
3.151905999999999874e+00 5.014550000000000257e-02
3.167703411000000191e+00 2.069649999999999962e-02
3.183579998999999994e+00 1.497740000000000009e-02
3.199536161000000156e+00 8.379110000000000377e-03
3.215572294999999858e+00 8.866989999999999941e-03
3.231688801999999860e+00 1.453099999999999921e-03
3.247886085999999839e+00 3.401470000000000188e-03
3.264164550999999914e+00 6.051329999999999730e-03
3.280524604000000011e+00 2.377790000000000014e-04
3.296966654000000219e+00 2.029250000000000151e-02
3.313491110999999822e+00 1.194240000000000004e-04
3.330098389999999853e+00 6.397970000000000219e-03
3.346788903999999842e+00 3.461029999999999923e-03
3.363563071999999821e+00 6.044719999999999954e-03
3.380421312000000178e+00 1.311139999999999918e-04
3.397364045999999860e+00 9.016450000000000506e-03
3.414391697000000114e+00 2.226969999999999991e-02
3.431504691000000218e+00 4.150079999999999741e-02
3.448703456000000056e+00 2.554089999999999833e-02
3.465988421000000042e+00 2.952999999999999896e-03
3.483360019000000030e+00 2.813030000000000044e-02
3.500818683999999958e+00 9.831560000000000299e-02
3.518364850999999849e+00 8.445110000000000117e-02
3.535998961000000218e+00 1.190040000000000021e-02
3.553721453000000086e+00 4.822390000000000010e-02
3.571532770000000134e+00 2.900269999999999931e-02
3.589433357999999963e+00 9.245250000000000690e-02
3.607423664000000141e+00 3.185369999999999868e-02
3.625504138000000154e+00 6.636720000000000119e-02
3.643675232000000097e+00 2.553250000000000242e-01
3.661937399000000148e+00 1.632480000000000042e-01
3.680291097000000011e+00 1.053449999999999942e-01
3.698736783000000194e+00 2.177580000000000071e-01
3.717274919999999927e+00 2.499339999999999895e-01
3.735905971000000214e+00 1.518049999999999955e-01
3.754630399999999923e+00 1.244159999999999988e-01
3.773448677000000195e+00 2.419129999999999892e-01
3.792361270999999867e+00 2.571899999999999742e-01
3.811368655999999966e+00 3.672179999999999889e-01
3.830471306000000187e+00 4.299620000000000108e-01
3.849669698000000029e+00 2.302599999999999925e-01
3.868964313999999849e+00 1.719030000000000002e-01
3.888355633999999839e+00 4.625190000000000135e-01
3.907844143999999798e+00 5.337619999999999587e-01
3.927430331000000052e+00 3.420150000000000134e-01
3.947114684000000207e+00 5.229089999999999572e-01
3.966897696000000195e+00 5.193389999999999951e-01
3.986779859999999953e+00 5.789279999999999982e-01
4.006404481999999767e+00 5.397859999999999880e-01
4.026484654999999968e+00 5.634310000000000151e-01
4.046665469999999765e+00 5.285710000000000131e-01
4.066947432000000084e+00 7.095979999999999510e-01
4.087331047000000162e+00 6.193509999999999849e-01
4.107816825999999644e+00 7.935619999999999896e-01
4.128405279999999955e+00 8.108849999999999669e-01
4.149096923000000103e+00 7.291400000000000103e-01
4.169892273000000316e+00 3.859349999999999725e-01
4.190791850000000096e+00 5.853880000000000194e-02
4.211796176000000003e+00 1.914080000000000078e-03
4.232905775999999953e+00 1.399419999999999961e-03
4.254121178000000114e+00 1.567969999999999911e-03
4.275442910999999846e+00 1.867280000000000025e-03
4.296871509999999894e+00 1.938419999999999943e-03
4.318407509000000033e+00 3.703979999999999946e-03
4.340051446999999563e+00 1.567100000000000090e-02
4.361803864999999725e+00 1.730879999999999919e-02
4.383665306000000150e+00 5.163299999999999834e-02
4.405636316999999913e+00 3.437439999999999940e-02
4.427717448000000111e+00 5.993079999999999935e-02
4.449909249000000067e+00 2.234960000000000002e-01
4.472212275999999598e+00 1.163929999999999965e-01
4.494627086999999577e+00 9.980210000000000470e-02
4.517154239999999987e+00 2.634420000000000095e-01
4.539794300999999699e+00 3.215479999999999727e-02
4.562547832999999997e+00 7.067070000000000296e-02
4.585415407000000165e+00 2.545829999999999968e-02
4.608397594000000375e+00 1.247400000000000071e-02
4.631494967000000074e+00 1.821580000000000074e-02
4.654708105000000096e+00 7.858669999999999545e-02
4.678037587999999580e+00 4.223699999999999677e-02
4.701483998999999692e+00 1.456460000000000046e-02
4.725047922999999983e+00 1.953649999999999831e-02
4.748729950000000422e+00 7.463709999999999789e-02
4.772530672000000251e+00 2.103959999999999858e-02
4.796450683999999853e+00 3.397370000000000251e-02
4.820490582999999774e+00 2.781899999999999928e-01
4.844650971000000084e+00 7.754260000000000319e-02
4.868932451000000050e+00 5.615549999999999708e-02
4.893335630000000158e+00 8.334529999999999994e-01
4.917861118000000253e+00 2.606240000000000223e-01
4.942509528999999624e+00 8.247480000000000366e-01
4.967281477000000223e+00 9.372270000000000323e-01
4.992177584000000223e+00 1.404230000000000089e+00
5.017027226999999812e+00 5.352419999999999956e-01
5.042172660000000306e+00 1.697850000000000081e+00
5.067444122000000384e+00 1.644889999999999963e+00
5.092842246000000017e+00 1.492949999999999999e+00
5.118367665000000066e+00 1.473130000000000051e+00
5.144021018000000112e+00 9.661079999999999668e-01
5.169802945999999899e+00 1.344969999999999999e+00
5.195714093000000311e+00 1.005160000000000053e+00
5.221755107999999979e+00 1.242390000000000105e+00
5.247926641000000281e+00 1.478329999999999922e+00
5.274229346000000263e+00 9.919489999999999696e-01
5.300663881000000188e+00 1.372530000000000028e+00
5.327230905999999599e+00 1.598959999999999937e+00
5.353931085000000145e+00 2.443780000000000119e-01
5.380765086000000252e+00 5.558469999999999800e-01
5.407733580000000373e+00 1.226790000000000047e+00
5.434837240000000236e+00 1.320969999999999978e+00
5.462076745000000066e+00 6.569580000000000419e-01
5.489452774000000090e+00 1.113059999999999938e+00
5.516966012000000141e+00 9.855690000000000284e-01
5.544617148000000384e+00 1.313129999999999908e+00
5.572406871000000095e+00 9.321730000000000294e-01
5.600335877000000018e+00 1.112549999999999928e+00
5.628404863000000091e+00 1.038140000000000063e+00
5.656614531999999862e+00 5.686839999999999673e-01
5.684965587999999848e+00 1.158970000000000056e+00
5.713458741000000174e+00 8.051800000000000068e-01
5.742094701000000079e+00 9.723789999999999933e-01
5.770874186000000350e+00 6.438930000000000486e-01
5.799797912999999916e+00 1.076300000000000034e+00
5.828866607000000144e+00 5.936890000000000223e-01
5.858080993999999819e+00 6.054859999999999687e-01
5.887441803999999834e+00 7.145179999999999865e-01
5.916949770999999636e+00 3.875540000000000096e-01
5.946605631999999808e+00 1.047679999999999945e+00
5.976410128999999571e+00 1.107520000000000060e+00
6.006002399999999852e+00 1.147119999999999918e+00
6.036104595000000295e+00 1.072480000000000100e+00
6.066357662999999789e+00 3.444420000000000259e-01
6.096762359000000409e+00 6.624480000000000368e-01
6.127319444000000281e+00 8.654500000000000526e-01
6.158029681999999561e+00 5.657060000000000421e-01
6.188893840000000424e+00 7.561790000000000456e-01
6.219912690000000133e+00 1.551250000000000018e+00
6.251087006999999751e+00 1.868900000000000006e+00
6.282417569999999785e+00 9.836420000000000163e-01
6.313905163000000265e+00 2.104680000000000106e+00
6.345550571999999612e+00 4.112750000000000017e-01
6.377354588000000213e+00 1.367969999999999908e+00
6.409318007000000428e+00 2.156440000000000023e-01
6.441441626999999670e+00 1.487589999999999968e+00
6.473726251000000431e+00 9.613720000000000043e-01
6.506172686000000205e+00 1.101730000000000098e+00
6.538781743999999563e+00 1.452649999999999997e+00
6.571554238000000048e+00 7.893829999999999458e-01
6.604490989000000312e+00 1.420639999999999903e+00
6.637592818999999977e+00 5.488239999999999785e-01
6.670860557000000135e+00 7.581210000000000448e-01
6.704295033000000181e+00 1.522180000000000089e+00
6.737897083000000009e+00 1.179619999999999891e+00
6.771667546999999843e+00 1.267740000000000089e+00
6.805607270000000319e+00 1.546950000000000047e+00
6.839717098999999578e+00 1.752939999999999943e+00
6.873997886999999807e+00 1.512100000000000000e+00
6.908450490999999971e+00 7.692529999999999646e-01
6.943075772000000256e+00 2.167580000000000062e+00
6.977874596000000373e+00 1.091360000000000108e+00
7.012610085000000382e+00 1.579339999999999966e+00
7.047757415999999608e+00 6.827130000000000143e-01
7.083080906000000176e+00 1.387219999999999898e+00
7.118581437999999650e+00 1.228180000000000049e+00
7.154259899000000367e+00 1.151599999999999957e+00
7.190117180999999746e+00 2.335500000000000131e+00
7.226154181000000065e+00 3.341019999999999879e+00
7.262371799000000294e+00 1.308899999999999952e+00
7.298770939999999818e+00 2.329720000000000013e+00
7.335352515000000295e+00 4.647620000000000084e-01
7.372117435999999913e+00 5.176910000000000123e-01
7.409066625000000350e+00 1.926639999999999908e+00
7.446201002999999652e+00 2.882589999999999875e-01
7.483521500000000160e+00 1.955789999999999917e+00
7.521029046999999856e+00 2.032950000000000035e+00
7.558724584000000135e+00 2.110590000000000188e+00
7.596609049999999641e+00 2.022229999999999972e+00
7.634683394999999706e+00 3.453399999999999803e+00
7.672948568999999885e+00 3.059000000000000052e-01
7.711405528000000231e+00 1.302619999999999889e+00
7.750055234999999598e+00 2.992960000000000065e+00
7.788898653999999588e+00 1.697880000000000056e+00
7.827936757999999884e+00 4.002709999999999879e-01
7.867170521000000250e+00 1.148400000000000087e+00
7.906600925000000224e+00 3.332660000000000178e+00
7.946228954000000400e+00 2.627909999999999968e+00
7.986055600000000254e+00 2.861400000000000166e+00
8.025638435999999487e+00 2.567320000000000046e+00
8.065863084000000072e+00 4.308169999999999611e+00
8.106289337999999844e+00 3.196270000000000167e+00
8.146918209000000743e+00 6.007329999999999615e+00
8.187750713999999874e+00 3.980220000000000091e+00
8.228787870999999754e+00 6.433729999999999727e+00
8.270030707000000092e+00 5.981290000000000440e+00
8.311480253999999235e+00 4.630429999999999602e+00
8.353137545999999247e+00 6.544229999999999769e+00
8.395003624999999303e+00 5.349090000000000344e+00
8.437079538000000767e+00 6.899420000000000108e+00
8.479366336000000004e+00 5.759220000000000006e+00
8.521865075999999206e+00 6.349879999999999747e+00
8.564576820999999285e+00 7.552270000000000039e+00
8.607502637999999706e+00 7.246340000000000003e+00
8.650643599000000350e+00 5.717360000000000220e+00
8.694000783999999982e+00 7.781550000000000189e+00
8.737575275999999391e+00 8.421659999999999258e+00
8.781368164999999948e+00 7.259079999999999977e+00
8.825380543999999716e+00 7.654950000000000365e+00
8.869613513999999199e+00 8.417859999999999232e+00
8.914068179999999231e+00 8.184359999999999857e+00
8.958745653999999448e+00 8.635040000000000049e+00
9.003600360000000080e+00 7.551820000000000199e+00
9.048726570999999552e+00 7.162980000000000125e+00
9.094078955000000519e+00 5.966870000000000118e+00
9.139658646000000886e+00 7.543020000000000280e+00
9.185466784000000828e+00 7.641969999999999708e+00
9.231504513000000856e+00 7.130709999999999660e+00
9.277772983000000195e+00 8.080000000000000071e+00
9.324273352000000514e+00 6.959529999999999994e+00
9.371006782000000257e+00 7.204170000000000407e+00
9.417974441000000141e+00 6.011800000000000033e+00
9.465177501999999521e+00 7.945229999999999571e+00
9.512617146000000190e+00 6.321110000000000007e+00
9.560294558000000720e+00 7.610570000000000057e+00
9.608210931000000343e+00 4.023729999999999585e+00
9.656367461000000318e+00 6.847030000000000172e+00
9.704765353000000871e+00 6.808119999999999727e+00
9.753405815000000700e+00 6.174229999999999663e+00
9.802290064999999331e+00 2.908850000000000158e+00
9.851419323000000006e+00 6.930519999999999570e+00
9.900794817999999609e+00 6.138250000000000206e+00
9.950417784000000765e+00 6.211929999999999730e+00
1.000000000000000000e+01 8.005539999999999878e+00
1.005012018000000040e+01 6.877740000000000187e+00
1.010049157000000086e+01 7.071419999999999817e+00
1.015111542000000000e+01 6.061009999999999565e+00
1.020199299999999987e+01 7.255589999999999762e+00
1.025312558000000074e+01 7.475719999999999921e+00
1.030451442999999934e+01 6.497440000000000104e+00
1.035616085000000020e+01 7.231080000000000396e+00
1.040806612000000086e+01 7.941650000000000098e+00
1.046023152999999972e+01 7.939219999999999722e+00
1.051265841000000023e+01 6.381179999999999630e+00
1.056534803999999994e+01 8.048249999999999460e+00
1.061830175999999959e+01 8.003740000000000521e+00
1.067152089000000004e+01 7.960390000000000299e+00
1.072500675000000037e+01 7.828109999999999680e+00
1.077876067999999954e+01 8.052350000000000563e+00
1.083278402999999912e+01 7.589540000000000397e+00
1.088707813999999985e+01 7.086680000000000312e+00
1.094164437000000056e+01 7.036129999999999995e+00
1.099648409999999998e+01 7.811899999999999622e+00
1.105071148000000036e+01 7.900439999999999685e+00
1.110609784999999938e+01 7.607969999999999899e+00
1.116176180999999978e+01 7.638480000000000381e+00
1.121770476999999921e+01 7.712489999999999846e+00
1.127392810999999995e+01 7.445750000000000313e+00
1.133043325000000046e+01 7.723080000000000389e+00
1.138722158999999934e+01 7.613330000000000375e+00
1.144429455000000040e+01 7.658900000000000041e+00
1.150165357000000022e+01 7.610560000000000436e+00
1.155930007000000082e+01 7.405249999999999666e+00
1.161723549000000055e+01 7.495490000000000208e+00
1.167546128999999944e+01 7.464990000000000236e+00
1.173397892000000020e+01 6.940220000000000056e+00
1.179278983000000025e+01 7.412589999999999790e+00
1.185189551000000030e+01 7.355019999999999669e+00
1.191129742999999941e+01 7.226370000000000182e+00
1.197099706999999924e+01 7.120560000000000223e+00
1.202883169999999957e+01 7.217259999999999565e+00
1.208912042999999947e+01 6.563850000000000406e+00
1.214971131999999976e+01 7.191860000000000142e+00
1.221060589999999912e+01 7.125949999999999562e+00
1.227180567999999994e+01 7.014029999999999987e+00
1.233331219999999995e+01 6.894660000000000011e+00
1.239512698000000057e+01 6.728939999999999699e+00
1.245725159000000026e+01 6.791009999999999991e+00
1.251968755999999949e+01 5.176720000000000432e+00
1.258243646999999932e+01 6.729429999999999801e+00
1.264549987000000009e+01 6.743369999999999642e+00
1.270887935000000013e+01 6.507539999999999658e+00
1.277257649000000050e+01 6.601309999999999789e+00
1.283659287999999954e+01 6.191650000000000098e+00
1.290093011999999995e+01 6.174120000000000275e+00
1.296558981000000088e+01 5.379059999999999953e+00
1.302862861999999922e+01 5.096759999999999735e+00
1.309392833999999972e+01 6.052170000000000272e+00
1.315955534999999976e+01 5.180830000000000268e+00
1.322551129000000003e+01 4.099140000000000228e+00
1.329179779000000039e+01 3.201039999999999885e+00
1.335841652999999951e+01 3.588690000000000158e+00
1.342536916000000069e+01 3.037049999999999805e+00
1.349265736000000082e+01 2.288600000000000190e+00
1.356028279999999953e+01 3.692950000000000177e+00
1.362824718999999973e+01 2.311269999999999936e+00
1.369655221999999917e+01 1.445179999999999909e+00
1.376519958999999993e+01 1.648330000000000073e+00
1.383419102000000045e+01 4.568609999999999616e+00
1.390352823999999998e+01 2.127009999999999845e+00
1.397321297999999956e+01 2.033580000000000165e+00
1.404205885000000009e+01 1.496180000000000065e+00
1.411243791000000058e+01 3.184120000000000061e+00
1.418316970999999960e+01 1.590300000000000047e+00
1.425425601999999969e+01 1.727270000000000083e+00
1.432569860999999989e+01 2.200990000000000002e+00
1.439749927000000085e+01 1.806810000000000027e+00
1.446965980999999957e+01 1.961940000000000017e+00
1.454218200999999944e+01 1.423480000000000079e+00
1.461506769000000006e+01 1.108209999999999917e+00
1.468831868000000007e+01 1.062410000000000077e+00
1.476193680000000086e+01 9.721109999999999474e-01
1.483592389999999916e+01 1.096959999999999935e+00
1.491028183000000062e+01 1.211430000000000007e+00
1.498501242999999938e+01 1.078600000000000003e+00
1.506011413999999959e+01 1.159419999999999895e+00
1.513559571000000048e+01 1.323709999999999942e+00
1.521145558999999992e+01 1.341360000000000108e+00
1.528769568999999962e+01 1.384470000000000089e+00
1.536431789999999964e+01 1.208479999999999999e+00
1.544132414000000075e+01 1.187799999999999967e+00
1.551871633999999922e+01 1.023249999999999993e+00
1.559649643999999924e+01 1.374689999999999968e+00
1.567466635999999980e+01 2.060049999999999937e+00
1.575322807999999952e+01 2.321979999999999933e+00
1.583218354999999988e+01 2.295490000000000030e+00
1.591153474999999951e+01 1.524219999999999908e+00
1.599128364999999974e+01 1.911969999999999947e+00
1.607054803999999848e+01 2.883300000000000196e+00
1.615109392000000099e+01 3.192320000000000046e+00
1.623204349999999963e+01 2.085700000000000109e+00
1.631339880000000164e+01 2.455290000000000195e+00
1.639516186000000175e+01 3.560839999999999783e+00
1.647733471000000094e+01 3.554520000000000124e+00
1.655991940999999912e+01 3.920180000000000220e+00
1.664291804000000141e+01 3.847589999999999844e+00
1.672633264999999980e+01 3.572740000000000027e+00
1.681016534000000107e+01 2.719050000000000189e+00
1.689441818999999967e+01 2.478460000000000107e+00
1.697909333000000132e+01 2.654780000000000140e+00
1.706130415000000156e+01 3.565459999999999852e+00
1.714681571999999932e+01 3.841169999999999973e+00
1.723275587999999914e+01 3.428920000000000190e+00
1.731912677000000045e+01 3.749890000000000168e+00
1.740593055000000078e+01 3.037469999999999892e+00
1.749316938999999849e+01 3.654319999999999791e+00
1.758084548000000069e+01 3.356090000000000018e+00
1.766896099999999947e+01 3.524490000000000123e+00
1.775751816000000005e+01 2.898390000000000022e+00
1.784651917000000054e+01 3.555079999999999796e+00
1.793596624999999989e+01 3.360409999999999897e+00
1.802521512999999942e+01 2.929390000000000160e+00
1.811555784000000102e+01 3.476199999999999957e+00
1.820635333999999972e+01 3.384679999999999911e+00
1.829760392000000024e+01 2.850130000000000052e+00
1.838931184999999857e+01 3.249550000000000161e+00
1.848147941999999944e+01 2.133319999999999883e+00
1.857410893999999857e+01 3.305899999999999839e+00
1.866720271000000153e+01 3.142259999999999831e+00
1.876076308000000026e+01 3.227599999999999802e+00
1.885479236999999841e+01 3.020840000000000192e+00
1.894929292999999859e+01 3.092740000000000045e+00
1.904184182999999919e+01 2.884069999999999911e+00
1.913727988999999852e+01 3.059989999999999988e+00
1.923319628999999864e+01 2.575039999999999996e+00
1.932959341999999836e+01 2.621999999999999886e+00
1.942647369999999896e+01 2.853870000000000129e+00
1.952383954000000088e+01 2.848860000000000170e+00
1.962169339000000079e+01 2.882559999999999789e+00
1.972003766999999996e+01 2.159380000000000077e+00
1.981887486999999837e+01 2.686700000000000088e+00
1.991820742999999894e+01 2.224849999999999994e+00
