2.000000000000000000e+00 4.250850000000000136e-05
2.010024036999999986e+00 3.759719999999999978e-05
2.020098314000000173e+00 6.684259999999999594e-05
2.030223084000000178e+00 1.154309999999999999e-04
2.040398600000000062e+00 1.019999999999999992e-04
2.050625114999999887e+00 1.394880000000000035e-04
2.060902886000000045e+00 1.674710000000000098e-04
2.071232168999999956e+00 1.782780000000000031e-04
2.081613223000000179e+00 2.520900000000000072e-04
2.092046306999999938e+00 7.685899999999999850e-04
2.102531680999999875e+00 1.244490000000000006e-03
2.113069609000000071e+00 1.631419999999999962e-03
2.123660353000000001e+00 1.706379999999999963e-03
2.134304177999999830e+00 2.206270000000000193e-03
2.145001349000000168e+00 4.736259999999999949e-03
2.155752135999999819e+00 4.008260000000000143e-04
2.166556804999999919e+00 1.845080000000000027e-04
2.177415627999999881e+00 5.249830000000000252e-04
2.188328874999999840e+00 7.205010000000000190e-04
2.199296819999999819e+00 4.280409999999999901e-05
2.210319736000000201e+00 2.364739999999999995e-04
2.221397898999999843e+00 1.295269999999999950e-04
2.232531585999999901e+00 8.770540000000000226e-05
2.243721075999999925e+00 7.914330000000000507e-05
2.254966646999999824e+00 3.056110000000000120e-04
2.266268580999999838e+00 4.293580000000000183e-04
2.277627160999999845e+00 3.332550000000000204e-04
2.289042670999999807e+00 1.941009999999999903e-04
2.300515395000000129e+00 5.126660000000000142e-05
2.312045620000000135e+00 2.872090000000000211e-04
2.323633635000000197e+00 4.551800000000000025e-05
2.335279729999999887e+00 6.008779999999999753e-05
2.346984195000000106e+00 1.397539999999999904e-04
2.358747322999999785e+00 1.261580000000000041e-05
2.370569408000000156e+00 1.189219999999999898e-06
2.382450745999999953e+00 3.300309999999999984e-04
2.394391633000000130e+00 2.650400000000000238e-04
2.406392368000000115e+00 4.528420000000000123e-04
2.418453250000000221e+00 3.780909999999999957e-04
2.430574582999999844e+00 1.246010000000000086e-03
2.442756666999999826e+00 6.313739999999999760e-04
2.454999808999999811e+00 8.176630000000000486e-04
2.467304313000000082e+00 1.615679999999999981e-03
2.479670488000000006e+00 9.285310000000000178e-04
2.492098642000000197e+00 3.794180000000000187e-04
2.504589086000000187e+00 6.795069999999999843e-04
2.517142133000000115e+00 3.423990000000000128e-04
2.529758095000000040e+00 2.318619999999999969e-04
2.542437290000000072e+00 5.539380000000000215e-04
2.555180031999999990e+00 5.438020000000000223e-04
2.567986641000000070e+00 1.617850000000000104e-04
2.580857437999999782e+00 9.730170000000000388e-05
2.593792742999999845e+00 1.138099999999999962e-04
2.606792879999999979e+00 2.111779999999999896e-04
2.619858173999999984e+00 1.364749999999999969e-04
2.632988951000000188e+00 2.040649999999999918e-04
2.646185539999999836e+00 1.951370000000000123e-04
2.659448271000000030e+00 1.004109999999999980e-04
2.672777475000000180e+00 5.998140000000000139e-05
2.686173484999999861e+00 6.086349999999999757e-06
2.699636636000000145e+00 6.957800000000000367e-05
2.713167263999999967e+00 2.961749999999999756e-04
2.726765707999999844e+00 4.759109999999999773e-04
2.740432307999999928e+00 4.783479999999999812e-05
2.754167406000000096e+00 6.000149999999999803e-05
2.767971343000000140e+00 1.022519999999999961e-04
2.781844466999999987e+00 7.356440000000000331e-05
2.795787122000000124e+00 4.457829999999999974e-04
2.809799658999999838e+00 9.752409999999999551e-04
2.823882427000000028e+00 2.425590000000000038e-03
2.838035776999999982e+00 1.749399999999999913e-03
2.852260064999999845e+00 2.033979999999999903e-03
2.866555645000000041e+00 2.791549999999999847e-03
2.880922874999999994e+00 8.818049999999999153e-03
2.895362113000000015e+00 1.300959999999999964e-02
2.909873720999999858e+00 1.020249999999999976e-02
2.924458061999999803e+00 5.093780000000000009e-03
2.939115500000000214e+00 7.963390000000000746e-03
2.953846400999999844e+00 5.262219999999999745e-03
2.968651132999999831e+00 1.025350000000000046e-02
2.983530067999999869e+00 2.410680000000000114e-02
2.998483574999999846e+00 1.402570000000000032e-02
3.013227757000000118e+00 1.273759999999999996e-02
3.028330110000000186e+00 3.757880000000000248e-02
3.043508156000000131e+00 3.022129999999999955e-02
3.058762274999999864e+00 3.499769999999999964e-02
3.074092847999999822e+00 2.560660000000000019e-02
3.089500258000000166e+00 7.333730000000000110e-03
3.104984889999999886e+00 1.077960000000000029e-02
3.120547132000000001e+00 5.148830000000000073e-02
3.136187371000000113e+00 5.893740000000000090e-02
3.151905999999999874e+00 4.913000000000000006e-02
3.167703411000000191e+00 1.913870000000000154e-02
3.183579998999999994e+00 1.298110000000000062e-02
3.199536161000000156e+00 7.553999999999999951e-03
3.215572294999999858e+00 7.262440000000000215e-03
3.231688801999999860e+00 1.168650000000000027e-03
3.247886085999999839e+00 1.789580000000000034e-03
3.264164550999999914e+00 1.959359999999999834e-03
3.280524604000000011e+00 1.791849999999999997e-04
3.296966654000000219e+00 1.242809999999999922e-02
3.313491110999999822e+00 1.171479999999999971e-04
3.330098389999999853e+00 4.415810000000000048e-03
3.346788903999999842e+00 1.935270000000000002e-03
3.363563071999999821e+00 3.340259999999999844e-03
3.380421312000000178e+00 1.298910000000000071e-04
3.397364045999999860e+00 6.398410000000000208e-03
3.414391697000000114e+00 1.790380000000000096e-02
3.431504691000000218e+00 4.057929999999999870e-02
3.448703456000000056e+00 2.462860000000000049e-02
3.465988421000000042e+00 2.790149999999999922e-03
3.483360019000000030e+00 2.741909999999999833e-02
3.500818683999999958e+00 9.575480000000000103e-02
3.518364850999999849e+00 8.230239999999999778e-02
3.535998961000000218e+00 1.128370000000000067e-02
3.553721453000000086e+00 4.659619999999999734e-02
3.571532770000000134e+00 2.777320000000000136e-02
3.589433357999999963e+00 9.015370000000000328e-02
3.607423664000000141e+00 3.047559999999999852e-02
3.625504138000000154e+00 6.401270000000000571e-02
3.643675232000000097e+00 2.516769999999999841e-01
3.661937399000000148e+00 1.610209999999999975e-01
3.680291097000000011e+00 1.033629999999999965e-01
3.698736783000000194e+00 2.133670000000000011e-01
3.717274919999999927e+00 2.464890000000000136e-01
3.735905971000000214e+00 1.491590000000000138e-01
3.754630399999999923e+00 1.225480000000000042e-01
3.773448677000000195e+00 2.369290000000000007e-01
3.792361270999999867e+00 2.539649999999999963e-01
3.811368655999999966e+00 3.661690000000000222e-01
3.830471306000000187e+00 4.279279999999999751e-01
3.849669698000000029e+00 2.247939999999999938e-01
3.868964313999999849e+00 1.664029999999999954e-01
3.888355633999999839e+00 4.556069999999999842e-01
3.907844143999999798e+00 5.234290000000000331e-01
3.927430331000000052e+00 3.262990000000000057e-01
3.947114684000000207e+00 4.960430000000000117e-01
3.966897696000000195e+00 4.885149999999999770e-01
3.986779859999999953e+00 5.235530000000000461e-01
4.006404481999999767e+00 3.858179999999999943e-01
4.026484654999999968e+00 4.808339999999999836e-01
4.046665469999999765e+00 4.681589999999999918e-01
4.066947432000000084e+00 5.902699999999999614e-01
4.087331047000000162e+00 5.188589999999999591e-01
4.107816825999999644e+00 7.493170000000000108e-01
4.128405279999999955e+00 7.548439999999999594e-01
4.149096923000000103e+00 6.598089999999999788e-01
4.169892273000000316e+00 3.422479999999999967e-01
4.190791850000000096e+00 5.753660000000000024e-02
4.211796176000000003e+00 1.917050000000000004e-03
4.232905775999999953e+00 1.399419999999999961e-03
4.254121178000000114e+00 1.570559999999999925e-03
4.275442910999999846e+00 1.865820000000000022e-03
4.296871509999999894e+00 1.938400000000000062e-03
4.318407509000000033e+00 3.708400000000000151e-03
4.340051446999999563e+00 1.576510000000000064e-02
4.361803864999999725e+00 1.741900000000000046e-02
4.383665306000000150e+00 5.187449999999999700e-02
4.405636316999999913e+00 3.467789999999999762e-02
4.427717448000000111e+00 6.034250000000000030e-02
4.449909249000000067e+00 2.261350000000000027e-01
4.472212275999999598e+00 1.207509999999999972e-01
4.494627086999999577e+00 1.076779999999999959e-01
4.517154239999999987e+00 2.832839999999999803e-01
4.539794300999999699e+00 3.611589999999999939e-02
4.562547832999999997e+00 7.984860000000000568e-02
4.585415407000000165e+00 2.903309999999999919e-02
4.608397594000000375e+00 1.412859999999999984e-02
4.631494967000000074e+00 2.085619999999999835e-02
4.654708105000000096e+00 8.935769999999999824e-02
4.678037587999999580e+00 4.791480000000000045e-02
4.701483998999999692e+00 1.635330000000000117e-02
4.725047922999999983e+00 2.214150000000000146e-02
4.748729950000000422e+00 8.444169999999999454e-02
4.772530672000000251e+00 2.358009999999999967e-02
4.796450683999999853e+00 3.796030000000000237e-02
4.820490582999999774e+00 2.950280000000000125e-01
4.844650971000000084e+00 8.497490000000000598e-02
4.868932451000000050e+00 6.133609999999999757e-02
4.893335630000000158e+00 8.492009999999999836e-01
4.917861118000000253e+00 2.813970000000000082e-01
4.942509528999999624e+00 8.366109999999999935e-01
4.967281477000000223e+00 9.678320000000000256e-01
4.992177584000000223e+00 1.415960000000000107e+00
5.017027226999999812e+00 5.367269999999999541e-01
5.042172660000000306e+00 1.702010000000000023e+00
5.067444122000000384e+00 1.654020000000000046e+00
5.092842246000000017e+00 1.497759999999999980e+00
5.118367665000000066e+00 1.479240000000000110e+00
5.144021018000000112e+00 9.683990000000000098e-01
5.169802945999999899e+00 1.348279999999999923e+00
5.195714093000000311e+00 1.007779999999999898e+00
5.221755107999999979e+00 1.245509999999999895e+00
5.247926641000000281e+00 1.482110000000000039e+00
5.274229346000000263e+00 9.943079999999999696e-01
5.300663881000000188e+00 1.375000000000000000e+00
5.327230905999999599e+00 1.603140000000000009e+00
5.353931085000000145e+00 2.453519999999999868e-01
5.380765086000000252e+00 5.573380000000000001e-01
5.407733580000000373e+00 1.229289999999999994e+00
5.434837240000000236e+00 1.323769999999999891e+00
5.462076745000000066e+00 6.587779999999999747e-01
5.489452774000000090e+00 1.115520000000000067e+00
5.516966012000000141e+00 9.875239999999999574e-01
5.544617148000000384e+00 1.315339999999999954e+00
5.572406871000000095e+00 9.342540000000000289e-01
5.600335877000000018e+00 1.115250000000000075e+00
5.628404863000000091e+00 1.040799999999999947e+00
5.656614531999999862e+00 5.705379999999999896e-01
5.684965587999999848e+00 1.161450000000000093e+00
5.713458741000000174e+00 8.069739999999999691e-01
5.742094701000000079e+00 9.742539999999999534e-01
5.770874186000000350e+00 6.466079999999999606e-01
5.799797912999999916e+00 1.078449999999999909e+00
5.828866607000000144e+00 5.960710000000000175e-01
5.858080993999999819e+00 6.080050000000000177e-01
5.887441803999999834e+00 7.176179999999999781e-01
5.916949770999999636e+00 3.891359999999999819e-01
5.946605631999999808e+00 1.050030000000000019e+00
5.976410128999999571e+00 1.109730000000000105e+00
6.006002399999999852e+00 1.148320000000000007e+00
6.036104595000000295e+00 1.073430000000000106e+00
6.066357662999999789e+00 3.455829999999999735e-01
6.096762359000000409e+00 6.648469999999999658e-01
6.127319444000000281e+00 8.621469999999999967e-01
6.158029681999999561e+00 5.672190000000000287e-01
6.188893840000000424e+00 7.592430000000000012e-01
6.219912690000000133e+00 1.541819999999999968e+00
6.251087006999999751e+00 1.844109999999999916e+00
6.282417569999999785e+00 9.519410000000000371e-01
6.313905163000000265e+00 2.101309999999999789e+00
6.345550571999999612e+00 4.102589999999999848e-01
6.377354588000000213e+00 1.351939999999999920e+00
6.409318007000000428e+00 2.117489999999999928e-01
6.441441626999999670e+00 1.437270000000000048e+00
6.473726251000000431e+00 9.462190000000000323e-01
6.506172686000000205e+00 1.008219999999999894e+00
6.538781743999999563e+00 1.359639999999999960e+00
6.571554238000000048e+00 7.808199999999999585e-01
6.604490989000000312e+00 1.299250000000000016e+00
6.637592818999999977e+00 5.431380000000000097e-01
6.670860557000000135e+00 7.394739999999999647e-01
6.704295033000000181e+00 1.429750000000000076e+00
6.737897083000000009e+00 7.728260000000000129e-01
6.771667546999999843e+00 1.149599999999999955e+00
6.805607270000000319e+00 1.312089999999999979e+00
6.839717098999999578e+00 1.507489999999999997e+00
6.873997886999999807e+00 1.389799999999999924e+00
6.908450490999999971e+00 4.802679999999999727e-01
6.943075772000000256e+00 1.909790000000000099e+00
6.977874596000000373e+00 9.318859999999999921e-01
7.012610085000000382e+00 1.389080000000000092e+00
7.047757415999999608e+00 6.469240000000000546e-01
7.083080906000000176e+00 1.160789999999999988e+00
7.118581437999999650e+00 1.141950000000000021e+00
7.154259899000000367e+00 1.086000000000000076e+00
7.190117180999999746e+00 2.159279999999999866e+00
7.226154181000000065e+00 2.777579999999999938e+00
7.262371799000000294e+00 9.873619999999999619e-01
7.298770939999999818e+00 1.782999999999999918e+00
7.335352515000000295e+00 3.864850000000000230e-01
7.372117435999999913e+00 4.886349999999999860e-01
7.409066625000000350e+00 1.669999999999999929e+00
7.446201002999999652e+00 2.783340000000000258e-01
7.483521500000000160e+00 1.760790000000000077e+00
7.521029046999999856e+00 1.678960000000000008e+00
7.558724584000000135e+00 1.716409999999999991e+00
7.596609049999999641e+00 1.919480000000000075e+00
7.634683394999999706e+00 3.169639999999999791e+00
7.672948568999999885e+00 3.018270000000000119e-01
7.711405528000000231e+00 1.265169999999999906e+00
7.750055234999999598e+00 2.930909999999999904e+00
7.788898653999999588e+00 1.645510000000000028e+00
7.827936757999999884e+00 3.911120000000000152e-01
7.867170521000000250e+00 1.110659999999999981e+00
7.906600925000000224e+00 3.259240000000000137e+00
7.946228954000000400e+00 2.578720000000000123e+00
7.986055600000000254e+00 2.800549999999999873e+00
8.025638435999999487e+00 2.501619999999999955e+00
8.065863084000000072e+00 4.246209999999999596e+00
8.106289337999999844e+00 3.133539999999999992e+00
8.146918209000000743e+00 5.964889999999999581e+00
8.187750713999999874e+00 3.916739999999999888e+00
8.228787870999999754e+00 6.394929999999999559e+00
8.270030707000000092e+00 5.955709999999999837e+00
8.311480253999999235e+00 4.575099999999999945e+00
8.353137545999999247e+00 6.509730000000000238e+00
8.395003624999999303e+00 5.331269999999999953e+00
8.437079538000000767e+00 6.867759999999999643e+00
8.479366336000000004e+00 5.704830000000000290e+00
8.521865075999999206e+00 6.339489999999999625e+00
8.564576820999999285e+00 7.530109999999999637e+00
8.607502637999999706e+00 7.228799999999999670e+00
8.650643599000000350e+00 5.650890000000000413e+00
8.694000783999999982e+00 7.753490000000000215e+00
8.737575275999999391e+00 8.411749999999999616e+00
8.781368164999999948e+00 7.203630000000000422e+00
8.825380543999999716e+00 7.618430000000000035e+00
8.869613513999999199e+00 8.147240000000000038e+00
8.914068179999999231e+00 8.048349999999999227e+00
8.958745653999999448e+00 8.550119999999999720e+00
9.003600360000000080e+00 7.256310000000000038e+00
9.048726570999999552e+00 6.638969999999999594e+00
9.094078955000000519e+00 5.898329999999999629e+00
9.139658646000000886e+00 7.112669999999999604e+00
9.185466784000000828e+00 6.959299999999999820e+00
9.231504513000000856e+00 6.202399999999999913e+00
9.277772983000000195e+00 7.531130000000000102e+00
9.324273352000000514e+00 5.989489999999999981e+00
9.371006782000000257e+00 6.252740000000000187e+00
9.417974441000000141e+00 4.441769999999999996e+00
9.465177501999999521e+00 7.497379999999999711e+00
9.512617146000000190e+00 5.680780000000000385e+00
9.560294558000000720e+00 6.338809999999999611e+00
9.608210931000000343e+00 2.409650000000000070e+00
9.656367461000000318e+00 5.797170000000000378e+00
9.704765353000000871e+00 5.591370000000000395e+00
9.753405815000000700e+00 4.890559999999999796e+00
9.802290064999999331e+00 1.713980000000000059e+00
9.851419323000000006e+00 5.517570000000000086e+00
9.900794817999999609e+00 5.184890000000000221e+00
9.950417784000000765e+00 4.387929999999999886e+00
1.000000000000000000e+01 7.206900000000000084e+00
1.005012018000000040e+01 5.592979999999999841e+00
1.010049157000000086e+01 5.820789999999999687e+00
1.015111542000000000e+01 4.345679999999999765e+00
1.020199299999999987e+01 6.104250000000000398e+00
1.025312558000000074e+01 6.574460000000000193e+00
1.030451442999999934e+01 5.629940000000000389e+00
1.035616085000000020e+01 5.852999999999999758e+00
1.040806612000000086e+01 7.459640000000000271e+00
1.046023152999999972e+01 7.591590000000000060e+00
1.051265841000000023e+01 6.227579999999999671e+00
1.056534803999999994e+01 7.756549999999999834e+00
1.061830175999999959e+01 7.676099999999999923e+00
1.067152089000000004e+01 7.665370000000000239e+00
1.072500675000000037e+01 7.655669999999999753e+00
1.077876067999999954e+01 7.954469999999999708e+00
1.083278402999999912e+01 7.463420000000000165e+00
1.088707813999999985e+01 7.065089999999999648e+00
1.094164437000000056e+01 7.022750000000000270e+00
1.099648409999999998e+01 7.785669999999999646e+00
1.105071148000000036e+01 7.897470000000000212e+00
1.110609784999999938e+01 7.600769999999999804e+00
1.116176180999999978e+01 7.643559999999999910e+00
1.121770476999999921e+01 7.718510000000000204e+00
1.127392810999999995e+01 7.455309999999999881e+00
1.133043325000000046e+01 7.734989999999999810e+00
1.138722158999999934e+01 7.626229999999999620e+00
1.144429455000000040e+01 7.672930000000000028e+00
1.150165357000000022e+01 7.626820000000000377e+00
1.155930007000000082e+01 7.425159999999999982e+00
1.161723549000000055e+01 7.513519999999999754e+00
1.167546128999999944e+01 7.488010000000000055e+00
1.173397892000000020e+01 6.956629999999999647e+00
1.179278983000000025e+01 7.432610000000000383e+00
1.185189551000000030e+01 7.395940000000000403e+00
1.191129742999999941e+01 7.262279999999999625e+00
1.197099706999999924e+01 7.198229999999999684e+00
1.202883169999999957e+01 7.226040000000000241e+00
1.208912042999999947e+01 6.596689999999999721e+00
1.214971131999999976e+01 7.200179999999999580e+00
1.221060589999999912e+01 7.146239999999999704e+00
1.227180567999999994e+01 7.023100000000000342e+00
1.233331219999999995e+01 6.905350000000000321e+00
1.239512698000000057e+01 6.754529999999999923e+00
1.245725159000000026e+01 6.810399999999999565e+00
1.251968755999999949e+01 5.190970000000000084e+00
1.258243646999999932e+01 6.747849999999999682e+00
1.264549987000000009e+01 6.763119999999999798e+00
1.270887935000000013e+01 6.521309999999999718e+00
1.277257649000000050e+01 6.608839999999999826e+00
1.283659287999999954e+01 6.199060000000000237e+00
1.290093011999999995e+01 6.183270000000000266e+00
1.296558981000000088e+01 5.358410000000000117e+00
1.302862861999999922e+01 4.745750000000000135e+00
1.309392833999999972e+01 5.703359999999999985e+00
1.315955534999999976e+01 4.223779999999999646e+00
1.322551129000000003e+01 3.523159999999999847e+00
1.329179779000000039e+01 2.318839999999999790e+00
1.335841652999999951e+01 2.989120000000000221e+00
1.342536916000000069e+01 2.407999999999999918e+00
1.349265736000000082e+01 1.783009999999999984e+00
1.356028279999999953e+01 3.105770000000000142e+00
1.362824718999999973e+01 1.935850000000000071e+00
1.369655221999999917e+01 1.335029999999999939e+00
1.376519958999999993e+01 1.214949999999999974e+00
1.383419102000000045e+01 3.963000000000000078e+00
1.390352823999999998e+01 2.079079999999999817e+00
1.397321297999999956e+01 1.506080000000000085e+00
1.404205885000000009e+01 1.404840000000000089e+00
1.411243791000000058e+01 3.073679999999999968e+00
1.418316970999999960e+01 1.363879999999999981e+00
1.425425601999999969e+01 1.678539999999999921e+00
1.432569860999999989e+01 2.187730000000000175e+00
1.439749927000000085e+01 1.804890000000000105e+00
1.446965980999999957e+01 1.960979999999999945e+00
1.454218200999999944e+01 1.423799999999999955e+00
1.461506769000000006e+01 1.107140000000000013e+00
1.468831868000000007e+01 1.061949999999999950e+00
1.476193680000000086e+01 9.728099999999999525e-01
1.483592389999999916e+01 1.098119999999999985e+00
1.491028183000000062e+01 1.212939999999999907e+00
1.498501242999999938e+01 1.078060000000000018e+00
1.506011413999999959e+01 1.161049999999999915e+00
1.513559571000000048e+01 1.326289999999999969e+00
1.521145558999999992e+01 1.343920000000000003e+00
1.528769568999999962e+01 1.387199999999999989e+00
1.536431789999999964e+01 1.210139999999999993e+00
1.544132414000000075e+01 1.189410000000000078e+00
1.551871633999999922e+01 1.023300000000000098e+00
1.559649643999999924e+01 1.377229999999999954e+00
1.567466635999999980e+01 2.064569999999999794e+00
1.575322807999999952e+01 2.326779999999999848e+00
1.583218354999999988e+01 2.300409999999999844e+00
1.591153474999999951e+01 1.526850000000000041e+00
1.599128364999999974e+01 1.915429999999999966e+00
1.607054803999999848e+01 2.888020000000000032e+00
1.615109392000000099e+01 3.196439999999999948e+00
1.623204349999999963e+01 2.088820000000000121e+00
1.631339880000000164e+01 2.458909999999999929e+00
1.639516186000000175e+01 3.564369999999999816e+00
1.647733471000000094e+01 3.558399999999999785e+00
1.655991940999999912e+01 3.923569999999999780e+00
1.664291804000000141e+01 3.850830000000000197e+00
1.672633264999999980e+01 3.575870000000000104e+00
1.681016534000000107e+01 2.722440000000000193e+00
1.689441818999999967e+01 2.481570000000000054e+00
1.697909333000000132e+01 2.657989999999999853e+00
1.706130415000000156e+01 3.568599999999999994e+00
1.714681571999999932e+01 3.844160000000000021e+00
1.723275587999999914e+01 3.431550000000000100e+00
1.731912677000000045e+01 3.752559999999999896e+00
1.740593055000000078e+01 3.040070000000000050e+00
1.749316938999999849e+01 3.656709999999999905e+00
1.758084548000000069e+01 3.358560000000000212e+00
1.766896099999999947e+01 3.527039999999999953e+00
1.775751816000000005e+01 2.901029999999999998e+00
1.784651917000000054e+01 3.557650000000000201e+00
1.793596624999999989e+01 3.362359999999999793e+00
1.802521512999999942e+01 2.931719999999999882e+00
1.811555784000000102e+01 3.478590000000000071e+00
1.820635333999999972e+01 3.386800000000000033e+00
1.829760392000000024e+01 2.852360000000000007e+00
1.838931184999999857e+01 3.251819999999999933e+00
1.848147941999999944e+01 2.136010000000000186e+00
1.857410893999999857e+01 3.308110000000000106e+00
1.866720271000000153e+01 3.144219999999999793e+00
1.876076308000000026e+01 3.229670000000000041e+00
1.885479236999999841e+01 3.022959999999999869e+00
1.894929292999999859e+01 3.094539999999999846e+00
1.904184182999999919e+01 2.886070000000000135e+00
1.913727988999999852e+01 3.061770000000000103e+00
1.923319628999999864e+01 2.576880000000000059e+00
1.932959341999999836e+01 2.623940000000000161e+00
1.942647369999999896e+01 2.855420000000000069e+00
1.952383954000000088e+01 2.850519999999999943e+00
1.962169339000000079e+01 2.884160000000000057e+00
1.972003766999999996e+01 2.161989999999999856e+00
1.981887486999999837e+01 2.688340000000000174e+00
1.991820742999999894e+01 2.226750000000000007e+00
