2.000000000000000000e+00 4.267840000000000121e-05
2.010024036999999986e+00 3.773559999999999832e-05
2.020098314000000173e+00 6.703889999999999947e-05
2.030223084000000178e+00 1.158390000000000000e-04
2.040398600000000062e+00 1.022060000000000037e-04
2.050625114999999887e+00 1.397760000000000116e-04
2.060902886000000045e+00 1.678759999999999899e-04
2.071232168999999956e+00 1.786450000000000082e-04
2.081613223000000179e+00 2.531100000000000212e-04
2.092046306999999938e+00 7.856399999999999929e-04
2.102531680999999875e+00 1.270569999999999946e-03
2.113069609000000071e+00 1.732589999999999998e-03
2.123660353000000001e+00 1.835519999999999990e-03
2.134304177999999830e+00 2.447840000000000172e-03
2.145001349000000168e+00 5.070780000000000426e-03
2.155752135999999819e+00 4.248109999999999820e-04
2.166556804999999919e+00 1.950280000000000037e-04
2.177415627999999881e+00 5.718890000000000128e-04
2.188328874999999840e+00 7.637520000000000290e-04
2.199296819999999819e+00 4.805459999999999897e-05
2.210319736000000201e+00 2.530279999999999769e-04
2.221397898999999843e+00 1.414180000000000070e-04
2.232531585999999901e+00 9.677860000000000206e-05
2.243721075999999925e+00 8.792949999999999898e-05
2.254966646999999824e+00 3.263450000000000205e-04
2.266268580999999838e+00 4.587339999999999756e-04
2.277627160999999845e+00 3.603750000000000182e-04
2.289042670999999807e+00 2.122749999999999962e-04
2.300515395000000129e+00 5.807110000000000039e-05
2.312045620000000135e+00 3.089489999999999858e-04
2.323633635000000197e+00 4.545509999999999785e-05
2.335279729999999887e+00 6.299190000000000247e-05
2.346984195000000106e+00 1.538009999999999866e-04
2.358747322999999785e+00 1.388920000000000078e-05
2.370569408000000156e+00 1.366320000000000074e-06
2.382450745999999953e+00 3.527809999999999822e-04
2.394391633000000130e+00 2.829460000000000113e-04
2.406392368000000115e+00 4.659649999999999881e-04
2.418453250000000221e+00 3.903800000000000130e-04
2.430574582999999844e+00 1.274329999999999951e-03
2.442756666999999826e+00 6.508100000000000386e-04
2.454999808999999811e+00 8.387130000000000453e-04
2.467304313000000082e+00 1.638460000000000003e-03
2.479670488000000006e+00 9.438509999999999999e-04
2.492098642000000197e+00 3.855490000000000046e-04
2.504589086000000187e+00 6.864889999999999794e-04
2.517142133000000115e+00 3.445659999999999804e-04
2.529758095000000040e+00 2.329999999999999986e-04
2.542437290000000072e+00 5.577810000000000320e-04
2.555180031999999990e+00 5.548999999999999896e-04
2.567986641000000070e+00 1.634929999999999879e-04
2.580857437999999782e+00 9.794600000000000040e-05
2.593792742999999845e+00 1.144529999999999967e-04
2.606792879999999979e+00 2.123329999999999879e-04
2.619858173999999984e+00 1.369730000000000047e-04
2.632988951000000188e+00 2.054079999999999958e-04
2.646185539999999836e+00 1.956109999999999945e-04
2.659448271000000030e+00 1.006970000000000017e-04
2.672777475000000180e+00 6.058180000000000330e-05
2.686173484999999861e+00 6.137080000000000371e-06
2.699636636000000145e+00 7.037580000000000474e-05
2.713167263999999967e+00 2.979190000000000050e-04
2.726765707999999844e+00 4.775439999999999937e-04
2.740432307999999928e+00 4.794790000000000217e-05
2.754167406000000096e+00 6.056520000000000078e-05
2.767971343000000140e+00 1.025400000000000042e-04
2.781844466999999987e+00 7.422810000000000172e-05
2.795787122000000124e+00 4.480460000000000128e-04
2.809799658999999838e+00 9.827790000000000310e-04
2.823882427000000028e+00 2.437700000000000110e-03
2.838035776999999982e+00 1.757260000000000072e-03
2.852260064999999845e+00 2.042940000000000034e-03
2.866555645000000041e+00 2.800439999999999961e-03
2.880922874999999994e+00 8.831800000000000761e-03
2.895362113000000015e+00 1.302539999999999948e-02
2.909873720999999858e+00 1.021339999999999922e-02
2.924458061999999803e+00 5.108249999999999943e-03
2.939115500000000214e+00 7.978179999999999647e-03
2.953846400999999844e+00 5.275539999999999570e-03
2.968651132999999831e+00 1.026709999999999949e-02
2.983530067999999869e+00 2.413250000000000117e-02
2.998483574999999846e+00 1.404709999999999986e-02
3.013227757000000118e+00 1.276079999999999923e-02
3.028330110000000186e+00 3.769739999999999897e-02
3.043508156000000131e+00 3.029240000000000058e-02
3.058762274999999864e+00 3.520020000000000093e-02
3.074092847999999822e+00 2.567140000000000047e-02
3.089500258000000166e+00 7.354819999999999761e-03
3.104984889999999886e+00 1.087429999999999994e-02
3.120547132000000001e+00 5.223459999999999909e-02
3.136187371000000113e+00 5.941810000000000147e-02
3.151905999999999874e+00 5.033970000000000111e-02
3.167703411000000191e+00 2.104469999999999952e-02
3.183579998999999994e+00 1.507000000000000006e-02
3.199536161000000156e+00 8.431080000000000518e-03
3.215572294999999858e+00 8.698279999999999207e-03
3.231688801999999860e+00 1.487540000000000086e-03
3.247886085999999839e+00 2.994329999999999908e-03
3.264164550999999914e+00 4.447730000000000433e-03
3.280524604000000011e+00 2.348980000000000133e-04
3.296966654000000219e+00 1.827499999999999958e-02
3.313491110999999822e+00 1.185199999999999969e-04
3.330098389999999853e+00 6.249470000000000025e-03
3.346788903999999842e+00 3.136560000000000042e-03
3.363563071999999821e+00 5.319179999999999742e-03
3.380421312000000178e+00 1.319860000000000065e-04
3.397364045999999860e+00 8.699780000000000707e-03
3.414391697000000114e+00 2.227799999999999919e-02
3.431504691000000218e+00 4.351390000000000119e-02
3.448703456000000056e+00 2.689189999999999983e-02
3.465988421000000042e+00 3.144029999999999915e-03
3.483360019000000030e+00 2.935710000000000056e-02
3.500818683999999958e+00 1.010630000000000001e-01
3.518364850999999849e+00 8.651540000000000619e-02
3.535998961000000218e+00 1.252050000000000038e-02
3.553721453000000086e+00 4.982749999999999679e-02
3.571532770000000134e+00 3.021110000000000115e-02
3.589433357999999963e+00 9.468450000000000477e-02
3.607423664000000141e+00 3.324660000000000115e-02
3.625504138000000154e+00 6.863769999999999594e-02
3.643675232000000097e+00 2.588619999999999810e-01
3.661937399000000148e+00 1.657869999999999899e-01
3.680291097000000011e+00 1.075119999999999965e-01
3.698736783000000194e+00 2.218150000000000122e-01
3.717274919999999927e+00 2.534379999999999966e-01
3.735905971000000214e+00 1.547030000000000072e-01
3.754630399999999923e+00 1.266579999999999928e-01
3.773448677000000195e+00 2.466039999999999899e-01
3.792361270999999867e+00 2.606020000000000003e-01
3.811368655999999966e+00 3.691769999999999774e-01
3.830471306000000187e+00 4.322230000000000238e-01
3.849669698000000029e+00 2.350839999999999874e-01
3.868964313999999849e+00 1.765950000000000020e-01
3.888355633999999839e+00 4.658399999999999763e-01
3.907844143999999798e+00 5.353780000000000205e-01
3.927430331000000052e+00 3.459869999999999890e-01
3.947114684000000207e+00 5.197310000000000541e-01
3.966897696000000195e+00 5.169820000000000526e-01
3.986779859999999953e+00 5.686890000000000001e-01
4.006404481999999767e+00 5.001790000000000402e-01
4.026484654999999968e+00 5.473219999999999752e-01
4.046665469999999765e+00 5.203050000000000175e-01
4.066947432000000084e+00 6.824000000000000066e-01
4.087331047000000162e+00 5.978050000000000308e-01
4.107816825999999644e+00 7.848330000000000028e-01
4.128405279999999955e+00 7.999399999999999844e-01
4.149096923000000103e+00 7.179729999999999723e-01
4.169892273000000316e+00 3.774959999999999982e-01
4.190791850000000096e+00 5.905069999999999764e-02
4.211796176000000003e+00 1.932429999999999955e-03
4.232905775999999953e+00 1.396950000000000101e-03
4.254121178000000114e+00 1.574400000000000105e-03
4.275442910999999846e+00 1.864299999999999942e-03
4.296871509999999894e+00 1.938360000000000083e-03
4.318407509000000033e+00 3.738140000000000039e-03
4.340051446999999563e+00 1.586279999999999982e-02
4.361803864999999725e+00 1.758329999999999962e-02
4.383665306000000150e+00 5.229489999999999833e-02
4.405636316999999913e+00 3.492730000000000140e-02
4.427717448000000111e+00 6.075649999999999801e-02
4.449909249000000067e+00 2.265729999999999966e-01
4.472212275999999598e+00 1.194869999999999960e-01
4.494627086999999577e+00 1.046239999999999948e-01
4.517154239999999987e+00 2.757350000000000079e-01
4.539794300999999699e+00 3.445610000000000339e-02
4.562547832999999997e+00 7.606870000000000298e-02
4.585415407000000165e+00 2.751930000000000001e-02
4.608397594000000375e+00 1.342740000000000079e-02
4.631494967000000074e+00 1.973460000000000145e-02
4.654708105000000096e+00 8.492099999999999649e-02
4.678037587999999580e+00 4.555349999999999677e-02
4.701483998999999692e+00 1.559630000000000044e-02
4.725047922999999983e+00 2.103999999999999967e-02
4.748729950000000422e+00 8.039630000000000387e-02
4.772530672000000251e+00 2.251819999999999863e-02
4.796450683999999853e+00 3.638559999999999711e-02
4.820490582999999774e+00 2.908310000000000062e-01
4.844650971000000084e+00 8.210069999999999868e-02
4.868932451000000050e+00 5.946359999999999840e-02
4.893335630000000158e+00 8.447249999999999481e-01
4.917861118000000253e+00 2.735750000000000126e-01
4.942509528999999624e+00 8.335630000000000539e-01
4.967281477000000223e+00 9.560340000000000504e-01
4.992177584000000223e+00 1.414670000000000094e+00
5.017027226999999812e+00 5.379059999999999953e-01
5.042172660000000306e+00 1.702930000000000055e+00
5.067444122000000384e+00 1.653180000000000094e+00
5.092842246000000017e+00 1.498499999999999943e+00
5.118367665000000066e+00 1.479270000000000085e+00
5.144021018000000112e+00 9.700159999999999894e-01
5.169802945999999899e+00 1.350119999999999987e+00
5.195714093000000311e+00 1.009509999999999907e+00
5.221755107999999979e+00 1.246760000000000090e+00
5.247926641000000281e+00 1.483400000000000052e+00
5.274229346000000263e+00 9.964290000000000092e-01
5.300663881000000188e+00 1.378349999999999964e+00
5.327230905999999599e+00 1.604300000000000059e+00
5.353931085000000145e+00 2.458279999999999910e-01
5.380765086000000252e+00 5.580070000000000308e-01
5.407733580000000373e+00 1.231349999999999945e+00
5.434837240000000236e+00 1.325819999999999999e+00
5.462076745000000066e+00 6.596250000000000169e-01
5.489452774000000090e+00 1.117480000000000029e+00
5.516966012000000141e+00 9.900780000000000136e-01
5.544617148000000384e+00 1.318589999999999929e+00
5.572406871000000095e+00 9.365689999999999849e-01
5.600335877000000018e+00 1.117680000000000007e+00
5.628404863000000091e+00 1.043179999999999996e+00
5.656614531999999862e+00 5.712289999999999868e-01
5.684965587999999848e+00 1.164709999999999912e+00
5.713458741000000174e+00 8.079039999999999555e-01
5.742094701000000079e+00 9.759719999999999507e-01
5.770874186000000350e+00 6.480069999999999997e-01
5.799797912999999916e+00 1.080410000000000093e+00
5.828866607000000144e+00 5.975829999999999753e-01
5.858080993999999819e+00 6.093169999999999975e-01
5.887441803999999834e+00 7.187550000000000328e-01
5.916949770999999636e+00 3.894509999999999916e-01
5.946605631999999808e+00 1.051060000000000105e+00
5.976410128999999571e+00 1.111110000000000042e+00
6.006002399999999852e+00 1.152099999999999902e+00
6.036104595000000295e+00 1.076929999999999943e+00
6.066357662999999789e+00 3.457279999999999798e-01
6.096762359000000409e+00 6.656889999999999752e-01
6.127319444000000281e+00 8.724469999999999725e-01
6.158029681999999561e+00 5.680079999999999574e-01
6.188893840000000424e+00 7.609529999999999905e-01
6.219912690000000133e+00 1.554740000000000011e+00
6.251087006999999751e+00 1.880630000000000024e+00
6.282417569999999785e+00 9.782990000000000297e-01
6.313905163000000265e+00 2.111689999999999845e+00
6.345550571999999612e+00 4.126779999999999893e-01
6.377354588000000213e+00 1.368170000000000108e+00
6.409318007000000428e+00 2.152000000000000024e-01
6.441441626999999670e+00 1.478350000000000053e+00
6.473726251000000431e+00 9.641030000000000433e-01
6.506172686000000205e+00 1.083760000000000057e+00
6.538781743999999563e+00 1.431950000000000056e+00
6.571554238000000048e+00 7.898340000000000360e-01
6.604490989000000312e+00 1.391359999999999930e+00
6.637592818999999977e+00 5.491249999999999742e-01
6.670860557000000135e+00 7.574300000000000477e-01
6.704295033000000181e+00 1.503609999999999891e+00
6.737897083000000009e+00 1.050510000000000055e+00
6.771667546999999843e+00 1.243579999999999908e+00
6.805607270000000319e+00 1.487559999999999993e+00
6.839717098999999578e+00 1.690069999999999961e+00
6.873997886999999807e+00 1.484779999999999989e+00
6.908450490999999971e+00 6.660599999999999854e-01
6.943075772000000256e+00 2.117469999999999963e+00
6.977874596000000373e+00 1.059190000000000076e+00
7.012610085000000382e+00 1.549360000000000070e+00
7.047757415999999608e+00 6.761599999999999833e-01
7.083080906000000176e+00 1.326710000000000056e+00
7.118581437999999650e+00 1.213700000000000001e+00
7.154259899000000367e+00 1.143510000000000026e+00
7.190117180999999746e+00 2.306849999999999845e+00
7.226154181000000065e+00 3.195530000000000204e+00
7.262371799000000294e+00 1.229249999999999954e+00
7.298770939999999818e+00 2.177589999999999915e+00
7.335352515000000295e+00 4.436890000000000001e-01
7.372117435999999913e+00 5.274170000000000247e-01
7.409066625000000350e+00 1.881140000000000034e+00
7.446201002999999652e+00 2.901020000000000265e-01
7.483521500000000160e+00 1.951659999999999950e+00
7.521029046999999856e+00 1.963600000000000012e+00
7.558724584000000135e+00 2.038450000000000095e+00
7.596609049999999641e+00 2.053179999999999783e+00
7.634683394999999706e+00 3.434190000000000076e+00
7.672948568999999885e+00 3.095769999999999911e-01
7.711405528000000231e+00 1.328170000000000073e+00
7.750055234999999598e+00 3.044379999999999864e+00
7.788898653999999588e+00 1.749549999999999939e+00
7.827936757999999884e+00 4.091310000000000224e-01
7.867170521000000250e+00 1.186069999999999958e+00
7.906600925000000224e+00 3.400230000000000086e+00
7.946228954000000400e+00 2.677090000000000192e+00
7.986055600000000254e+00 2.917339999999999822e+00
8.025638435999999487e+00 2.631380000000000052e+00
8.065863084000000072e+00 4.369019999999999904e+00
8.106289337999999844e+00 3.257960000000000189e+00
8.146918209000000743e+00 6.052100000000000257e+00
8.187750713999999874e+00 4.042900000000000382e+00
8.228787870999999754e+00 6.478320000000000078e+00
8.270030707000000092e+00 6.015060000000000073e+00
8.311480253999999235e+00 4.684099999999999930e+00
8.353137545999999247e+00 6.586100000000000065e+00
8.395003624999999303e+00 5.378470000000000084e+00
8.437079538000000767e+00 6.939090000000000202e+00
8.479366336000000004e+00 5.813830000000000275e+00
8.521865075999999206e+00 6.374089999999999812e+00
8.564576820999999285e+00 7.585370000000000168e+00
8.607502637999999706e+00 7.273340000000000138e+00
8.650643599000000350e+00 5.779399999999999871e+00
8.694000783999999982e+00 7.802990000000000315e+00
8.737575275999999391e+00 8.442080000000000695e+00
8.781368164999999948e+00 7.294800000000000395e+00
8.825380543999999716e+00 7.666190000000000282e+00
8.869613513999999199e+00 8.372220000000000439e+00
8.914068179999999231e+00 8.166990000000000194e+00
8.958745653999999448e+00 8.627459999999999241e+00
9.003600360000000080e+00 7.512260000000000382e+00
9.048726570999999552e+00 7.064149999999999707e+00
9.094078955000000519e+00 5.961190000000000211e+00
9.139658646000000886e+00 7.458750000000000213e+00
9.185466784000000828e+00 7.458849999999999980e+00
9.231504513000000856e+00 6.877779999999999561e+00
9.277772983000000195e+00 7.942569999999999908e+00
9.324273352000000514e+00 6.687269999999999825e+00
9.371006782000000257e+00 6.937759999999999927e+00
9.417974441000000141e+00 5.500359999999999694e+00
9.465177501999999521e+00 7.865280000000000271e+00
9.512617146000000190e+00 6.156530000000000058e+00
9.560294558000000720e+00 7.256280000000000285e+00
9.608210931000000343e+00 3.432179999999999787e+00
9.656367461000000318e+00 6.562800000000000189e+00
9.704765353000000871e+00 6.436829999999999607e+00
9.753405815000000700e+00 5.787639999999999674e+00
9.802290064999999331e+00 2.439919999999999867e+00
9.851419323000000006e+00 6.501750000000000362e+00
9.900794817999999609e+00 5.873219999999999885e+00
9.950417784000000765e+00 5.613999999999999879e+00
1.000000000000000000e+01 7.809129999999999683e+00
1.005012018000000040e+01 6.494860000000000078e+00
1.010049157000000086e+01 6.714940000000000353e+00
1.015111542000000000e+01 5.499439999999999884e+00
1.020199299999999987e+01 6.923989999999999867e+00
1.025312558000000074e+01 7.222640000000000171e+00
1.030451442999999934e+01 6.263790000000000191e+00
1.035616085000000020e+01 6.843630000000000102e+00
1.040806612000000086e+01 7.828990000000000116e+00
1.046023152999999972e+01 7.863769999999999705e+00
1.051265841000000023e+01 6.356849999999999667e+00
1.056534803999999994e+01 7.990739999999999732e+00
1.061830175999999959e+01 7.931230000000000224e+00
1.067152089000000004e+01 7.898119999999999585e+00
1.072500675000000037e+01 7.797279999999999767e+00
1.077876067999999954e+01 8.039720000000000866e+00
1.083278402999999912e+01 7.571449999999999569e+00
1.088707813999999985e+01 7.090320000000000178e+00
1.094164437000000056e+01 7.041949999999999932e+00
1.099648409999999998e+01 7.815059999999999896e+00
1.105071148000000036e+01 7.909290000000000376e+00
1.110609784999999938e+01 7.616679999999999673e+00
1.116176180999999978e+01 7.648810000000000109e+00
1.121770476999999921e+01 7.722800000000000331e+00
1.127392810999999995e+01 7.457539999999999836e+00
1.133043325000000046e+01 7.736919999999999575e+00
1.138722158999999934e+01 7.628090000000000259e+00
1.144429455000000040e+01 7.674549999999999983e+00
1.150165357000000022e+01 7.628199999999999648e+00
1.155930007000000082e+01 7.425690000000000346e+00
1.161723549000000055e+01 7.514669999999999739e+00
1.167546128999999944e+01 7.488330000000000375e+00
1.173397892000000020e+01 6.957349999999999923e+00
1.179278983000000025e+01 7.433279999999999887e+00
1.185189551000000030e+01 7.393930000000000113e+00
1.191129742999999941e+01 7.260699999999999932e+00
1.197099706999999924e+01 7.191650000000000098e+00
1.202883169999999957e+01 7.228259999999999685e+00
1.208912042999999947e+01 6.595500000000000362e+00
1.214971131999999976e+01 7.202169999999999739e+00
1.221060589999999912e+01 7.146709999999999674e+00
1.227180567999999994e+01 7.024779999999999802e+00
1.233331219999999995e+01 6.907409999999999606e+00
1.239512698000000057e+01 6.754109999999999836e+00
1.245725159000000026e+01 6.810629999999999740e+00
1.251968755999999949e+01 5.192859999999999587e+00
1.258243646999999932e+01 6.748470000000000191e+00
1.264549987000000009e+01 6.763749999999999929e+00
1.270887935000000013e+01 6.523279999999999745e+00
1.277257649000000050e+01 6.610949999999999882e+00
1.283659287999999954e+01 6.202329999999999899e+00
1.290093011999999995e+01 6.186679999999999957e+00
1.296558981000000088e+01 5.385449999999999626e+00
1.302862861999999922e+01 5.013189999999999813e+00
1.309392833999999972e+01 5.969999999999999751e+00
1.315955534999999976e+01 4.893040000000000056e+00
1.322551129000000003e+01 3.938800000000000079e+00
1.329179779000000039e+01 2.898870000000000058e+00
1.335841652999999951e+01 3.413149999999999906e+00
1.342536916000000069e+01 2.838299999999999823e+00
1.349265736000000082e+01 2.124249999999999972e+00
1.356028279999999953e+01 3.525329999999999853e+00
1.362824718999999973e+01 2.189010000000000122e+00
1.369655221999999917e+01 1.414719999999999978e+00
1.376519958999999993e+01 1.464820000000000011e+00
1.383419102000000045e+01 4.423429999999999751e+00
1.390352823999999998e+01 2.121780000000000221e+00
1.397321297999999956e+01 1.836929999999999952e+00
1.404205885000000009e+01 1.473530000000000006e+00
1.411243791000000058e+01 3.168130000000000113e+00
1.418316970999999960e+01 1.517689999999999984e+00
1.425425601999999969e+01 1.719689999999999941e+00
1.432569860999999989e+01 2.205830000000000179e+00
1.439749927000000085e+01 1.812489999999999934e+00
1.446965980999999957e+01 1.969440000000000079e+00
1.454218200999999944e+01 1.428490000000000038e+00
1.461506769000000006e+01 1.110710000000000086e+00
1.468831868000000007e+01 1.061579999999999968e+00
1.476193680000000086e+01 9.735420000000000185e-01
1.483592389999999916e+01 1.099320000000000075e+00
1.491028183000000062e+01 1.214930000000000065e+00
1.498501242999999938e+01 1.077569999999999917e+00
1.506011413999999959e+01 1.162660000000000027e+00
1.513559571000000048e+01 1.328770000000000007e+00
1.521145558999999992e+01 1.346260000000000012e+00
1.528769568999999962e+01 1.389680000000000026e+00
1.536431789999999964e+01 1.211750000000000105e+00
1.544132414000000075e+01 1.191030000000000033e+00
1.551871633999999922e+01 1.023400000000000087e+00
1.559649643999999924e+01 1.379569999999999963e+00
1.567466635999999980e+01 2.068000000000000060e+00
1.575322807999999952e+01 2.330690000000000150e+00
1.583218354999999988e+01 2.304450000000000109e+00
1.591153474999999951e+01 1.529069999999999929e+00
1.599128364999999974e+01 1.917740000000000000e+00
1.607054803999999848e+01 2.892959999999999976e+00
1.615109392000000099e+01 3.201070000000000082e+00
1.623204349999999963e+01 2.089970000000000105e+00
1.631339880000000164e+01 2.460980000000000167e+00
1.639516186000000175e+01 3.568480000000000096e+00
1.647733471000000094e+01 3.562809999999999810e+00
1.655991940999999912e+01 3.926689999999999792e+00
1.664291804000000141e+01 3.853880000000000194e+00
1.672633264999999980e+01 3.579009999999999803e+00
1.681016534000000107e+01 2.724330000000000140e+00
1.689441818999999967e+01 2.483610000000000095e+00
1.697909333000000132e+01 2.661449999999999871e+00
1.706130415000000156e+01 3.571930000000000049e+00
1.714681571999999932e+01 3.845899999999999874e+00
1.723275587999999914e+01 3.434039999999999981e+00
1.731912677000000045e+01 3.754070000000000018e+00
1.740593055000000078e+01 3.042959999999999887e+00
1.749316938999999849e+01 3.658230000000000093e+00
1.758084548000000069e+01 3.360939999999999817e+00
1.766896099999999947e+01 3.528960000000000097e+00
1.775751816000000005e+01 2.902660000000000018e+00
1.784651917000000054e+01 3.559149999999999814e+00
1.793596624999999989e+01 3.363840000000000163e+00
1.802521512999999942e+01 2.933440000000000047e+00
1.811555784000000102e+01 3.479789999999999939e+00
1.820635333999999972e+01 3.388139999999999930e+00
1.829760392000000024e+01 2.854039999999999910e+00
1.838931184999999857e+01 3.253280000000000172e+00
1.848147941999999944e+01 2.136690000000000200e+00
1.857410893999999857e+01 3.309229999999999894e+00
1.866720271000000153e+01 3.145760000000000112e+00
1.876076308000000026e+01 3.230799999999999894e+00
1.885479236999999841e+01 3.024649999999999839e+00
1.894929292999999859e+01 3.095849999999999991e+00
1.904184182999999919e+01 2.887900000000000134e+00
1.913727988999999852e+01 3.062940000000000218e+00
1.923319628999999864e+01 2.578209999999999891e+00
1.932959341999999836e+01 2.625560000000000116e+00
1.942647369999999896e+01 2.856850000000000112e+00
1.952383954000000088e+01 2.851799999999999891e+00
1.962169339000000079e+01 2.885330000000000172e+00
1.972003766999999996e+01 2.162809999999999899e+00
1.981887486999999837e+01 2.689890000000000114e+00
1.991820742999999894e+01 2.227380000000000138e+00
