2.000000000000000000e+00 4.220099999999999795e-05
2.010024036999999986e+00 3.732099999999999724e-05
2.020098314000000173e+00 6.634620000000000524e-05
2.030223084000000178e+00 1.145990000000000051e-04
2.040398600000000062e+00 1.012889999999999987e-04
2.050625114999999887e+00 1.385539999999999884e-04
2.060902886000000045e+00 1.663380000000000056e-04
2.071232168999999956e+00 1.771540000000000050e-04
2.081613223000000179e+00 2.491260000000000132e-04
2.092046306999999938e+00 7.335930000000000489e-04
2.102531680999999875e+00 1.180360000000000090e-03
2.113069609000000071e+00 1.562540000000000066e-03
2.123660353000000001e+00 1.644669999999999986e-03
2.134304177999999830e+00 2.146729999999999906e-03
2.145001349000000168e+00 4.549120000000000247e-03
2.155752135999999819e+00 4.030290000000000066e-04
2.166556804999999919e+00 1.856019999999999892e-04
2.177415627999999881e+00 5.290520000000000162e-04
2.188328874999999840e+00 7.149240000000000282e-04
2.199296819999999819e+00 4.344949999999999794e-05
2.210319736000000201e+00 2.384060000000000075e-04
2.221397898999999843e+00 1.310279999999999930e-04
2.232531585999999901e+00 8.885190000000000221e-05
2.243721075999999925e+00 8.017999999999999466e-05
2.254966646999999824e+00 3.080380000000000076e-04
2.266268580999999838e+00 4.328499999999999774e-04
2.277627160999999845e+00 3.365209999999999990e-04
2.289042670999999807e+00 1.963009999999999896e-04
2.300515395000000129e+00 5.208779999999999958e-05
2.312045620000000135e+00 2.903240000000000074e-04
2.323633635000000197e+00 4.708300000000000305e-05
2.335279729999999887e+00 6.177709999999999506e-05
2.346984195000000106e+00 1.412910000000000132e-04
2.358747322999999785e+00 1.300169999999999954e-05
2.370569408000000156e+00 1.215089999999999957e-06
2.382450745999999953e+00 3.331270000000000108e-04
2.394391633000000130e+00 2.666720000000000245e-04
2.406392368000000115e+00 4.557440000000000059e-04
2.418453250000000221e+00 3.768619999999999978e-04
2.430574582999999844e+00 1.247630000000000006e-03
2.442756666999999826e+00 6.290119999999999739e-04
2.454999808999999811e+00 8.143840000000000280e-04
2.467304313000000082e+00 1.605059999999999950e-03
2.479670488000000006e+00 9.222619999999999733e-04
2.492098642000000197e+00 3.764390000000000054e-04
2.504589086000000187e+00 6.736230000000000386e-04
2.517142133000000115e+00 3.391819999999999926e-04
2.529758095000000040e+00 2.293429999999999894e-04
2.542437290000000072e+00 5.491460000000000308e-04
2.555180031999999990e+00 5.409800000000000416e-04
2.567986641000000070e+00 1.604510000000000127e-04
2.580857437999999782e+00 9.604989999999999665e-05
2.593792742999999845e+00 1.119319999999999983e-04
2.606792879999999979e+00 2.086679999999999883e-04
2.619858173999999984e+00 1.339869999999999896e-04
2.632988951000000188e+00 2.019110000000000121e-04
2.646185539999999836e+00 1.925290000000000128e-04
2.659448271000000030e+00 9.866690000000000226e-05
2.672777475000000180e+00 5.858200000000000256e-05
2.686173484999999861e+00 5.873549999999999863e-06
2.699636636000000145e+00 6.692950000000000353e-05
2.713167263999999967e+00 2.908690000000000234e-04
2.726765707999999844e+00 4.705789999999999951e-04
2.740432307999999928e+00 4.686300000000000177e-05
2.754167406000000096e+00 5.813280000000000015e-05
2.767971343000000140e+00 1.003779999999999934e-04
2.781844466999999987e+00 7.122979999999999351e-05
2.795787122000000124e+00 4.386139999999999852e-04
2.809799658999999838e+00 9.606550000000000375e-04
2.823882427000000028e+00 2.398920000000000132e-03
2.838035776999999982e+00 1.731469999999999928e-03
2.852260064999999845e+00 2.013159999999999950e-03
2.866555645000000041e+00 2.768479999999999813e-03
2.880922874999999994e+00 8.733690000000000550e-03
2.895362113000000015e+00 1.289930000000000070e-02
2.909873720999999858e+00 1.011989999999999938e-02
2.924458061999999803e+00 5.053669999999999690e-03
2.939115500000000214e+00 7.888779999999999751e-03
2.953846400999999844e+00 5.214260000000000075e-03
2.968651132999999831e+00 1.016320000000000071e-02
2.983530067999999869e+00 2.391959999999999920e-02
2.998483574999999846e+00 1.391039999999999985e-02
3.013227757000000118e+00 1.262819999999999915e-02
3.028330110000000186e+00 3.732649999999999857e-02
3.043508156000000131e+00 3.000639999999999905e-02
3.058762274999999864e+00 3.477310000000000123e-02
3.074092847999999822e+00 2.539730000000000112e-02
3.089500258000000166e+00 7.267820000000000356e-03
3.104984889999999886e+00 1.069709999999999932e-02
3.120547132000000001e+00 5.129410000000000219e-02
3.136187371000000113e+00 5.904369999999999757e-02
3.151905999999999874e+00 5.016140000000000182e-02
3.167703411000000191e+00 2.068789999999999865e-02
3.183579998999999994e+00 1.548300000000000023e-02
3.199536161000000156e+00 8.628739999999999327e-03
3.215572294999999858e+00 9.562779999999999891e-03
3.231688801999999860e+00 1.525000000000000097e-03
3.247886085999999839e+00 5.201820000000000228e-03
3.264164550999999914e+00 1.681140000000000065e-02
3.280524604000000011e+00 2.777330000000000055e-04
3.296966654000000219e+00 2.878259999999999846e-02
3.313491110999999822e+00 1.197199999999999989e-04
3.330098389999999853e+00 7.883799999999999836e-03
3.346788903999999842e+00 5.334150000000000176e-03
3.363563071999999821e+00 1.117510000000000031e-02
3.380421312000000178e+00 1.312560000000000050e-04
3.397364045999999860e+00 1.145140000000000047e-02
3.414391697000000114e+00 2.425640000000000088e-02
3.431504691000000218e+00 4.034700000000000092e-02
3.448703456000000056e+00 2.466350000000000139e-02
3.465988421000000042e+00 2.812890000000000182e-03
3.483360019000000030e+00 2.736190000000000150e-02
3.500818683999999958e+00 9.618259999999999310e-02
3.518364850999999849e+00 8.275960000000000261e-02
3.535998961000000218e+00 1.142259999999999977e-02
3.553721453000000086e+00 4.693839999999999818e-02
3.571532770000000134e+00 2.805799999999999961e-02
3.589433357999999963e+00 9.062069999999999848e-02
3.607423664000000141e+00 3.076970000000000052e-02
3.625504138000000154e+00 6.455030000000000490e-02
3.643675232000000097e+00 2.522630000000000150e-01
3.661937399000000148e+00 1.611200000000000132e-01
3.680291097000000011e+00 1.035829999999999945e-01
3.698736783000000194e+00 2.143519999999999870e-01
3.717274919999999927e+00 2.469570000000000098e-01
3.735905971000000214e+00 1.494199999999999973e-01
3.754630399999999923e+00 1.225910000000000055e-01
3.773448677000000195e+00 2.379819999999999991e-01
3.792361270999999867e+00 2.543030000000000013e-01
3.811368655999999966e+00 3.655100000000000016e-01
3.830471306000000187e+00 4.279839999999999756e-01
3.849669698000000029e+00 2.263139999999999874e-01
3.868964313999999849e+00 1.681600000000000039e-01
3.888355633999999839e+00 4.601210000000000022e-01
3.907844143999999798e+00 5.336100000000000287e-01
3.927430331000000052e+00 3.405150000000000121e-01
3.947114684000000207e+00 5.308060000000000000e-01
3.966897696000000195e+00 5.271200000000000330e-01
3.986779859999999953e+00 6.001039999999999708e-01
4.006404481999999767e+00 6.298209999999999642e-01
4.026484654999999968e+00 5.997200000000000308e-01
4.046665469999999765e+00 5.492299999999999960e-01
4.066947432000000084e+00 7.627990000000000048e-01
4.087331047000000162e+00 6.633320000000000327e-01
4.107816825999999644e+00 8.098640000000000283e-01
4.128405279999999955e+00 8.318670000000000231e-01
4.149096923000000103e+00 7.560869999999999536e-01
4.169892273000000316e+00 4.041799999999999837e-01
4.190791850000000096e+00 5.840100000000000152e-02
4.211796176000000003e+00 1.901869999999999949e-03
4.232905775999999953e+00 1.402000000000000034e-03
4.254121178000000114e+00 1.563909999999999953e-03
4.275442910999999846e+00 1.870649999999999960e-03
4.296871509999999894e+00 1.939849999999999908e-03
4.318407509000000033e+00 3.679650000000000021e-03
4.340051446999999563e+00 1.545659999999999916e-02
4.361803864999999725e+00 1.702590000000000006e-02
4.383665306000000150e+00 5.107330000000000203e-02
4.405636316999999913e+00 3.384079999999999727e-02
4.427717448000000111e+00 5.921189999999999787e-02
4.449909249000000067e+00 2.245330000000000104e-01
4.472212275999999598e+00 1.211990000000000012e-01
4.494627086999999577e+00 1.100359999999999949e-01
4.517154239999999987e+00 2.892870000000000164e-01
4.539794300999999699e+00 3.717270000000000296e-02
4.562547832999999997e+00 8.239979999999999527e-02
4.585415407000000165e+00 2.999270000000000061e-02
4.608397594000000375e+00 1.460099999999999940e-02
4.631494967000000074e+00 2.158720000000000083e-02
4.654708105000000096e+00 9.239669999999999828e-02
4.678037587999999580e+00 4.952920000000000239e-02
4.701483998999999692e+00 1.686759999999999995e-02
4.725047922999999983e+00 2.286120000000000166e-02
4.748729950000000422e+00 8.715970000000000661e-02
4.772530672000000251e+00 2.431370000000000059e-02
4.796450683999999853e+00 3.946899999999999714e-02
4.820490582999999774e+00 3.091459999999999764e-01
4.844650971000000084e+00 8.765789999999999693e-02
4.868932451000000050e+00 6.331299999999999428e-02
4.893335630000000158e+00 8.506430000000000380e-01
4.917861118000000253e+00 2.891509999999999914e-01
4.942509528999999624e+00 8.368579999999999908e-01
4.967281477000000223e+00 9.753129999999999855e-01
4.992177584000000223e+00 1.420970000000000066e+00
5.017027226999999812e+00 5.339310000000000445e-01
5.042172660000000306e+00 1.694720000000000004e+00
5.067444122000000384e+00 1.650579999999999936e+00
5.092842246000000017e+00 1.491160000000000041e+00
5.118367665000000066e+00 1.472920000000000007e+00
5.144021018000000112e+00 9.643180000000000085e-01
5.169802945999999899e+00 1.340580000000000105e+00
5.195714093000000311e+00 1.002150000000000096e+00
5.221755107999999979e+00 1.239270000000000094e+00
5.247926641000000281e+00 1.474299999999999944e+00
5.274229346000000263e+00 9.894239999999999702e-01
5.300663881000000188e+00 1.368179999999999952e+00
5.327230905999999599e+00 1.594649999999999901e+00
5.353931085000000145e+00 2.432449999999999890e-01
5.380765086000000252e+00 5.546510000000000051e-01
5.407733580000000373e+00 1.224310000000000009e+00
5.434837240000000236e+00 1.318200000000000038e+00
5.462076745000000066e+00 6.554919999999999636e-01
5.489452774000000090e+00 1.110700000000000021e+00
5.516966012000000141e+00 9.832260000000000444e-01
5.544617148000000384e+00 1.310210000000000097e+00
5.572406871000000095e+00 9.298880000000000479e-01
5.600335877000000018e+00 1.109969999999999901e+00
5.628404863000000091e+00 1.035560000000000036e+00
5.656614531999999862e+00 5.672040000000000415e-01
5.684965587999999848e+00 1.156069999999999931e+00
5.713458741000000174e+00 8.037119999999999820e-01
5.742094701000000079e+00 9.704819999999999558e-01
5.770874186000000350e+00 6.415819999999999856e-01
5.799797912999999916e+00 1.074200000000000044e+00
5.828866607000000144e+00 5.913129999999999775e-01
5.858080993999999819e+00 6.031250000000000222e-01
5.887441803999999834e+00 7.121039999999999592e-01
5.916949770999999636e+00 3.858840000000000048e-01
5.946605631999999808e+00 1.045860000000000012e+00
5.976410128999999571e+00 1.105560000000000098e+00
6.006002399999999852e+00 1.144190000000000040e+00
6.036104595000000295e+00 1.069809999999999928e+00
6.066357662999999789e+00 3.429150000000000253e-01
6.096762359000000409e+00 6.602989999999999693e-01
6.127319444000000281e+00 8.606120000000000436e-01
6.158029681999999561e+00 5.638790000000000191e-01
6.188893840000000424e+00 7.533680000000000376e-01
6.219912690000000133e+00 1.552810000000000024e+00
6.251087006999999751e+00 1.865040000000000031e+00
6.282417569999999785e+00 1.002180000000000071e+00
6.313905163000000265e+00 2.103040000000000020e+00
6.345550571999999612e+00 4.100949999999999873e-01
6.377354588000000213e+00 1.374929999999999986e+00
6.409318007000000428e+00 2.174139999999999961e-01
6.441441626999999670e+00 1.519220000000000015e+00
6.473726251000000431e+00 9.663779999999999593e-01
6.506172686000000205e+00 1.183640000000000025e+00
6.538781743999999563e+00 1.528580000000000050e+00
6.571554238000000048e+00 7.920190000000000285e-01
6.604490989000000312e+00 1.533849999999999936e+00
6.637592818999999977e+00 5.496180000000000510e-01
6.670860557000000135e+00 7.678340000000000165e-01
6.704295033000000181e+00 1.592260000000000009e+00
6.737897083000000009e+00 1.749209999999999932e+00
6.771667546999999843e+00 1.361310000000000020e+00
6.805607270000000319e+00 1.739700000000000024e+00
6.839717098999999578e+00 1.970769999999999911e+00
6.873997886999999807e+00 1.608630000000000004e+00
6.908450490999999971e+00 1.344400000000000039e+00
6.943075772000000256e+00 2.382600000000000051e+00
6.977874596000000373e+00 1.210939999999999905e+00
7.012610085000000382e+00 1.677629999999999955e+00
7.047757415999999608e+00 7.107160000000000144e-01
7.083080906000000176e+00 1.658190000000000053e+00
7.118581437999999650e+00 1.288419999999999899e+00
7.154259899000000367e+00 1.190290000000000070e+00
7.190117180999999746e+00 2.417990000000000084e+00
7.226154181000000065e+00 3.733480000000000132e+00
7.262371799000000294e+00 1.639690000000000092e+00
7.298770939999999818e+00 2.975280000000000147e+00
7.335352515000000295e+00 5.626849999999999907e-01
7.372117435999999913e+00 5.159650000000000070e-01
7.409066625000000350e+00 2.123339999999999783e+00
7.446201002999999652e+00 2.937609999999999943e-01
7.483521500000000160e+00 2.041220000000000034e+00
7.521029046999999856e+00 2.374820000000000153e+00
7.558724584000000135e+00 2.424690000000000012e+00
7.596609049999999641e+00 2.021780000000000133e+00
7.634683394999999706e+00 3.562100000000000044e+00
7.672948568999999885e+00 3.031329999999999858e-01
7.711405528000000231e+00 1.283949999999999925e+00
7.750055234999999598e+00 2.954369999999999941e+00
7.788898653999999588e+00 1.656470000000000109e+00
7.827936757999999884e+00 3.931200000000000250e-01
7.867170521000000250e+00 1.117350000000000065e+00
7.906600925000000224e+00 3.280159999999999965e+00
7.946228954000000400e+00 2.589220000000000077e+00
7.986055600000000254e+00 2.817610000000000170e+00
8.025638435999999487e+00 2.516980000000000217e+00
8.065863084000000072e+00 4.259220000000000006e+00
8.106289337999999844e+00 3.147370000000000001e+00
8.146918209000000743e+00 5.969960000000000377e+00
8.187750713999999874e+00 3.929899999999999949e+00
8.228787870999999754e+00 6.395800000000000374e+00
8.270030707000000092e+00 5.953219999999999956e+00
8.311480253999999235e+00 4.587060000000000137e+00
8.353137545999999247e+00 6.508750000000000036e+00
8.395003624999999303e+00 5.325599999999999667e+00
8.437079538000000767e+00 6.865319999999999645e+00
8.479366336000000004e+00 5.713809999999999611e+00
8.521865075999999206e+00 6.329130000000000145e+00
8.564576820999999285e+00 7.523360000000000269e+00
8.607502637999999706e+00 7.223720000000000141e+00
8.650643599000000350e+00 5.666310000000000180e+00
8.694000783999999982e+00 7.765670000000000073e+00
8.737575275999999391e+00 8.403600000000000847e+00
8.781368164999999948e+00 7.232660000000000089e+00
8.825380543999999716e+00 7.651769999999999960e+00
8.869613513999999199e+00 8.518840000000000856e+00
8.914068179999999231e+00 8.226499999999999702e+00
8.958745653999999448e+00 8.658680000000000376e+00
9.003600360000000080e+00 7.666579999999999728e+00
9.048726570999999552e+00 7.427679999999999616e+00
9.094078955000000519e+00 5.989010000000000389e+00
9.139658646000000886e+00 7.780879999999999797e+00
9.185466784000000828e+00 8.209160000000000679e+00
9.231504513000000856e+00 7.805270000000000152e+00
9.277772983000000195e+00 8.439500000000000668e+00
9.324273352000000514e+00 7.835270000000000401e+00
9.371006782000000257e+00 8.067149999999999821e+00
9.417974441000000141e+00 7.949029999999999596e+00
9.465177501999999521e+00 8.114630000000000010e+00
9.512617146000000190e+00 6.793129999999999669e+00
9.560294558000000720e+00 8.485699999999999577e+00
9.608210931000000343e+00 7.264439999999999564e+00
9.656367461000000318e+00 7.682120000000000282e+00
9.704765353000000871e+00 8.010699999999999932e+00
9.753405815000000700e+00 7.402050000000000018e+00
9.802290064999999331e+00 6.660160000000000302e+00
9.851419323000000006e+00 8.285140000000000171e+00
9.900794817999999609e+00 6.871400000000000396e+00
9.950417784000000765e+00 8.217040000000000788e+00
1.000000000000000000e+01 8.431810000000000471e+00
1.005012018000000040e+01 8.067500000000000782e+00
1.010049157000000086e+01 8.075910000000000366e+00
1.015111542000000000e+01 8.054489999999999483e+00
1.020199299999999987e+01 8.220169999999999533e+00
1.025312558000000074e+01 8.200210000000000221e+00
1.030451442999999934e+01 7.153410000000000046e+00
1.035616085000000020e+01 8.194490000000000052e+00
1.040806612000000086e+01 8.181430000000000646e+00
1.046023152999999972e+01 8.097329999999999472e+00
1.051265841000000023e+01 6.438629999999999853e+00
1.056534803999999994e+01 8.161860000000000781e+00
1.061830175999999959e+01 8.160009999999999764e+00
1.067152089000000004e+01 8.090669999999999362e+00
1.072500675000000037e+01 7.895839999999999748e+00
1.077876067999999954e+01 8.083759999999999835e+00
1.083278402999999912e+01 7.631820000000000270e+00
1.088707813999999985e+01 7.089030000000000165e+00
1.094164437000000056e+01 7.034729999999999706e+00
1.099648409999999998e+01 7.814530000000000420e+00
1.105071148000000036e+01 7.894190000000000040e+00
1.110609784999999938e+01 7.602649999999999686e+00
1.116176180999999978e+01 7.629540000000000433e+00
1.121770476999999921e+01 7.703359999999999985e+00
1.127392810999999995e+01 7.436219999999999608e+00
1.133043325000000046e+01 7.712880000000000180e+00
1.138722158999999934e+01 7.603539999999999743e+00
1.144429455000000040e+01 7.648819999999999730e+00
1.150165357000000022e+01 7.600609999999999644e+00
1.155930007000000082e+01 7.396020000000000039e+00
1.161723549000000055e+01 7.485610000000000319e+00
1.167546128999999944e+01 7.455359999999999765e+00
1.173397892000000020e+01 6.931829999999999714e+00
1.179278983000000025e+01 7.403050000000000352e+00
1.185189551000000030e+01 7.345640000000000391e+00
1.191129742999999941e+01 7.217430000000000234e+00
1.197099706999999924e+01 7.111539999999999750e+00
1.202883169999999957e+01 7.207840000000000025e+00
1.208912042999999947e+01 6.556309999999999860e+00
1.214971131999999976e+01 7.182760000000000034e+00
1.221060589999999912e+01 7.116990000000000371e+00
1.227180567999999994e+01 7.005489999999999995e+00
1.233331219999999995e+01 6.885760000000000325e+00
1.239512698000000057e+01 6.721079999999999721e+00
1.245725159000000026e+01 6.782969999999999722e+00
1.251968755999999949e+01 5.172279999999999767e+00
1.258243646999999932e+01 6.721140000000000114e+00
1.264549987000000009e+01 6.734930000000000305e+00
1.270887935000000013e+01 6.498969999999999914e+00
1.277257649000000050e+01 6.593340000000000423e+00
1.283659287999999954e+01 6.183530000000000193e+00
1.290093011999999995e+01 6.166170000000000151e+00
1.296558981000000088e+01 5.379360000000000142e+00
1.302862861999999922e+01 5.292659999999999698e+00
1.309392833999999972e+01 6.235560000000000436e+00
1.315955534999999976e+01 6.107949999999999768e+00
1.322551129000000003e+01 4.555410000000000181e+00
1.329179779000000039e+01 4.660379999999999967e+00
1.335841652999999951e+01 4.226440000000000197e+00
1.342536916000000069e+01 3.880710000000000104e+00
1.349265736000000082e+01 3.004469999999999974e+00
1.356028279999999953e+01 4.277639999999999887e+00
1.362824718999999973e+01 3.082980000000000054e+00
1.369655221999999917e+01 1.567169999999999952e+00
1.376519958999999993e+01 3.402060000000000084e+00
1.383419102000000045e+01 4.876920000000000144e+00
1.390352823999999998e+01 2.144800000000000040e+00
1.397321297999999956e+01 3.333889999999999798e+00
1.404205885000000009e+01 1.580740000000000034e+00
1.411243791000000058e+01 3.224439999999999973e+00
1.418316970999999960e+01 1.929189999999999960e+00
1.425425601999999969e+01 1.754350000000000076e+00
1.432569860999999989e+01 2.199429999999999996e+00
1.439749927000000085e+01 1.801889999999999992e+00
1.446965980999999957e+01 1.954949999999999966e+00
1.454218200999999944e+01 1.419310000000000072e+00
1.461506769000000006e+01 1.107040000000000024e+00
1.468831868000000007e+01 1.063229999999999897e+00
1.476193680000000086e+01 9.711229999999999585e-01
1.483592389999999916e+01 1.095199999999999951e+00
1.491028183000000062e+01 1.208730000000000082e+00
1.498501242999999938e+01 1.079560000000000075e+00
1.506011413999999959e+01 1.156949999999999923e+00
1.513559571000000048e+01 1.319339999999999957e+00
1.521145558999999992e+01 1.336959999999999926e+00
1.528769568999999962e+01 1.379739999999999966e+00
1.536431789999999964e+01 1.205729999999999968e+00
1.544132414000000075e+01 1.185310000000000086e+00
1.551871633999999922e+01 1.023239999999999927e+00
1.559649643999999924e+01 1.370249999999999968e+00
1.567466635999999980e+01 2.052000000000000046e+00
1.575322807999999952e+01 2.313730000000000064e+00
1.583218354999999988e+01 2.286939999999999973e+00
1.591153474999999951e+01 1.519649999999999945e+00
1.599128364999999974e+01 1.906369999999999898e+00
1.607054803999999848e+01 2.875179999999999847e+00
1.615109392000000099e+01 3.185519999999999907e+00
1.623204349999999963e+01 2.081599999999999895e+00
1.631339880000000164e+01 2.450610000000000177e+00
1.639516186000000175e+01 3.554879999999999818e+00
1.647733471000000094e+01 3.547959999999999781e+00
1.655991940999999912e+01 3.915099999999999802e+00
1.664291804000000141e+01 3.842799999999999994e+00
1.672633264999999980e+01 3.568379999999999885e+00
1.681016534000000107e+01 2.715149999999999952e+00
1.689441818999999967e+01 2.474159999999999915e+00
1.697909333000000132e+01 2.649300000000000210e+00
1.706130415000000156e+01 3.560519999999999907e+00
1.714681571999999932e+01 3.837460000000000093e+00
1.723275587999999914e+01 3.426109999999999989e+00
1.731912677000000045e+01 3.746840000000000170e+00
1.740593055000000078e+01 3.033450000000000202e+00
1.749316938999999849e+01 3.651580000000000048e+00
1.758084548000000069e+01 3.353359999999999896e+00
1.766896099999999947e+01 3.521300000000000097e+00
1.775751816000000005e+01 2.896009999999999973e+00
1.784651917000000054e+01 3.552000000000000046e+00
1.793596624999999989e+01 3.358260000000000023e+00
1.802521512999999942e+01 2.927230000000000221e+00
1.811555784000000102e+01 3.473570000000000046e+00
1.820635333999999972e+01 3.382359999999999811e+00
1.829760392000000024e+01 2.848059999999999814e+00
1.838931184999999857e+01 3.247170000000000112e+00
1.848147941999999944e+01 2.130930000000000213e+00
1.857410893999999857e+01 3.303519999999999790e+00
1.866720271000000153e+01 3.140200000000000102e+00
1.876076308000000026e+01 3.225350000000000161e+00
1.885479236999999841e+01 3.018089999999999939e+00
1.894929292999999859e+01 3.090819999999999901e+00
1.904184182999999919e+01 2.882050000000000001e+00
1.913727988999999852e+01 3.058089999999999975e+00
1.923319628999999864e+01 2.573370000000000157e+00
1.932959341999999836e+01 2.620159999999999823e+00
1.942647369999999896e+01 2.852250000000000174e+00
1.952383954000000088e+01 2.847140000000000004e+00
1.962169339000000079e+01 2.880860000000000198e+00
1.972003766999999996e+01 2.157430000000000181e+00
1.981887486999999837e+01 2.685020000000000184e+00
1.991820742999999894e+01 2.223450000000000149e+00
