2.000000000000000000e+00 4.251480000000000162e-05
2.010024036999999986e+00 3.767639999999999726e-05
2.020098314000000173e+00 6.696380000000000420e-05
2.030223084000000178e+00 1.150550000000000021e-04
2.040398600000000062e+00 1.020419999999999964e-04
2.050625114999999887e+00 1.396910000000000014e-04
2.060902886000000045e+00 1.676039999999999898e-04
2.071232168999999956e+00 1.784559999999999868e-04
2.081613223000000179e+00 2.519740000000000239e-04
2.092046306999999938e+00 7.466130000000000292e-04
2.102531680999999875e+00 1.226840000000000092e-03
2.113069609000000071e+00 1.363089999999999961e-03
2.123660353000000001e+00 1.356830000000000059e-03
2.134304177999999830e+00 1.501960000000000101e-03
2.145001349000000168e+00 3.736460000000000042e-03
2.155752135999999819e+00 3.370790000000000028e-04
2.166556804999999919e+00 1.476070000000000116e-04
2.177415627999999881e+00 4.158780000000000050e-04
2.188328874999999840e+00 5.968819999999999681e-04
2.199296819999999819e+00 2.710499999999999883e-05
2.210319736000000201e+00 1.808640000000000085e-04
2.221397898999999843e+00 9.163399999999999714e-05
2.232531585999999901e+00 5.971119999999999846e-05
2.243721075999999925e+00 5.223559999999999841e-05
2.254966646999999824e+00 2.358740000000000120e-04
2.266268580999999838e+00 3.297050000000000154e-04
2.277627160999999845e+00 2.443300000000000138e-04
2.289042670999999807e+00 1.361970000000000108e-04
2.300515395000000129e+00 3.129300000000000007e-05
2.312045620000000135e+00 2.123019999999999877e-04
2.323633635000000197e+00 4.350239999999999874e-05
2.335279729999999887e+00 4.803040000000000011e-05
2.346984195000000106e+00 9.547899999999999844e-05
2.358747322999999785e+00 8.505809999999999798e-06
2.370569408000000156e+00 7.426160000000000106e-07
2.382450745999999953e+00 2.496390000000000132e-04
2.394391633000000130e+00 2.027180000000000063e-04
2.406392368000000115e+00 3.991889999999999892e-04
2.418453250000000221e+00 3.322320000000000134e-04
2.430574582999999844e+00 1.126260000000000022e-03
2.442756666999999826e+00 5.610949999999999532e-04
2.454999808999999811e+00 7.382120000000000262e-04
2.467304313000000082e+00 1.526849999999999952e-03
2.479670488000000006e+00 8.718909999999999638e-04
2.492098642000000197e+00 3.604859999999999770e-04
2.504589086000000187e+00 6.567339999999999636e-04
2.517142133000000115e+00 3.402720000000000245e-04
2.529758095000000040e+00 2.321529999999999980e-04
2.542437290000000072e+00 5.502010000000000537e-04
2.555180031999999990e+00 5.075630000000000462e-04
2.567986641000000070e+00 1.566050000000000092e-04
2.580857437999999782e+00 9.565500000000000489e-05
2.593792742999999845e+00 1.128579999999999959e-04
2.606792879999999979e+00 2.088939999999999959e-04
2.619858173999999984e+00 1.367379999999999908e-04
2.632988951000000188e+00 2.005639999999999994e-04
2.646185539999999836e+00 1.955559999999999959e-04
2.659448271000000030e+00 1.007119999999999939e-04
2.672777475000000180e+00 5.920220000000000045e-05
2.686173484999999861e+00 6.121190000000000088e-06
2.699636636000000145e+00 7.013480000000000484e-05
2.713167263999999967e+00 2.974370000000000052e-04
2.726765707999999844e+00 4.770579999999999851e-04
2.740432307999999928e+00 4.797969999999999736e-05
2.754167406000000096e+00 6.013320000000000221e-05
2.767971343000000140e+00 1.025119999999999970e-04
2.781844466999999987e+00 7.406270000000000496e-05
2.795787122000000124e+00 4.474290000000000016e-04
2.809799658999999838e+00 9.787269999999999824e-04
2.823882427000000028e+00 2.434169999999999823e-03
2.838035776999999982e+00 1.756839999999999964e-03
2.852260064999999845e+00 2.041559999999999989e-03
2.866555645000000041e+00 2.797319999999999841e-03
2.880922874999999994e+00 8.827629999999999505e-03
2.895362113000000015e+00 1.301569999999999984e-02
2.909873720999999858e+00 1.020850000000000056e-02
2.924458061999999803e+00 5.106699999999999608e-03
2.939115500000000214e+00 7.965059999999999502e-03
2.953846400999999844e+00 5.275379999999999653e-03
2.968651132999999831e+00 1.026290000000000015e-02
2.983530067999999869e+00 2.411910000000000096e-02
2.998483574999999846e+00 1.401699999999999995e-02
3.013227757000000118e+00 1.275300000000000045e-02
3.028330110000000186e+00 3.723830000000000195e-02
3.043508156000000131e+00 3.004789999999999892e-02
3.058762274999999864e+00 3.427809999999999885e-02
3.074092847999999822e+00 2.544899999999999940e-02
3.089500258000000166e+00 7.353590000000000126e-03
3.104984889999999886e+00 1.050300000000000018e-02
3.120547132000000001e+00 4.858579999999999843e-02
3.136187371000000113e+00 5.637450000000000100e-02
3.151905999999999874e+00 4.371309999999999779e-02
3.167703411000000191e+00 1.330710000000000053e-02
3.183579998999999994e+00 7.557180000000000147e-03
3.199536161000000156e+00 5.001990000000000429e-03
3.215572294999999858e+00 3.475010000000000165e-03
3.231688801999999860e+00 4.834470000000000217e-04
3.247886085999999839e+00 3.799750000000000068e-04
3.264164550999999914e+00 2.190430000000000100e-04
3.280524604000000011e+00 1.030679999999999964e-04
3.296966654000000219e+00 3.277969999999999842e-03
3.313491110999999822e+00 1.150480000000000003e-04
3.330098389999999853e+00 1.351090000000000103e-03
3.346788903999999842e+00 4.452530000000000008e-04
3.363563071999999821e+00 8.887539999999999546e-04
3.380421312000000178e+00 1.331260000000000126e-04
3.397364045999999860e+00 2.261860000000000086e-03
3.414391697000000114e+00 8.045709999999999321e-03
3.431504691000000218e+00 3.054959999999999967e-02
3.448703456000000056e+00 1.732749999999999915e-02
3.465988421000000042e+00 1.763239999999999903e-03
3.483360019000000030e+00 2.092439999999999925e-02
3.500818683999999958e+00 7.691910000000000414e-02
3.518364850999999849e+00 6.747450000000000669e-02
3.535998961000000218e+00 7.517359999999999841e-03
3.553721453000000086e+00 3.545439999999999703e-02
3.571532770000000134e+00 1.990690000000000168e-02
3.589433357999999963e+00 7.395419999999999772e-02
3.607423664000000141e+00 2.150559999999999972e-02
3.625504138000000154e+00 4.845220000000000082e-02
3.643675232000000097e+00 2.222689999999999944e-01
3.661937399000000148e+00 1.431340000000000112e-01
3.680291097000000011e+00 8.862250000000000683e-02
3.698736783000000194e+00 1.823629999999999973e-01
3.717274919999999927e+00 2.194109999999999949e-01
3.735905971000000214e+00 1.289059999999999928e-01
3.754630399999999923e+00 1.075190000000000035e-01
3.773448677000000195e+00 2.016290000000000027e-01
3.792361270999999867e+00 2.282810000000000117e-01
3.811368655999999966e+00 3.530750000000000277e-01
3.830471306000000187e+00 4.093310000000000004e-01
3.849669698000000029e+00 1.878049999999999997e-01
3.868964313999999849e+00 1.304929999999999979e-01
3.888355633999999839e+00 4.052689999999999904e-01
3.907844143999999798e+00 4.565620000000000234e-01
3.927430331000000052e+00 2.488750000000000129e-01
3.947114684000000207e+00 3.723110000000000031e-01
3.966897696000000195e+00 3.551289999999999725e-01
3.986779859999999953e+00 3.314830000000000276e-01
4.006404481999999767e+00 1.536170000000000035e-01
4.026484654999999968e+00 2.682530000000000192e-01
4.046665469999999765e+00 2.844940000000000246e-01
4.066947432000000084e+00 2.833089999999999775e-01
4.087331047000000162e+00 2.627530000000000143e-01
4.107816825999999644e+00 5.512730000000000130e-01
4.128405279999999955e+00 5.158380000000000187e-01
4.149096923000000103e+00 4.379560000000000120e-01
4.169892273000000316e+00 2.037920000000000009e-01
4.190791850000000096e+00 5.153769999999999879e-02
4.211796176000000003e+00 1.892039999999999998e-03
4.232905775999999953e+00 1.411729999999999929e-03
4.254121178000000114e+00 1.571169999999999988e-03
4.275442910999999846e+00 1.870260000000000108e-03
4.296871509999999894e+00 1.943180000000000081e-03
4.318407509000000033e+00 3.658949999999999789e-03
4.340051446999999563e+00 1.568829999999999877e-02
4.361803864999999725e+00 1.721280000000000032e-02
4.383665306000000150e+00 5.140240000000000087e-02
4.405636316999999913e+00 3.481200000000000266e-02
4.427717448000000111e+00 6.049439999999999679e-02
4.449909249000000067e+00 2.289849999999999941e-01
4.472212275999999598e+00 1.261690000000000034e-01
4.494627086999999577e+00 1.177720000000000017e-01
4.517154239999999987e+00 3.089319999999999844e-01
4.539794300999999699e+00 4.165370000000000184e-02
4.562547832999999997e+00 9.240170000000000328e-02
4.585415407000000165e+00 3.413320000000000243e-02
4.608397594000000375e+00 1.657180000000000111e-02
4.631494967000000074e+00 2.470879999999999951e-02
4.654708105000000096e+00 1.042550000000000004e-01
4.678037587999999580e+00 5.576140000000000263e-02
4.701483998999999692e+00 1.899290000000000006e-02
4.725047922999999983e+00 2.591699999999999907e-02
4.748729950000000422e+00 9.771739999999999593e-02
4.772530672000000251e+00 2.704830000000000081e-02
4.796450683999999853e+00 4.223860000000000114e-02
4.820490582999999774e+00 2.889100000000000001e-01
4.844650971000000084e+00 9.266299999999999537e-02
4.868932451000000050e+00 6.608790000000000497e-02
4.893335630000000158e+00 8.627500000000000169e-01
4.917861118000000253e+00 3.031760000000000010e-01
4.942509528999999624e+00 8.471619999999999706e-01
4.967281477000000223e+00 1.004969999999999919e+00
4.992177584000000223e+00 1.403710000000000013e+00
5.017027226999999812e+00 5.374430000000000041e-01
5.042172660000000306e+00 1.701929999999999943e+00
5.067444122000000384e+00 1.656039999999999957e+00
5.092842246000000017e+00 1.498629999999999907e+00
5.118367665000000066e+00 1.482410000000000005e+00
5.144021018000000112e+00 9.696150000000000047e-01
5.169802945999999899e+00 1.348710000000000075e+00
5.195714093000000311e+00 1.009090000000000042e+00
5.221755107999999979e+00 1.246599999999999930e+00
5.247926641000000281e+00 1.481919999999999904e+00
5.274229346000000263e+00 9.963389999999999747e-01
5.300663881000000188e+00 1.367299999999999960e+00
5.327230905999999599e+00 1.604230000000000045e+00
5.353931085000000145e+00 2.445769999999999889e-01
5.380765086000000252e+00 5.579819999999999780e-01
5.407733580000000373e+00 1.230850000000000000e+00
5.434837240000000236e+00 1.325460000000000083e+00
5.462076745000000066e+00 6.586039999999999672e-01
5.489452774000000090e+00 1.117080000000000073e+00
5.516966012000000141e+00 9.862109999999999488e-01
5.544617148000000384e+00 1.313360000000000083e+00
5.572406871000000095e+00 9.333540000000000170e-01
5.600335877000000018e+00 1.117070000000000007e+00
5.628404863000000091e+00 1.041500000000000092e+00
5.656614531999999862e+00 5.698959999999999582e-01
5.684965587999999848e+00 1.159990000000000077e+00
5.713458741000000174e+00 8.062300000000000022e-01
5.742094701000000079e+00 9.727059999999999595e-01
5.770874186000000350e+00 6.450719999999999787e-01
5.799797912999999916e+00 1.077700000000000102e+00
5.828866607000000144e+00 5.933690000000000353e-01
5.858080993999999819e+00 6.062419999999999476e-01
5.887441803999999834e+00 7.176890000000000214e-01
5.916949770999999636e+00 3.894560000000000244e-01
5.946605631999999808e+00 1.049979999999999913e+00
5.976410128999999571e+00 1.108710000000000084e+00
6.006002399999999852e+00 1.137950000000000017e+00
6.036104595000000295e+00 1.062310000000000088e+00
6.066357662999999789e+00 3.456859999999999933e-01
6.096762359000000409e+00 6.644839999999999636e-01
6.127319444000000281e+00 8.217179999999999485e-01
6.158029681999999561e+00 5.645219999999999683e-01
6.188893840000000424e+00 7.562799999999999523e-01
6.219912690000000133e+00 1.466420000000000057e+00
6.251087006999999751e+00 1.685550000000000104e+00
6.282417569999999785e+00 8.736019999999999897e-01
6.313905163000000265e+00 2.056680000000000064e+00
6.345550571999999612e+00 3.973599999999999910e-01
6.377354588000000213e+00 1.279809999999999892e+00
6.409318007000000428e+00 2.023899999999999866e-01
6.441441626999999670e+00 1.272259999999999946e+00
6.473726251000000431e+00 8.778690000000000104e-01
6.506172686000000205e+00 7.692489999999999606e-01
6.538781743999999563e+00 1.084130000000000038e+00
6.571554238000000048e+00 7.359130000000000393e-01
6.604490989000000312e+00 9.961780000000000079e-01
6.637592818999999977e+00 5.115709999999999980e-01
6.670860557000000135e+00 6.645790000000000308e-01
6.704295033000000181e+00 1.130039999999999933e+00
6.737897083000000009e+00 3.178340000000000054e-01
6.771667546999999843e+00 8.218309999999999782e-01
6.805607270000000319e+00 7.872670000000000501e-01
6.839717098999999578e+00 9.316560000000000397e-01
6.873997886999999807e+00 1.055649999999999977e+00
6.908450490999999971e+00 2.525780000000000247e-01
6.943075772000000256e+00 1.288070000000000048e+00
6.977874596000000373e+00 5.856360000000000454e-01
7.012610085000000382e+00 8.565289999999999848e-01
7.047757415999999608e+00 5.477629999999999999e-01
7.083080906000000176e+00 7.044150000000000134e-01
7.118581437999999650e+00 9.437689999999999690e-01
7.154259899000000367e+00 8.772999999999999687e-01
7.190117180999999746e+00 1.614079999999999959e+00
7.226154181000000065e+00 1.624069999999999903e+00
7.262371799000000294e+00 5.455029999999999601e-01
7.298770939999999818e+00 9.420650000000000412e-01
7.335352515000000295e+00 2.851500000000000146e-01
7.372117435999999913e+00 3.803199999999999914e-01
7.409066625000000350e+00 1.037400000000000100e+00
7.446201002999999652e+00 2.532269999999999799e-01
7.483521500000000160e+00 1.187980000000000036e+00
7.521029046999999856e+00 1.032540000000000013e+00
7.558724584000000135e+00 1.023460000000000036e+00
7.596609049999999641e+00 1.472210000000000019e+00
7.634683394999999706e+00 2.360050000000000203e+00
7.672948568999999885e+00 2.797870000000000079e-01
7.711405528000000231e+00 1.028229999999999977e+00
7.750055234999999598e+00 2.509920000000000151e+00
7.788898653999999588e+00 1.293190000000000062e+00
7.827936757999999884e+00 3.375040000000000262e-01
7.867170521000000250e+00 8.654230000000000533e-01
7.906600925000000224e+00 2.742599999999999927e+00
7.946228954000000400e+00 2.219969999999999999e+00
7.986055600000000254e+00 2.376119999999999788e+00
8.025638435999999487e+00 2.053049999999999820e+00
8.065863084000000072e+00 3.780450000000000088e+00
8.106289337999999844e+00 2.691450000000000120e+00
8.146918209000000743e+00 5.609460000000000335e+00
8.187750713999999874e+00 3.452949999999999964e+00
8.228787870999999754e+00 6.053340000000000387e+00
8.270030707000000092e+00 5.720139999999999780e+00
8.311480253999999235e+00 4.166179999999999772e+00
8.353137545999999247e+00 6.199740000000000251e+00
8.395003624999999303e+00 5.138959999999999972e+00
8.437079538000000767e+00 6.579769999999999897e+00
8.479366336000000004e+00 5.284500000000000419e+00
8.521865075999999206e+00 6.194740000000000357e+00
8.564576820999999285e+00 7.312990000000000101e+00
8.607502637999999706e+00 7.040140000000000065e+00
8.650643599000000350e+00 5.150089999999999613e+00
8.694000783999999982e+00 7.507480000000000153e+00
8.737575275999999391e+00 8.272309999999999164e+00
8.781368164999999948e+00 6.810559999999999725e+00
8.825380543999999716e+00 7.343759999999999621e+00
8.869613513999999199e+00 7.161279999999999646e+00
8.914068179999999231e+00 7.385559999999999903e+00
8.958745653999999448e+00 8.116419999999999746e+00
9.003600360000000080e+00 6.292110000000000092e+00
9.048726570999999552e+00 5.251109999999999722e+00
9.094078955000000519e+00 5.577770000000000117e+00
9.139658646000000886e+00 6.012199999999999989e+00
9.185466784000000828e+00 5.483690000000000175e+00
9.231504513000000856e+00 4.354029999999999845e+00
9.277772983000000195e+00 6.117969999999999686e+00
9.324273352000000514e+00 4.148049999999999571e+00
9.371006782000000257e+00 4.415729999999999933e+00
9.417974441000000141e+00 2.429949999999999832e+00
9.465177501999999521e+00 5.909119999999999706e+00
9.512617146000000190e+00 4.067479999999999762e+00
9.560294558000000720e+00 4.035280000000000200e+00
9.608210931000000343e+00 1.097539999999999960e+00
9.656367461000000318e+00 3.617830000000000101e+00
9.704765353000000871e+00 3.582469999999999821e+00
9.753405815000000700e+00 2.887750000000000039e+00
9.802290064999999331e+00 8.951059999999999572e-01
9.851419323000000006e+00 3.312530000000000197e+00
9.900794817999999609e+00 3.370680000000000121e+00
9.950417784000000765e+00 2.280250000000000110e+00
1.000000000000000000e+01 5.098770000000000024e+00
1.005012018000000040e+01 3.462590000000000057e+00
1.010049157000000086e+01 3.568140000000000089e+00
1.015111542000000000e+01 2.321279999999999788e+00
1.020199299999999987e+01 3.980319999999999858e+00
1.025312558000000074e+01 4.717559999999999754e+00
1.030451442999999934e+01 3.802859999999999907e+00
1.035616085000000020e+01 3.481279999999999930e+00
1.040806612000000086e+01 6.114530000000000243e+00
1.046023152999999972e+01 6.495320000000000427e+00
1.051265841000000023e+01 5.629920000000000258e+00
1.056534803999999994e+01 6.609239999999999782e+00
1.061830175999999959e+01 6.662239999999999718e+00
1.067152089000000004e+01 6.705049999999999955e+00
1.072500675000000037e+01 7.000609999999999999e+00
1.077876067999999954e+01 7.502600000000000158e+00
1.083278402999999912e+01 6.881339999999999790e+00
1.088707813999999985e+01 6.913630000000000386e+00
1.094164437000000056e+01 6.903780000000000250e+00
1.099648409999999998e+01 7.593779999999999752e+00
1.105071148000000036e+01 7.830589999999999939e+00
1.110609784999999938e+01 7.511779999999999902e+00
1.116176180999999978e+01 7.623120000000000118e+00
1.121770476999999921e+01 7.706459999999999866e+00
1.127392810999999995e+01 7.457110000000000127e+00
1.133043325000000046e+01 7.737809999999999633e+00
1.138722158999999934e+01 7.628659999999999997e+00
1.144429455000000040e+01 7.676040000000000418e+00
1.150165357000000022e+01 7.630090000000000039e+00
1.155930007000000082e+01 7.428889999999999993e+00
1.161723549000000055e+01 7.517190000000000261e+00
1.167546128999999944e+01 7.492320000000000313e+00
1.173397892000000020e+01 6.959670000000000023e+00
1.179278983000000025e+01 7.436469999999999914e+00
1.185189551000000030e+01 7.402829999999999799e+00
1.191129742999999941e+01 7.268320000000000114e+00
1.197099706999999924e+01 7.210580000000000211e+00
1.202883169999999957e+01 7.228340000000000209e+00
1.208912042999999947e+01 6.602459999999999773e+00
1.214971131999999976e+01 7.202210000000000001e+00
1.221060589999999912e+01 7.150009999999999977e+00
1.227180567999999994e+01 7.025179999999999758e+00
1.233331219999999995e+01 6.908070000000000377e+00
1.239512698000000057e+01 6.759050000000000225e+00
1.245725159000000026e+01 6.813909999999999911e+00
1.251968755999999949e+01 5.195429999999999993e+00
1.258243646999999932e+01 6.751400000000000290e+00
1.264549987000000009e+01 6.766460000000000363e+00
1.270887935000000013e+01 6.524469999999999992e+00
1.277257649000000050e+01 6.608520000000000394e+00
1.283659287999999954e+01 6.198949999999999960e+00
1.290093011999999995e+01 6.180039999999999978e+00
1.296558981000000088e+01 5.212390000000000079e+00
1.302862861999999922e+01 3.897810000000000219e+00
1.309392833999999972e+01 4.734930000000000305e+00
1.315955534999999976e+01 2.772440000000000015e+00
1.322551129000000003e+01 2.473930000000000184e+00
1.329179779000000039e+01 1.423140000000000072e+00
1.335841652999999951e+01 2.008890000000000065e+00
1.342536916000000069e+01 1.561299999999999910e+00
1.349265736000000082e+01 1.224259999999999904e+00
1.356028279999999953e+01 2.073739999999999917e+00
1.362824718999999973e+01 1.451780000000000070e+00
1.369655221999999917e+01 1.174819999999999975e+00
1.376519958999999993e+01 1.047800000000000065e+00
1.383419102000000045e+01 2.562660000000000160e+00
1.390352823999999998e+01 1.896810000000000107e+00
1.397321297999999956e+01 1.124489999999999990e+00
1.404205885000000009e+01 1.221989999999999910e+00
1.411243791000000058e+01 2.631279999999999841e+00
1.418316970999999960e+01 1.119920000000000027e+00
1.425425601999999969e+01 1.547900000000000054e+00
1.432569860999999989e+01 2.110570000000000057e+00
1.439749927000000085e+01 1.776750000000000052e+00
1.446965980999999957e+01 1.930260000000000087e+00
1.454218200999999944e+01 1.412600000000000078e+00
1.461506769000000006e+01 1.100230000000000041e+00
1.468831868000000007e+01 1.061900000000000066e+00
1.476193680000000086e+01 9.733709999999999862e-01
1.483592389999999916e+01 1.099050000000000082e+00
1.491028183000000062e+01 1.212830000000000075e+00
1.498501242999999938e+01 1.077919999999999989e+00
1.506011413999999959e+01 1.162479999999999958e+00
1.513559571000000048e+01 1.328330000000000011e+00
1.521145558999999992e+01 1.345869999999999900e+00
1.528769568999999962e+01 1.389240000000000030e+00
1.536431789999999964e+01 1.211510000000000087e+00
1.544132414000000075e+01 1.190849999999999964e+00
1.551871633999999922e+01 1.023519999999999985e+00
1.559649643999999924e+01 1.379140000000000033e+00
1.567466635999999980e+01 2.067099999999999937e+00
1.575322807999999952e+01 2.329680000000000195e+00
1.583218354999999988e+01 2.303399999999999892e+00
1.591153474999999951e+01 1.528589999999999893e+00
1.599128364999999974e+01 1.917189999999999950e+00
1.607054803999999848e+01 2.891789999999999861e+00
1.615109392000000099e+01 3.200060000000000127e+00
1.623204349999999963e+01 2.090040000000000120e+00
1.631339880000000164e+01 2.460599999999999898e+00
1.639516186000000175e+01 3.567559999999999842e+00
1.647733471000000094e+01 3.561799999999999855e+00
1.655991940999999912e+01 3.925980000000000025e+00
1.664291804000000141e+01 3.853239999999999998e+00
1.672633264999999980e+01 3.578450000000000131e+00
1.681016534000000107e+01 2.723980000000000068e+00
1.689441818999999967e+01 2.483140000000000125e+00
1.697909333000000132e+01 2.660670000000000091e+00
1.706130415000000156e+01 3.571229999999999905e+00
1.714681571999999932e+01 3.845530000000000115e+00
1.723275587999999914e+01 3.433860000000000134e+00
1.731912677000000045e+01 3.753829999999999778e+00
1.740593055000000078e+01 3.042409999999999837e+00
1.749316938999999849e+01 3.658020000000000049e+00
1.758084548000000069e+01 3.360759999999999970e+00
1.766896099999999947e+01 3.528649999999999842e+00
1.775751816000000005e+01 2.902579999999999938e+00
1.784651917000000054e+01 3.558920000000000083e+00
1.793596624999999989e+01 3.363710000000000200e+00
1.802521512999999942e+01 2.933380000000000098e+00
1.811555784000000102e+01 3.479659999999999975e+00
1.820635333999999972e+01 3.388030000000000097e+00
1.829760392000000024e+01 2.854000000000000092e+00
1.838931184999999857e+01 3.253190000000000026e+00
1.848147941999999944e+01 2.136760000000000215e+00
1.857410893999999857e+01 3.309140000000000192e+00
1.866720271000000153e+01 3.145690000000000097e+00
1.876076308000000026e+01 3.230719999999999814e+00
1.885479236999999841e+01 3.024420000000000108e+00
1.894929292999999859e+01 3.095800000000000107e+00
1.904184182999999919e+01 2.887869999999999937e+00
1.913727988999999852e+01 3.062889999999999890e+00
1.923319628999999864e+01 2.578190000000000204e+00
1.932959341999999836e+01 2.625539999999999985e+00
1.942647369999999896e+01 2.856819999999999915e+00
1.952383954000000088e+01 2.851770000000000138e+00
1.962169339000000079e+01 2.885289999999999910e+00
1.972003766999999996e+01 2.162799999999999834e+00
1.981887486999999837e+01 2.689859999999999918e+00
1.991820742999999894e+01 2.227370000000000072e+00
