# wl [um], spectra (phi=0), spectra (phi=90), spectra (phi=180), spectra (phi=270)
5.500000000000000000e+03 5.929834554802628697e-08 7.254799380711458396e-08 9.587941774275213871e-08 7.446464816444236001e-08
7.500000000000000000e+02 7.512008110406568420e-06 9.045962623622703813e-06 1.178215052780320432e-05 9.289973532942996816e-06
4.166666666500000247e+02 6.210504666305104345e-05 7.298979470962975685e-05 9.279560106926855781e-05 7.496439543296684366e-05
2.916666666500000247e+02 2.475762799189201854e-04 2.822983284142714178e-04 3.473229846882151957e-04 2.897623288737286463e-04
2.250000000000000000e+02 6.957424064671492801e-04 7.690935050057146451e-04 9.121278547397643080e-04 7.887786955395940892e-04
1.833333333500000037e+02 1.575853773214955927e-03 1.696460538557227138e-03 1.944073784298805093e-03 1.738689862007460714e-03
1.547619047999999964e+02 3.074917259652941871e-03 3.246074963265353167e-03 3.618768033226066067e-03 3.325000604418774843e-03
1.339285714499999926e+02 5.386286082181666532e-03 5.613629818304874571e-03 6.138633455054849815e-03 5.748202455491261027e-03
1.180555555500000082e+02 8.715302412002891297e-03 9.016220374192814024e-03 9.748700424312840840e-03 9.235303648052927555e-03
1.055555555500000082e+02 1.328230930382148615e-02 1.369560892336343927e-02 1.474362311237808164e-02 1.404705868306264059e-02
9.545454545499998744e+01 1.931685111942423733e-02 1.990695347120497241e-02 2.144551920792123201e-02 2.046526383473021987e-02
8.712121211999999559e+01 2.702967620965645093e-02 2.791187506568101190e-02 3.023861319679432488e-02 2.879353439006542004e-02
8.012820512499999381e+01 3.655996435224340840e-02 3.794474158385563456e-02 4.156661811666614165e-02 3.932441699003679653e-02
7.417582417500000247e+01 4.795589946523541591e-02 5.017721976404605766e-02 5.584910834008503799e-02 5.228093693111555279e-02
6.904761905000000866e+01 6.112297899896895065e-02 6.470585947580785591e-02 7.353634843099583762e-02 6.780956268163872147e-02
6.458333333499999185e+01 7.577179874406531068e-02 8.150912671301820123e-02 9.505952271892276206e-02 8.591098360283051794e-02
6.066176470499999596e+01 9.153837697198667633e-02 1.005364503641524437e-01 1.208582311691206307e-01 1.065161981349330433e-01
5.718954248500000404e+01 1.079557319270527393e-01 1.216480582090149754e-01 1.512560901248874712e-01 1.294136062242845220e-01
5.409356725499999641e+01 1.248439647071103720e-01 1.448946148015709257e-01 1.866168298187964036e-01 1.545716712257893255e-01
5.131578947500000254e+01 1.418786297586106804e-01 1.702048167022028879e-01 2.272051482672211020e-01 1.818207592161883990e-01
4.880952381000000173e+01 1.589929598397777366e-01 1.976707529691730247e-01 2.732746784976565202e-01 2.111101101833387228e-01
4.653679653500000057e+01 1.767366270889674518e-01 2.277298645041184733e-01 3.250707860056791243e-01 2.427817806011636215e-01
4.446640315999999871e+01 1.955497020145553211e-01 2.606111565878347913e-01 3.825738935806014540e-01 2.771737706819356606e-01
4.257246376999999882e+01 2.161663570154408742e-01 2.967722193344208281e-01 4.460265718266163693e-01 3.149830894874802167e-01
4.083333333499999895e+01 2.384164866421180640e-01 3.360873699854181051e-01 5.154027190704641992e-01 3.561429148860175697e-01
3.923076922999999994e+01 2.622813706942493384e-01 3.786742757660636616e-01 5.911087627906648212e-01 4.008196647025534798e-01
3.774928775000000059e+01 2.876573055530524670e-01 4.245383816847608793e-01 6.733444078754051709e-01 4.490411347486509830e-01
3.637566137499999996e+01 3.142029408957272008e-01 4.734504250337466802e-01 7.620349831398928186e-01 5.005577327164902890e-01
3.509852216500000566e+01 3.419191329184428918e-01 5.255133721148064208e-01 8.574999973035651868e-01 5.554808092815013421e-01
3.390804597500000739e+01 3.707234486629860104e-01 5.807707147434065797e-01 9.600268620168106448e-01 6.138520976639811888e-01
3.279569892499999639e+01 4.002402870703981597e-01 6.388298476818473626e-01 1.069135980023526722e+00 6.752369477814380572e-01
3.175403225999999890e+01 4.306176118434165700e-01 7.000583635388638593e-01 1.185674311524927083e+00 7.400443392900681872e-01
3.077651515000000160e+01 4.615797466238081848e-01 7.639400969961730459e-01 1.308648327999661909e+00 8.077083864720925321e-01
2.985739750500000156e+01 4.930772670699302140e-01 8.309070658939319287e-01 1.439425211558135187e+00 8.786911807515865869e-01
2.899159663999999736e+01 5.249704557733557708e-01 9.004541964551481259e-01 1.576818591516888635e+00 9.524581220731241915e-01
2.817460317500000144e+01 5.571511169131666552e-01 9.726152777306199537e-01 1.721154890671720228e+00 1.029047545193160218e+00
2.740240240500000013e+01 5.895706926772235068e-01 1.047483583829411646e+00 1.872851674476689876e+00 1.108561469972174418e+00
2.667140824999999893e+01 6.220430462689400253e-01 1.124641669820571011e+00 2.031023486034838843e+00 1.190557043626067735e+00
2.597840755500000398e+01 6.544352039752854289e-01 1.204171869688329455e+00 2.196241313553707108e+00 1.275156196302348777e+00
2.532051282000000114e+01 6.867976902383008397e-01 1.285860233152596566e+00 2.367777348163332185e+00 1.362068652765490162e+00
2.469512195000000077e+01 7.189561862301977468e-01 1.369731014819091319e+00 2.546108444757593681e+00 1.451367326975398164e+00
2.409988385500000163e+01 7.507680554794593508e-01 1.455415539935893898e+00 2.730418531736009236e+00 1.542643349747746973e+00
2.353266887999999923e+01 7.823142703974677037e-01 1.543093104979146535e+00 2.921200508225007653e+00 1.636193526371904294e+00
2.299154333999999977e+01 8.123605612518365326e-01 1.631830780401024139e+00 3.118071143410803270e+00 1.731232369748816335e+00
2.247474747500000092e+01 8.440119016521796524e-01 1.723134626168637329e+00 3.319845997841945451e+00 1.829015817109206132e+00
2.198067632500000101e+01 8.758864732522426699e-01 1.816132068997555749e+00 3.526643694376635718e+00 1.928985254499150814e+00
2.150786308500000032e+01 9.059860405683396456e-01 1.910133866191130680e+00 3.739586170991103131e+00 2.029609307508517979e+00
2.105496453499999987e+01 9.400503227292700270e-01 2.006714868753157521e+00 3.954519952725004561e+00 2.135000237037064874e+00
2.062074830000000247e+01 9.733173957660963271e-01 2.103816641452472602e+00 4.173100340925973484e+00 2.242499643994828595e+00
2.020408163500000143e+01 1.008828077455899752e+00 2.203267765765358099e+00 4.395664765661192241e+00 2.352530683476033779e+00
1.980392156999999997e+01 1.130971125336959426e+00 2.327742871183351436e+00 4.560556138130650972e+00 2.533783725804665377e+00
1.941930618499999994e+01 1.288075964405821283e+00 2.467964293111542418e+00 4.707514046939832220e+00 2.721581941403383276e+00
1.904934688000000165e+01 1.531248859999942535e+00 2.636973391314336279e+00 4.790303667596870874e+00 2.941488435187194384e+00
1.869322152499999845e+01 1.705138434356222144e+00 2.780618185639569973e+00 4.911698643698891864e+00 3.122558597445305839e+00
1.835016835000000057e+01 2.248670187825221323e+00 2.967257619039640915e+00 4.507253076161013006e+00 3.376977805691567358e+00
1.801948052000000189e+01 2.383871073883876424e+00 3.158474094564176937e+00 4.894202751913699245e+00 3.718980134190818632e+00
1.770050125499999893e+01 3.206979419554247812e+00 3.482213591082091053e+00 4.329212177626828861e+00 4.002147716832788582e+00
1.739261948000000046e+01 3.279489390100428725e+00 3.379645703891509534e+00 3.768972119605923599e+00 3.672552153559044630e+00
1.709526592499999964e+01 2.856811630527598567e+00 2.866942810860989344e+00 2.896156541087369085e+00 2.886195674913534681e+00
1.680790960499999898e+01 2.054558411281624419e+00 2.051758955978190802e+00 1.992555201805356724e+00 1.983706557940132731e+00
1.653005464499999988e+01 1.732949448366232215e+00 1.725810970757986063e+00 1.635623034848948221e+00 1.627388200325450729e+00
1.626123743999999860e+01 1.384105622083758425e+00 1.384791896280331613e+00 1.310759994914464821e+00 1.292595793201472665e+00
1.600102406499999930e+01 1.268679590910325672e+00 1.265189105121319546e+00 1.177791145097631276e+00 1.167317208306204668e+00
1.574900793500000162e+01 8.615888334574050011e-01 8.676017604178780651e-01 8.225085389020978521e-01 8.095002041423435823e-01
1.550480768999999981e+01 8.226091413304434941e-01 8.515186242654498860e-01 8.617379455501902319e-01 8.182170350683941606e-01
1.526806526500000061e+01 8.563595215904995506e-01 8.840174550541961551e-01 8.965588331447297277e-01 8.565425416338803277e-01
1.503844413999999929e+01 8.501944807090076051e-01 9.365435775589020517e-01 1.031483507184366655e+00 9.089537448354928495e-01
1.481562774000000005e+01 8.580714130879425472e-01 8.881068876289293090e-01 9.055499101467889833e-01 8.615787701751179695e-01
1.459931798500000077e+01 8.271668559684082211e-01 8.512396555958893218e-01 8.559146025704075234e-01 8.195405450310812023e-01
1.438923395499999991e+01 8.120433549545736929e-01 8.217583551184236557e-01 7.901692526556254315e-01 7.731987061157589158e-01
1.418511066499999984e+01 1.060599399378131746e+00 1.060341087943805993e+00 9.804321007452098113e-01 9.667846397035989581e-01
1.398669796500000118e+01 1.419416335120959882e+00 1.415794499910194348e+00 1.319766623763144908e+00 1.303110124145717474e+00
1.379375951499999964e+01 1.831045885477554425e+00 1.827619056568585698e+00 1.724699905890259899e+00 1.706130083633035088e+00
1.360607182500000079e+01 1.972940916625121499e+00 1.963660453652138260e+00 1.846859524853162737e+00 1.834850685918129498e+00
1.342342342000000066e+01 2.659382804730108685e+00 2.656589137718110116e+00 2.580400693609460117e+00 2.567883303675777551e+00
1.324561403500000090e+01 4.044942635755798044e+00 4.068921706189962961e+00 4.165877968272791776e+00 4.148193042229582517e+00
1.307245386499999995e+01 4.907438814563305662e+00 5.133736032143699113e+00 6.018325209431716338e+00 5.791207552195016817e+00
1.290376290500000067e+01 4.814138891422375721e+00 5.434692308241445780e+00 7.290808882669374213e+00 6.478581883840406341e+00
1.273937033500000027e+01 3.891648124539810905e+00 5.364065571499049057e+00 8.897838237544952733e+00 6.571791227121086543e+00
1.257911392499999970e+01 3.840438518564007531e+00 5.146015584063417414e+00 8.206062215584383424e+00 6.049672005638900174e+00
1.242283950499999889e+01 3.328034978943384292e+00 5.332318314983520047e+00 9.770485982185004303e+00 6.300312181288730606e+00
1.227040047999999928e+01 2.774277176559460933e+00 5.298915303955081590e+00 1.066189313323549293e+01 6.191772461632685243e+00
1.212165736000000038e+01 2.397333769795570557e+00 5.284660064430189763e+00 1.129207099226321631e+01 6.141729598913678423e+00
1.197647733499999845e+01 1.561226919088711806e+00 5.160092812565502562e+00 1.236965357630836948e+01 5.769022341526376607e+00
1.183473388999999898e+01 1.353224636754722043e+00 5.179712719195960879e+00 1.279180888166468399e+01 5.687763571964717713e+00
1.169630642999999992e+01 1.250091395464609567e+00 5.216208550674005018e+00 1.308718621311049723e+01 5.672187079696539236e+00
1.156107992500000137e+01 1.391669904249257073e+00 5.290460020066442226e+00 1.309826650946334503e+01 5.841647751065043970e+00
1.142894461499999892e+01 1.190760644275837166e+00 5.307389492756506399e+00 1.350361154848657108e+01 5.757570652978597714e+00
1.129979570999999972e+01 1.240913995614379317e+00 5.358827181559933983e+00 1.360249384098743519e+01 5.866018760732284676e+00
1.117353308499999898e+01 1.420141847202785801e+00 5.431659707590523745e+00 1.354858928543175800e+01 6.053566162649063109e+00
1.105006105000000005e+01 1.785002834460164056e+00 5.530433162660777668e+00 1.327104168661988304e+01 6.379839685523275072e+00
1.092928810499999948e+01 2.110470291514195740e+00 5.624640195775501006e+00 1.303129603001934100e+01 6.637128030813373769e+00
1.081112669500000045e+01 2.410960096613234960e+00 5.721975046197231407e+00 1.279787720426704745e+01 6.761662333402758129e+00
1.069549302000000068e+01 3.225980996211121887e+00 5.867339155075849355e+00 1.182747539237900547e+01 7.166176707421272774e+00
1.058230683000000028e+01 3.845855210910829936e+00 5.953568319493315997e+00 1.097008968819472052e+01 7.341629590605053046e+00
1.047149122999999982e+01 3.263592129808730036e+00 5.904625755451414548e+00 1.187519797026955004e+01 7.108174691837608528e+00
1.036297250999999875e+01 2.943289883958534858e+00 5.890283171011167163e+00 1.241224733115322643e+01 6.959764910514498304e+00
1.025667998999999853e+01 4.045080467099991139e+00 6.018543596597989875e+00 1.083900052707355499e+01 7.393050146618720397e+00
1.015254586500000045e+01 3.117222435664345426e+00 5.957286848596238471e+00 1.239672063518085565e+01 7.264121612902234126e+00
1.005050504999999994e+01 1.459043669479756167e+00 5.751156180807322826e+00 1.472034068807752050e+01 6.526957395975187204e+00
9.950495049499998856e+00 1.074059776416353751e+00 5.735854151697455272e+00 1.535529215350148746e+01 6.275873482695750738e+00
9.852455834000000578e+00 1.344739706531778989e+00 5.777368280702826375e+00 1.504744866030849515e+01 6.487211266827072720e+00
9.756329716499999805e+00 2.090591630401482437e+00 5.873381577571788803e+00 1.405025529333965828e+01 6.884237814996513549e+00
9.662061239499999843e+00 2.997367200528525899e+00 5.950822291146509180e+00 1.268983719689713929e+01 7.285226973121821104e+00
9.569597069500000330e+00 3.694495130004183725e+00 6.002101157690631794e+00 1.157853273995000798e+01 7.458738421555827003e+00
9.478885894000001144e+00 4.176495816781667259e+00 6.001805739281990348e+00 1.066009092261121616e+01 7.483268722841237341e+00
9.389878328500000038e+00 3.533266342378647007e+00 5.999425305033939004e+00 1.191046352625918914e+01 7.430970355742599232e+00
9.302526825999999360e+00 4.606118445998348854e+00 5.951151620457883595e+00 9.682933326091456294e+00 7.441121803168683435e+00
9.216785592999999110e+00 4.562005381510839896e+00 6.053757339310545937e+00 1.018013138976666809e+01 7.767741813125175199e+00
9.132610508999999155e+00 2.639260337078665586e+00 5.902403883877543223e+00 1.336424035750046713e+01 7.363283846751480510e+00
9.049959050000000005e+00 8.549296155829173571e-01 5.774326224098676796e+00 1.617020049447339147e+01 6.346030100160808374e+00
8.968790219000000619e+00 6.884539180944562187e-01 5.780213041522830331e+00 1.652188630321271390e+01 6.214370454324552817e+00
8.889064475499999674e+00 6.704773132615251541e-01 5.774298263673347087e+00 1.656956915127419805e+01 6.207251692256984477e+00
8.810743673499999318e+00 6.542700217638678373e-01 5.766353778807155273e+00 1.660782428437251212e+01 6.199623817974309503e+00
8.733790999500000041e+00 6.383590205612161839e-01 5.756613720512882892e+00 1.664007146790440217e+01 6.190142257675510074e+00
8.658170914500001203e+00 6.226635134345670508e-01 5.745110580870224304e+00 1.666651100348964931e+01 6.178776556405987996e+00
8.583849101000000203e+00 6.070673282107504898e-01 5.731884706416728648e+00 1.668743793629048611e+01 6.165473092480217687e+00
8.510792409000000447e+00 5.919570346513128856e-01 5.716954023657627282e+00 1.670216842655072753e+01 6.150576112857218725e+00
8.438968808000000266e+00 5.770556385214080652e-01 5.700376320791590956e+00 1.671134752109105648e+01 6.133900499705529086e+00
8.368347338999999607e+00 5.633881932942508275e-01 5.682235490671923017e+00 1.671338448393455778e+01 6.116140390304888541e+00
8.298898071500000029e+00 5.560259752858430771e-01 5.662868661994989949e+00 1.670019723551306257e+01 6.100168320077704820e+00
8.230592060500001139e+00 5.695677299902300872e-01 5.643202570134202567e+00 1.664797341550987042e+01 6.092182372995928574e+00
8.163401306000000801e+00 6.650067057027900796e-01 5.624441522761268963e+00 1.644656584856819137e+01 6.110000654157953015e+00
8.097298715000000868e+00 8.797413518386351106e-01 5.581134109376174379e+00 1.593496510304581371e+01 6.112450602535595579e+00
8.032258064499998795e+00 1.153834861845555615e+00 5.479412372845151147e+00 1.510812797521554529e+01 6.039013491903340913e+00
7.968253968500000006e+00 9.354699917450705060e-01 5.464124302476802697e+00 1.550437101076071222e+01 5.978304057535669180e+00
7.905261842499999858e+00 9.785279168858094234e-01 5.410761444693903854e+00 1.527865276325679034e+01 5.926933859221988676e+00
7.843257874000000740e+00 1.080479107368346403e+00 5.379427481134500866e+00 1.501847831997275406e+01 5.928342890142937804e+00
7.782218991999999780e+00 7.950359994347796500e-01 5.425497277274624608e+00 1.575622532493805394e+01 5.944943967950736763e+00
7.722122837999999767e+00 5.284240458055807776e-01 5.420040822131230840e+00 1.628003362995102421e+01 5.879795771642852387e+00
7.662947738999999814e+00 4.295793666011006873e-01 5.388121891139286745e+00 1.639618988228880525e+01 5.816833220212672906e+00
7.604672681000000267e+00 4.106045847476009203e-01 5.353685239448917166e+00 1.635388408333902888e+01 5.777679480448919769e+00
7.547277283999999753e+00 4.193984697284553476e-01 5.318152726977106504e+00 1.625591419971478757e+01 5.748212843916851611e+00
7.490741779500000419e+00 5.287409186877242151e-01 5.274211176251317745e+00 1.593953539908253880e+01 5.743461715242505150e+00
7.435046986999999774e+00 8.219790993024571613e-01 5.172727566885654937e+00 1.507141332323381810e+01 5.702793237045050923e+00
7.380174291499999484e+00 9.822365751062089867e-01 5.044128747198195484e+00 1.435911785951840258e+01 5.579801883979835786e+00
7.326105624500000246e+00 7.024702929216631864e-01 5.079514036673281829e+00 1.505307582072082795e+01 5.568529905507943134e+00
7.272823442500000013e+00 9.861444718473111326e-01 4.948883415334842439e+00 1.409855478195386880e+01 5.492923613610058986e+00
7.220310708000000410e+00 8.854435996384658614e-01 4.965838617855481196e+00 1.438884722771930669e+01 5.508976919253976590e+00
7.168550873500000087e+00 6.098018405344823867e-01 5.007639053668113682e+00 1.510232485486444531e+01 5.509859842943141572e+00
7.117527862499999358e+00 4.313473256399167899e-01 4.994112776973498313e+00 1.543560410313384956e+01 5.451040513973854473e+00
7.067226051500000494e+00 3.365779022722401592e-01 4.956433675152997154e+00 1.552435217247558974e+01 5.377593519602664962e+00
7.017630257000000427e+00 3.005526859443396481e-01 4.915128307347298886e+00 1.548835566766934591e+01 5.320557565064723882e+00
6.968725718499999999e+00 2.846921807397942428e-01 4.870951721886429553e+00 1.540400017475922390e+01 5.269982493350775066e+00
6.920498084000000105e+00 2.748095746683340557e-01 4.826804573645894436e+00 1.530811751431564005e+01 5.222523019692158819e+00
6.872933396000000528e+00 2.662188498300589456e-01 4.779694957193988181e+00 1.519932577790980588e+01 5.172648631912513117e+00
6.826018078000000600e+00 2.581571683662551298e-01 4.735054226443203618e+00 1.509738554454550830e+01 5.125609694901791080e+00
6.779738922499999987e+00 2.502734325359395329e-01 4.687752191794445800e+00 1.498554941978859212e+01 5.075702035380816213e+00
6.734083076499999265e+00 2.426483284086855818e-01 4.641633050130383964e+00 1.487675792096396776e+01 5.027061211725524004e+00
6.689038031499999981e+00 2.351657360251278028e-01 4.593406157462235129e+00 1.476008542104480092e+01 4.976116267628179379e+00
6.644591611500000106e+00 2.278729805569617017e-01 4.544524721977710513e+00 1.464027934932319930e+01 4.924444457976553835e+00
6.600731961999999342e+00 2.209282340360018970e-01 4.498264325637930661e+00 1.452802717436372681e+01 4.875622058674696113e+00
6.557447540000000075e+00 2.140290268919169958e-01 4.448314619391902980e+00 1.440274340670235098e+01 4.822761352939138213e+00
6.514727103000000241e+00 2.073695081770353665e-01 4.399917269002374454e+00 1.428177499442904974e+01 4.771565116771737003e+00
6.472559698499999570e+00 2.009058866187799219e-01 4.350663714887277322e+00 1.415683499595022177e+01 4.719431733202359425e+00
6.430934656499999846e+00 1.946106183473071960e-01 4.300980833764860733e+00 1.402956736201040044e+01 4.666809440286590949e+00
6.389841581000000659e+00 1.885465397875476512e-01 4.252545877313935740e+00 1.390554995544848715e+01 4.615527082522045355e+00
6.349270338000000180e+00 1.826583644382684113e-01 4.203748773374110570e+00 1.377933036928326516e+01 4.563835120443837212e+00
6.309211050000000043e+00 1.769856824237738824e-01 4.155577679913873723e+00 1.365418336676640010e+01 4.512813111302309110e+00
6.269654088000000236e+00 1.714069551240196276e-01 4.105750754586688700e+00 1.352267975621649221e+01 4.459957664641678754e+00
6.230590062000000096e+00 1.659904532125321963e-01 4.055797909953863467e+00 1.338983076242326398e+01 4.406943235820130589e+00
6.192009815000000472e+00 1.606820005651247718e-01 4.004701767845345373e+00 1.325230817501843639e+01 4.352652466427898048e+00
6.153904415500000447e+00 1.556026352571572846e-01 3.955147566462732023e+00 1.311893478467322360e+01 4.300029805146063033e+00
6.116265150500000303e+00 1.506304817723754519e-01 3.904441788286052262e+00 1.298082034336344925e+01 4.246123328043968748e+00
6.079083518499999172e+00 1.458562017849260595e-01 3.854746833588845512e+00 1.284511749470975239e+01 4.193303638466517214e+00
6.042351223499999868e+00 1.411326578420665501e-01 3.803022835984845695e+00 1.270181026152585346e+01 4.138230907959442817e+00
6.006060168999999505e+00 1.366935575570717154e-01 3.755052286051892896e+00 1.257017595366104068e+01 4.087245607306080331e+00
5.970202452000000548e+00 1.323373462216659580e-01 3.705458798716608992e+00 1.243216351431339106e+01 4.034461821803474457e+00
5.934770357499999704e+00 1.280700719112320973e-01 3.654841899204596789e+00 1.228984427878169505e+01 3.980528761009050065e+00
5.899756351999999815e+00 1.239374507657720614e-01 3.604713219306014960e+00 1.214839095737612062e+01 3.927098822094847730e+00
5.865153078500000561e+00 1.199937963778200389e-01 3.556324536896611210e+00 1.201190376248804448e+01 3.875552829122681064e+00
5.830953351999999867e+00 1.161356025694427335e-01 3.506849458773224626e+00 1.187085107305347087e+01 3.822791309606733190e+00
5.797150154500000596e+00 1.124407413268213862e-01 3.459382579582420902e+00 1.173592504708402551e+01 3.772195792527752722e+00
5.763736629000000278e+00 1.087594894573497839e-01 3.408490123068891542e+00 1.158838444332844375e+01 3.717823089551545390e+00
5.730706075499999663e+00 1.052963373819641446e-01 3.361367033129540882e+00 1.145295870063262278e+01 3.667551457778749580e+00
5.698051947999999811e+00 1.019921702337696495e-01 3.312698265278871901e+00 1.131115707857471975e+01 3.615655517508921335e+00
5.665767847999999773e+00 9.880981805670574492e-02 3.264480355778478060e+00 1.117014859609175126e+01 3.564218541989823130e+00
5.633847520999999858e+00 9.555383983372374435e-02 3.215933930889672165e+00 1.102759337430449271e+01 3.512255015588762408e+00
5.602284853499999606e+00 9.245537158116662324e-02 3.169066723510498562e+00 1.088990101187559567e+01 3.462140446161984464e+00
5.571073867499999110e+00 9.018370707668994790e-02 3.120748430458350597e+00 1.074479177917744011e+01 3.411020292539986620e+00
5.540208717000000505e+00 8.812845747863520818e-02 3.073877207723930916e+00 1.060373149354201061e+01 3.361564212719746259e+00
5.509683686499999844e+00 8.770135533588312160e-02 3.025935594409756568e+00 1.045489628454042652e+01 3.312034317571180164e+00
5.479493184499999003e+00 8.663108948940556608e-02 2.978506709881041825e+00 1.030853153966943125e+01 3.262414288275157670e+00
5.449631741499999293e+00 8.862947750489319487e-02 2.930160542841349969e+00 1.015189927002129266e+01 3.214134959706904215e+00
5.420094006999999436e+00 1.263690831514612256e-01 2.865873552652554945e+00 9.861580191864915079e+00 3.174589047512446527e+00
5.390874745499999676e+00 1.878273557067996757e-01 2.789425730193142439e+00 9.479122638024943370e+00 3.126859446552237021e+00
5.361968834499999836e+00 2.364215241962606129e-01 2.711704138213594018e+00 9.114553647321981700e+00 3.066498248325316478e+00
5.333371259499999795e+00 2.373673572380033403e-01 2.659176653625210829e+00 8.939581759581347598e+00 3.018196677708022246e+00
5.305077113499999442e+00 3.946433233524490047e-01 2.524201783033789059e+00 8.133437002613694844e+00 2.968486847456851763e+00
5.277081593000000126e+00 6.135889662400747513e-01 2.277545977922363463e+00 6.783809966553350002e+00 2.758025870673091351e+00
5.249379994499999924e+00 8.504069358042932736e-01 1.943666840407324736e+00 5.068881866399850722e+00 2.436986423790551637e+00
5.221967713499999775e+00 8.679115858806134565e-01 1.803967280525626160e+00 4.535762065085621408e+00 2.260477684410759913e+00
5.194840241499999678e+00 5.788309181972282058e-01 2.013638167018370506e+00 5.955134001307364144e+00 2.391398499283696299e+00
5.167993162500000182e+00 5.229493523857856596e-01 1.728557414051975050e+00 5.033488132531175552e+00 2.060606678350549448e+00
5.141422151500000481e+00 1.510951545805452878e-01 2.382032494599181316e+00 8.241331103692969506e+00 2.667226458542863554e+00
5.115122971999999990e+00 2.657833744115613017e-01 2.243498450190240412e+00 7.506916335079128366e+00 2.567504520606415763e+00
5.089091473999999948e+00 2.761790057270328003e-01 2.201183385053425923e+00 7.345133878571560082e+00 2.531213917288313020e+00
5.063323591499999665e+00 1.930644762004896375e-01 2.234687195126098924e+00 7.658101081468688065e+00 2.542107282969064741e+00
5.037815339499999823e+00 1.121873512615802204e-01 2.247930535326428281e+00 7.895355316108929600e+00 2.517028226076250874e+00
5.012562813999999811e+00 1.082636515064209076e-01 2.209135030331177862e+00 7.778254368993119172e+00 2.470328922295346619e+00
4.987562189000000146e+00 1.866048753521485359e-01 2.104057054788072367e+00 7.238106533706188728e+00 2.393615844882089227e+00
4.962809714000000483e+00 2.831412759639524990e-01 1.956678564171513202e+00 6.496605641795802910e+00 2.272647689084575706e+00
4.938301711999999455e+00 4.155955151200594333e-01 1.802813804023372990e+00 5.647126884370180733e+00 2.187408725762353789e+00
4.914034578999999958e+00 5.799238674436262286e-01 1.444654432985480241e+00 3.954991795956005696e+00 1.846822755554023310e+00
4.890004782000000105e+00 7.475453346806705257e-01 1.159697308776387770e+00 2.513820674618254980e+00 1.543871246053915014e+00
4.866208856000000083e+00 6.270184202111539484e-01 7.174831925636054875e-01 1.094554550344561061e+00 9.096934883936809157e-01
4.842643403000000291e+00 5.632184018423205263e-01 6.484567059942291101e-01 9.956705959726270816e-01 8.116029049124644512e-01
4.819305091000000374e+00 4.418113351356958152e-01 4.975839491714294516e-01 7.287211621896466651e-01 6.154312127887019424e-01
4.796190651499999902e+00 6.332019883567576723e-01 1.004517768854302329e+00 2.213042710916043987e+00 1.327112209861055714e+00
4.773296878500000062e+00 6.087328963054530195e-01 1.124384088872498300e+00 2.728309486314232757e+00 1.508576935599394098e+00
4.750620627500000026e+00 6.165271305345285668e-01 1.239827071059800723e+00 3.156881038303038789e+00 1.664754811009990787e+00
4.728158812500000252e+00 5.986457056195382265e-01 1.231328362733424164e+00 3.175563908006848735e+00 1.651779426587503208e+00
4.705908406499999863e+00 4.362510270499279641e-01 1.272667413355552002e+00 3.708581862807985630e+00 1.629902269023888461e+00
4.683866438499999951e+00 2.921589452418351662e-01 1.536410014407814328e+00 5.041797545712677575e+00 1.885278685771727192e+00
4.662029993500000025e+00 1.943420615778554128e-01 1.587716490020199211e+00 5.465418460191943772e+00 1.890750499097930692e+00
4.640396210500000507e+00 1.929311402306675693e-01 1.561534460264836666e+00 5.386496641332196411e+00 1.854923525582403920e+00
4.618962280499999906e+00 2.217427711618155106e-01 1.501211114011582026e+00 5.102765714185348855e+00 1.802453593350867411e+00
4.597725447000000187e+00 1.973230029195373603e-01 1.495201912121464360e+00 5.149713850554187289e+00 1.778712415480956599e+00
4.576683004500000429e+00 2.548821992288723970e-01 1.416153491912747198e+00 4.722986511038551605e+00 1.737896887850646666e+00
4.555832295500000129e+00 3.732228273808134711e-01 1.270781043990965253e+00 3.888583521151340872e+00 1.668792594040587662e+00
4.535170711499999285e+00 5.639687650142917175e-01 1.020376822555397078e+00 2.478518143717423072e+00 1.474239519429495049e+00
4.514695691500000052e+00 6.013186285231033601e-01 7.153507775617794495e-01 1.185343069616319855e+00 9.981775263790508834e-01
4.494404719000000270e+00 3.436894177614545076e-01 3.547134376136448775e-01 4.107776131176503753e-01 4.033181509952266652e-01
4.474295323499999810e+00 1.219424371793894624e-01 1.223123500163640770e-01 1.189525226575490757e-01 1.181446422987423167e-01
4.454365079000000449e+00 2.667021305188747513e-02 2.662078680400583458e-02 2.343016470641430885e-02 2.228170804836349106e-02
4.434611602500000416e+00 4.199178747588071768e-03 4.612707636244881178e-03 4.708685764055630177e-03 3.404643752576863840e-03
4.415032552499999596e+00 1.536130747074860442e-03 2.047188279561270967e-03 2.981067054982839901e-03 1.705282244210439219e-03
4.395625627999999452e+00 1.263399445270198219e-03 2.016622170398060711e-03 3.713446635320105573e-03 1.831422102172618324e-03
4.376388569499999548e+00 1.392069629084970433e-03 2.457547961743135247e-03 4.918580919146588355e-03 2.182724780728638025e-03
4.357319157000000054e+00 1.219264685534386704e-03 2.829394016448214151e-03 6.737569089471776886e-03 2.697559849124815147e-03
4.338415208000000689e+00 1.196612646868359334e-03 3.014728284756084970e-03 7.383552876473654762e-03 2.892320140686777639e-03
4.319674578499999917e+00 1.316208714392501236e-03 3.326215636978140794e-03 8.085120316496878512e-03 3.226528128000249931e-03
4.301095161000000111e+00 1.364973039065382667e-03 3.506300660972226993e-03 8.549986871171845471e-03 3.437426847863701927e-03
4.282674884000000404e+00 1.297582644316911489e-03 4.154269166456571981e-03 1.073353806014730981e-02 4.057249582172787160e-03
4.264411711499999313e+00 1.220124324414244114e-03 3.483147680563787856e-03 8.674086430239534226e-03 3.402007252887206262e-03
4.246303642500000031e+00 1.160824150931509882e-03 3.154882547335793354e-03 7.635670704786119006e-03 3.069387809002563101e-03
4.228348709500000524e+00 1.111216164290135039e-03 2.615065449829914387e-03 5.904808520415157254e-03 2.535426918002634325e-03
4.210544977499999675e+00 9.419991098758692585e-04 1.535229375497575025e-03 2.859026376888395681e-03 1.464822285022342706e-03
4.192890545000000024e+00 5.985552074974738977e-03 6.064359171221136297e-03 5.256721583386195044e-03 4.608436322467256499e-03
4.175383542499999656e+00 7.791189562531088131e-02 7.766250997967745484e-02 7.015984196081254121e-02 6.946615952937774952e-02
4.158022129999999095e+00 1.834103440581771327e-01 1.895957682836733604e-01 2.161686041820392590e-01 2.087339014903162870e-01
4.140804498999999694e+00 2.771560029109106926e-01 3.061061272974101022e-01 4.488905479005880772e-01 3.953798023359237357e-01
4.123728871000000851e+00 3.294138325832042802e-01 4.188424642141976850e-01 7.999098413381671158e-01 5.859443447120267212e-01
4.106793496499999918e+00 3.301951119792869704e-01 4.943830764877825690e-01 1.122982999666168213e+00 7.019940735023487699e-01
4.089996654500000162e+00 3.072796280768184118e-01 5.423682814964538856e-01 1.382132931361994110e+00 7.643812074755550467e-01
4.073336651500000016e+00 2.644767411287644587e-01 6.152384136945299176e-01 1.788988011313328963e+00 8.394005150814685123e-01
4.056811823000000317e+00 2.127104546028065757e-01 6.675866504092857756e-01 2.128447139137589872e+00 8.732524604239426669e-01
4.040420530500000496e+00 1.778346316177283615e-01 6.869911997213986599e-01 2.290075420969690079e+00 8.775918674817699827e-01
4.024161161000000320e+00 1.493130216410482047e-01 6.975383000942096956e-01 2.401243867165989698e+00 8.728708846900131713e-01
4.008032128500000013e+00 1.168204232712013041e-01 7.110763226195675468e-01 2.533188662173204708e+00 8.688474744571796915e-01
3.992031872500000134e+00 9.350057953348668571e-02 7.205114740357879688e-01 2.627113568043114800e+00 8.653887055897265812e-01
3.976158856499999672e+00 8.027780597456371514e-02 7.059578603813005948e-01 2.602662212850640699e+00 8.401679133420814072e-01
3.960411568999999687e+00 6.106407571614098917e-02 7.186856405686302685e-01 2.700592740921289092e+00 8.434056333819786033e-01
3.944788522000000075e+00 4.527558039737240858e-02 7.180005454514742924e-01 2.737217608528468293e+00 8.322895097225284644e-01
3.929288250499999968e+00 3.520130298270984781e-02 7.116787254041475608e-01 2.738786561385927687e+00 8.183510897408334817e-01
3.913909313499999598e+00 2.833362943467739731e-02 7.022545754609208490e-01 2.720846936021023232e+00 8.031637054919561480e-01
3.898650292000000128e+00 2.359389972031643648e-02 6.907037441404423328e-01 2.689502060879312317e+00 7.871077537072147523e-01
3.883509788000000018e+00 2.092102625876283983e-02 6.770424453105730045e-01 2.644910878848659053e+00 7.702086583057750069e-01
3.868486426500000075e+00 2.125921813410651048e-02 6.603641032729974381e-01 2.581494267852209035e+00 7.522042628217892046e-01
3.853578853500000179e+00 3.124231925498374696e-02 6.204432019349500615e-01 2.401973074651809537e+00 7.130973113340625114e-01
3.838785735500000129e+00 3.339518837424017977e-02 5.932247707430822192e-01 2.291349110819643542e+00 6.828853015847230479e-01
3.824105759000000049e+00 1.982569822267587351e-02 6.077772779679345705e-01 2.384993749752522874e+00 6.915680013078375765e-01
3.809537631000000424e+00 3.155630045645927556e-02 5.640080497264040593e-01 2.185292022677041146e+00 6.492951903121015889e-01
3.795080078499999843e+00 2.653179798072257886e-02 5.652969646491130540e-01 2.205475080601532856e+00 6.492692347584050339e-01
3.780731847000000201e+00 1.405083223599279570e-02 5.773101764029957561e-01 2.286136795834853519e+00 6.553402130928887015e-01
3.766491701000000081e+00 9.061834396974539560e-03 5.719087494471155608e-01 2.279634404530548331e+00 6.457193412106126962e-01
3.752358424000000081e+00 7.207124843949681489e-03 5.612454312617857211e-01 2.244377913859018303e+00 6.326029027906526769e-01
3.738330818000000111e+00 6.191485946515216943e-03 5.495604061456463851e-01 2.202851723690582908e+00 6.189908370589414233e-01
3.724407701500000112e+00 5.695043554496567045e-03 5.373288428500827552e-01 2.157738495350472352e+00 6.051127252320771532e-01
3.710587911500000224e+00 5.360822755026883359e-03 5.251256463559234033e-01 2.112232891395810164e+00 5.913840228345000893e-01
3.696870301999999775e+00 5.082690224303785566e-03 5.131002666384141264e-01 2.067137692335526022e+00 5.778394487236567789e-01
3.683253743999999941e+00 4.846616041550073917e-03 5.012731692203747924e-01 2.022642723382969798e+00 5.646535031972446106e-01
3.669737125500000197e+00 4.834412661389813314e-03 4.893748366782286752e-01 1.977180309831674920e+00 5.515519772322931003e-01
3.656319349499999927e+00 5.664411513158149059e-03 4.764173448480624740e-01 1.925375971109964501e+00 5.378150408243953517e-01
3.642999335999999921e+00 5.995404225968675380e-03 4.644450204237978164e-01 1.878628899249844331e+00 5.247196514288654523e-01
3.629776021000000075e+00 5.043559303918787248e-03 4.544504889287744875e-01 1.842605333260282974e+00 5.129847927251823814e-01
3.616648354500000107e+00 5.803124075785649240e-03 4.422706496878671678e-01 1.793694150069688575e+00 5.000559751978480572e-01
3.603615302500000173e+00 5.753113175483940550e-03 4.317714472591268060e-01 1.753359594152970047e+00 4.885337361347852347e-01
3.590675846499999935e+00 4.634701400864151520e-03 4.231955536108836791e-01 1.723267944051547707e+00 4.782899442244590849e-01
3.577828980999999686e+00 3.820610297994912925e-03 4.144118866567744197e-01 1.691560520076850427e+00 4.680015661560691931e-01
3.565073715999999671e+00 3.537321433665400420e-03 4.049121561327601593e-01 1.655532838394347506e+00 4.573180852120384277e-01
3.552409075999999999e+00 3.223318397480196516e-03 3.956950073219658304e-01 1.620655441662747664e+00 4.468947540829134035e-01
3.539834098000000040e+00 2.990861972124023247e-03 3.865230808093359505e-01 1.585679830915812882e+00 4.365419595323067337e-01
3.527347833000000321e+00 2.842285728695656717e-03 3.774066009166306412e-01 1.550627111026963600e+00 4.263301734968849011e-01
3.514949345499999822e+00 2.716634822771435941e-03 3.684557949754173611e-01 1.516083621910021328e+00 4.163070042418882677e-01
3.502637713500000416e+00 2.625157081293964106e-03 3.596423505553728028e-01 1.481898274845733665e+00 4.064572768635593691e-01
3.490412027000000528e+00 2.549235855656401158e-03 3.509936347048865368e-01 1.448248800972249173e+00 3.968042103674079280e-01
3.478271389500000144e+00 2.467869423976821238e-03 3.425630180698054916e-01 1.415465405379595643e+00 3.873820916303620798e-01
3.466214917000000284e+00 2.384387562299140374e-03 3.343210169357443973e-01 1.383367937125528302e+00 3.781702191044267747e-01
3.454241737000000256e+00 2.304611503508868092e-03 3.262585991841983613e-01 1.351924029980336561e+00 3.691611421796157644e-01
3.442350989499999958e+00 2.233460377212670867e-03 3.183577681148000993e-01 1.321003086144113992e+00 3.603229742996610918e-01
3.430541825499999753e+00 2.153630099315728078e-03 3.106378622962917002e-01 1.290755633043033868e+00 3.516925376441271678e-01
3.418813408500000151e+00 2.075414872693988073e-03 3.030870205564777375e-01 1.261099547277374278e+00 3.432416469795673275e-01
3.407164913499999948e+00 2.002542767200171398e-03 2.957065239894600683e-01 1.232061372034495284e+00 3.349714500081803492e-01
3.395595526000000142e+00 1.936292052955044477e-03 2.885118689156537242e-01 1.203805208354834066e+00 3.269137466191811003e-01
3.384104443000000018e+00 1.879356599338711468e-03 2.814522221392308787e-01 1.175967864360518478e+00 3.190079162420267900e-01
3.372690872499999770e+00 1.844876483213686580e-03 2.744666893226386795e-01 1.148176612621210735e+00 3.111967471335043700e-01
3.361354032499999978e+00 1.781804018763463336e-03 2.677513398950303047e-01 1.121710883872237829e+00 3.036695993692949402e-01
3.350093151499999866e+00 1.767041003810176578e-03 2.610788465153524029e-01 1.095267144778935275e+00 2.962149299402688229e-01
3.338907469000000017e+00 1.674781925758767791e-03 2.547523156287729296e-01 1.070299288997117237e+00 2.890989456053675855e-01
3.327796234500000061e+00 1.574143550557239191e-03 2.485953941913648935e-01 1.046014085661664872e+00 2.821528599339626076e-01
3.316758706999999973e+00 1.512182928474699838e-03 2.424783412817491102e-01 1.021692929674075989e+00 2.752793633182774036e-01
3.305794155500000109e+00 1.458811133607021892e-03 2.364830901241694039e-01 9.977966834509298666e-01 2.685454529206307561e-01
3.294901858499999836e+00 1.407987225091714015e-03 2.306215431630915802e-01 9.743936917068579673e-01 2.619596942201781742e-01
3.284081104499999793e+00 1.365832827310512181e-03 2.248796173250441899e-01 9.514053659595245183e-01 2.555147070368361528e-01
3.273331190499999543e+00 1.323005434920612473e-03 2.192741555546337262e-01 9.289359956146722164e-01 2.492180579761362202e-01
3.262651422999999884e+00 1.278795702084024270e-03 2.138044220273160323e-01 9.069860296324876447e-01 2.430681929023672805e-01
3.252041118500000216e+00 1.237117626318015497e-03 2.084594223403059554e-01 8.854970027802077093e-01 2.370584081349323136e-01
3.241499601000000119e+00 1.225186860792381455e-03 2.031707591560330817e-01 8.641002823578067815e-01 2.311438639984187415e-01
3.231026203499999916e+00 1.253763253577072721e-03 1.979117353868024287e-01 8.426757341592686634e-01 2.252979697478332544e-01
3.220620268000000230e+00 1.256882668936334024e-03 1.928085181400697179e-01 8.219296135692185645e-01 2.195872332347848233e-01
3.210281144500000128e+00 1.167531946435458514e-03 1.880762549981005172e-01 8.029454529313984068e-01 2.142099736781438168e-01
3.200008192000000307e+00 1.189158939229247817e-03 1.831839270036812461e-01 7.829343078814048340e-01 2.087601989568930450e-01
3.189800777500000351e+00 1.298313959863459923e-03 1.781758172528079553e-01 7.621615492447634255e-01 2.032621530230883655e-01
3.179658275499999576e+00 1.849538165747539138e-03 1.720928814328301359e-01 7.355211005876901575e-01 1.969889223842897497e-01
3.169580068500000181e+00 2.522316384823253266e-03 1.651614726847473735e-01 7.050011327367148306e-01 1.897093300679255357e-01
3.159565547000000141e+00 2.346827010854628942e-03 1.605932868142011805e-01 6.867250577843805326e-01 1.843017622448414883e-01
3.149614109999999911e+00 1.271396244945060920e-03 1.603238162356951380e-01 6.890925699414882644e-01 1.831905341687749544e-01
3.139725163000000485e+00 1.195520995843234744e-03 1.563111315713026639e-01 6.728403112434419020e-01 1.786103269383263192e-01
3.129898118999999923e+00 2.244752161576356059e-03 1.477070405758200144e-01 6.338855552461069021e-01 1.696787339894285651e-01
3.120132399000000056e+00 2.620301848839926093e-03 1.429585823221046770e-01 6.131842982356964233e-01 1.647380666845457142e-01
3.110427430000000104e+00 1.906858382714375156e-03 1.420545993385911032e-01 6.117233172979530398e-01 1.632701057963124036e-01
3.100782646999999947e+00 1.002282128061810678e-03 1.411785001741826251e-01 6.109682070029737178e-01 1.615020438639087619e-01
3.091197492500000088e+00 7.864004919678385707e-04 1.380273556492196407e-01 5.986050681923368311e-01 1.577233499302090336e-01
3.081671415000000191e+00 7.629565116863230509e-04 1.344652514571047230e-01 5.839104916934915179e-01 1.536908592120447004e-01
3.072203870000000059e+00 7.853609877873971544e-04 1.308447418800383899e-01 5.687957895795467955e-01 1.496371534609399756e-01
3.062794319500000029e+00 7.648787582045849225e-04 1.274408987196611887e-01 5.546958569073051626e-01 1.457840830085741224e-01
3.053442232000000089e+00 1.040742589275141803e-03 1.232181043490873512e-01 5.361295339708886942e-01 1.413287418585042199e-01
3.044147082999999920e+00 9.824202187982866881e-04 1.201145602125119199e-01 5.233278293001714099e-01 1.377974262190915233e-01
3.034908353999999697e+00 1.974398230328355819e-03 1.137082889713745271e-01 4.930783232797437132e-01 1.316354352564312324e-01
3.025725533000000134e+00 3.513649677907678109e-03 1.048647154428195422e-01 4.508859276138740269e-01 1.230253052515580814e-01
3.016598114499999816e+00 3.966819417694051990e-03 9.880576075778110812e-02 4.240753757729632256e-01 1.163047399031928303e-01
3.007525597999999967e+00 2.827416566400048521e-03 9.962640033083586255e-02 4.311949278245563733e-01 1.161793932760831205e-01
2.998507489499999679e+00 1.536234500162401550e-03 1.002354538057347311e-01 4.375833318753707402e-01 1.156277129510510510e-01
2.989543301499999917e+00 3.322652125212755686e-03 9.110092761994233179e-02 3.934797150886321093e-01 1.068800849896787558e-01
2.980632551500000282e+00 5.205584912137146275e-03 8.016884073798927202e-02 3.410074337990035009e-01 9.609831541080859907e-02
2.971774762999999986e+00 5.517167917375010062e-03 7.677204369837133113e-02 3.251847064659533770e-01 9.272066788031489704e-02
2.962969466000000107e+00 3.713518669415660778e-03 8.369473103912704326e-02 3.603292840969671285e-01 9.944558185664235939e-02
2.954216194499999837e+00 1.560724599305783481e-03 8.924925216601201083e-02 3.910106215424070664e-01 1.037109101137164702e-01
2.945514489000000236e+00 5.765540297105407322e-04 9.011020957626392214e-02 3.983508557844820941e-01 1.035546891790336405e-01
2.936863895500000154e+00 5.841668567835614197e-04 8.763379190118551765e-02 3.877990105075956873e-01 1.007590882693764484e-01
2.928263964000000108e+00 6.899514327007008532e-04 8.489026641157593200e-02 3.756573108264825156e-01 9.780352555886968891e-02
2.919714251500000302e+00 8.533125124702157366e-04 8.195948511077118248e-02 3.622931143227261508e-01 9.474756301165551675e-02
2.911214319499999981e+00 1.558587908052981065e-03 7.715577962336589435e-02 3.386779304669938484e-01 9.025179387222663496e-02
2.902763734499999693e+00 3.085139860944054527e-03 6.949455756198909262e-02 2.999571566201073569e-01 8.340772561296196097e-02
2.894362067499999913e+00 5.386915678747935393e-03 5.875669082230796508e-02 2.455550844754210427e-01 7.363144061912887950e-02
2.886008894999999796e+00 7.529068597711976139e-03 4.538108038381971632e-02 1.804353155023417921e-01 5.977474132286379749e-02
2.877703798999999840e+00 9.264169893613906012e-03 2.841200712137546824e-02 9.995728566921029123e-02 4.095823159030392152e-02
2.869446365499999985e+00 9.042613697078457149e-03 2.024551826914168171e-02 6.393733558469738565e-02 3.066975308371685388e-02
2.861236185000000098e+00 8.840404017528412373e-03 1.543725936067719649e-02 4.246533011558420445e-02 2.444603428510216600e-02
