# wl [um], spectra (phi=0), spectra (phi=90), spectra (phi=180), spectra (phi=270)
5.500000000000000000e+03 8.010627773585529537e-08 8.746922395499400867e-08 9.370803212019874443e-08 8.327135835618501067e-08
7.500000000000000000e+02 1.008482525791918663e-05 1.038661204789083893e-05 1.040755945882114698e-05 1.006601364723306272e-05
4.166666666500000247e+02 7.794889045963217060e-05 7.810297240339423447e-05 7.784366967983081522e-05 7.770555794585564345e-05
2.916666666500000247e+02 2.910895992149753995e-04 2.883228244125789295e-04 2.877306092215982294e-04 2.905287287343218225e-04
2.250000000000000000e+02 7.736318706422831964e-04 7.633057847098990946e-04 7.621854224151179344e-04 7.725105051700357009e-04
1.833333333500000037e+02 1.683145479081447297e-03 1.660889109119534184e-03 1.658434585102909345e-03 1.680682701563693607e-03
1.547619047999999964e+02 3.208744603924687088e-03 3.174674673255355704e-03 3.168403884295465604e-03 3.202695936677691334e-03
1.339285714499999926e+02 5.567223481767739034e-03 5.533942932975204065e-03 5.518771134683283196e-03 5.553230265726679521e-03
1.180555555500000082e+02 9.002969115339711295e-03 9.006273904881279685e-03 8.972824738035425213e-03 8.972989719576725254e-03
1.055555555500000082e+02 1.378280726848180905e-02 1.389780189137894764e-02 1.383280694249965602e-02 1.372528418186375922e-02
9.545454545499998744e+01 2.019168130990662072e-02 2.055155036992278514e-02 2.044213707832873844e-02 2.009293219710764355e-02
8.712121211999999559e+01 2.852456717496852992e-02 2.934247843926547292e-02 2.918777984192423569e-02 2.837444083006655446e-02
8.012820512499999381e+01 3.906168461440649026e-02 4.065383673227742495e-02 4.049522327176443420e-02 3.886874583823440171e-02
7.417582417500000247e+01 5.205022487026068900e-02 5.485697812828480707e-02 5.482889684986393120e-02 5.186809562770260118e-02
6.904761905000000866e+01 6.765469850124808393e-02 7.227071654729196049e-02 7.268664768707548685e-02 6.763299801547667522e-02
6.458333333499999185e+01 8.587821677999082914e-02 9.309252022951386429e-02 9.456185576308173690e-02 8.633791011762227685e-02
6.066176470499999596e+01 1.065988129891399933e-01 1.174544317532390247e-01 1.209939141766890325e-01 1.081141349729627804e-01
5.718954248500000404e+01 1.294305420148073871e-01 1.452755140350010521e-01 1.524188852477919853e-01 1.329158355795649893e-01
5.409356725499999641e+01 1.540248519877135125e-01 1.765300764797159416e-01 1.893214952536401430e-01 1.607416063018189678e-01
5.131578947500000254e+01 1.800619509380919359e-01 2.111780936623765259e-01 2.321125964159480581e-01 1.915754808108199592e-01
4.880952381000000173e+01 2.070446153047160731e-01 2.489382979119538208e-01 2.809072808556594691e-01 2.252097502958073372e-01
4.653679653500000057e+01 2.354292725986045776e-01 2.904762522014038839e-01 3.365973889042341294e-01 2.622142497187366361e-01
4.446640315999999871e+01 2.646333654962524373e-01 3.351070946430637076e-01 3.985428161948140202e-01 3.020634193151510161e-01
4.257246376999999882e+01 2.955985392241741727e-01 3.839729690212278501e-01 4.680196658545871524e-01 3.457116260153723641e-01
4.083333333499999895e+01 3.278270926979816036e-01 4.363135152887578916e-01 5.440513066533175790e-01 3.925492007470625100e-01
3.923076922999999994e+01 3.240936869323265412e-01 4.740375713261427704e-01 6.483605912785008751e-01 4.309500271863794252e-01
3.774928775000000059e+01 3.636009608650721536e-01 5.365323864962253664e-01 7.381161686398161059e-01 4.869565970818115486e-01
3.637566137499999996e+01 4.052227432195819601e-01 6.031449631511486276e-01 8.344367845690195962e-01 5.465401909127578506e-01
3.509852216500000566e+01 4.492193579403081505e-01 6.745933948850693085e-01 9.386746140121597914e-01 6.103006788493290369e-01
3.390804597500000739e+01 4.955303074644947792e-01 7.508790593502419064e-01 1.050925762992012347e+00 6.782214091139671108e-01
3.279569892499999639e+01 5.437706014100153196e-01 8.312941494681130861e-01 1.170034493685814470e+00 7.496708192613282806e-01
3.175403225999999890e+01 5.942387086085131331e-01 9.168717236928778380e-01 1.298111569566524626e+00 8.255300170768782309e-01
3.077651515000000160e+01 6.464926007740909863e-01 1.006515248693055087e+00 1.433105855643497240e+00 9.048217508024012368e-01
2.985739750500000156e+01 7.006908470114511234e-01 1.101034399665652197e+00 1.576835277922165934e+00 9.882448602529346759e-01
2.899159663999999736e+01 7.566841009703617615e-01 1.199835034913083742e+00 1.727985027680507102e+00 1.075239596238948048e+00
2.817460317500000144e+01 8.143617774730551595e-01 1.302969573432505301e+00 1.886862515597244494e+00 1.165827158647455786e+00
2.740240240500000013e+01 8.738188776691881987e-01 1.410661191332498454e+00 2.053900049672503947e+00 1.260175973975349528e+00
2.667140824999999893e+01 9.349913947504199241e-01 1.522453690210612942e+00 2.228029775283981273e+00 1.357868760871427050e+00
2.597840755500000398e+01 9.984441204750515997e-01 1.638904467543682797e+00 2.408856390870908637e+00 1.459029689125660445e+00
2.532051282000000114e+01 1.063298152162994947e+00 1.759060514432148059e+00 2.597612616665156970e+00 1.563608163253904948e+00
2.469512195000000077e+01 1.131398535721626519e+00 1.884270018350222120e+00 2.792037506910162392e+00 1.671733905531669118e+00
2.409988385500000163e+01 1.202244564222238132e+00 2.013609803092110795e+00 2.992394202379137447e+00 1.783254768076913077e+00
2.353266887999999923e+01 1.280650112510143712e+00 2.150436142017579044e+00 3.192517758799003236e+00 1.898516467210116909e+00
2.299154333999999977e+01 1.364155887038871473e+00 2.292431899328722711e+00 3.396231083681908736e+00 2.017610590731913511e+00
2.247474747500000092e+01 1.474120259217916118e+00 2.453456401756806571e+00 3.576499925200052221e+00 2.141651518114403352e+00
2.198067632500000101e+01 1.620730046378496825e+00 2.638960260371461253e+00 3.717242566731826514e+00 2.271124415143021213e+00
2.150786308500000032e+01 1.750240563858552312e+00 2.811277346744810224e+00 3.903288394087731650e+00 2.407282482891890840e+00
2.105496453499999987e+01 1.997819486946130985e+00 3.020781475733285149e+00 3.900330703277385958e+00 2.544568529325589523e+00
2.062074830000000247e+01 2.299881262165317075e+00 3.319571074376214348e+00 3.902890598880984108e+00 2.699994372755343708e+00
2.020408163500000143e+01 2.574424532944598276e+00 3.518725784407318091e+00 3.930776380464673370e+00 2.863991257372167976e+00
1.980392156999999997e+01 2.799396877846405562e+00 3.502047873150710977e+00 3.724910727548024436e+00 2.957203893480065293e+00
1.941930618499999994e+01 3.077786540148780947e+00 3.457106238516501673e+00 3.440676487221866697e+00 3.070120024651675994e+00
1.904934688000000165e+01 3.058972863438569778e+00 3.244190075389593364e+00 3.212761310053822594e+00 3.035269398794021356e+00
1.869322152499999845e+01 3.064207822257215774e+00 3.161498889560395931e+00 3.131808821770670548e+00 3.041037546557969762e+00
1.835016835000000057e+01 2.797727030164781414e+00 2.758501518038816158e+00 2.756327031127283611e+00 2.796145629236178820e+00
1.801948052000000189e+01 2.953752923710163625e+00 2.884607335707275233e+00 2.886116536731248239e+00 2.955039860280490593e+00
1.770050125499999893e+01 2.675115084858707082e+00 2.515856652368409385e+00 2.543777352555048221e+00 2.697767376583698251e+00
1.739261948000000046e+01 2.389602441135636912e+00 2.198715828010120887e+00 2.229930231446136446e+00 2.415073701112762095e+00
1.709526592499999964e+01 2.023587776274725858e+00 1.837841392518480221e+00 1.867758034782452725e+00 2.047337523815092375e+00
1.680790960499999898e+01 1.612282757245627973e+00 1.517741803856066829e+00 1.600131317842625078e+00 1.668894887036161512e+00
1.653005464499999988e+01 1.486544140381696577e+00 1.414335210644231955e+00 1.512709385531515238e+00 1.556279408680721676e+00
1.626123743999999860e+01 1.293893357103002684e+00 1.328904190169120758e+00 1.507487849254638634e+00 1.418540634329537475e+00
1.600102406499999930e+01 1.262637111565847237e+00 1.300177441038493864e+00 1.473845913295104504e+00 1.388880854814306787e+00
1.574900793500000162e+01 9.920283053498054615e-01 1.204346744438796746e+00 1.465820924553841165e+00 1.179890156203691864e+00
1.550480768999999981e+01 8.036118185538245751e-01 1.191152760273297639e+00 1.583474827359110160e+00 1.075460429510854299e+00
1.526806526500000061e+01 7.191569992443153092e-01 1.177324758832403173e+00 1.603424622108205133e+00 1.014765767302121091e+00
1.503844413999999929e+01 6.146870895316735028e-01 1.219604102314638006e+00 1.882391222938040176e+00 1.069502415486583757e+00
1.481562774000000005e+01 7.004686723288688910e-01 1.181627807298277544e+00 1.628127334189159114e+00 1.009666850476196753e+00
1.459931798500000077e+01 7.583550546548211146e-01 1.188082933720316037e+00 1.591133354303984726e+00 1.033567029743679644e+00
1.438923395499999991e+01 9.179495804469698372e-01 1.206792949740113752e+00 1.520860298315366288e+00 1.137652978038348861e+00
1.418511066499999984e+01 1.170704943442235191e+00 1.278758799831307025e+00 1.517029625791323166e+00 1.340886174436266787e+00
1.398669796500000118e+01 1.354708813498210151e+00 1.366959383556924479e+00 1.560310650139967725e+00 1.489489036715471171e+00
1.379375951499999964e+01 1.521993716086720294e+00 1.478082925991223817e+00 1.643393305512255376e+00 1.633878170392482509e+00
1.360607182500000079e+01 1.622802829465594066e+00 1.515911820424498568e+00 1.635811931157344024e+00 1.703739378744191457e+00
1.342342342000000066e+01 1.950415615070172359e+00 1.764401924843834957e+00 1.844930002766922650e+00 2.005244597092268766e+00
1.324561403500000090e+01 2.616986002461191063e+00 2.317909015023155384e+00 2.359311417650311160e+00 2.650254959003970345e+00
1.307245386499999995e+01 3.398628494837892422e+00 3.077392823609513162e+00 3.137244743886227205e+00 3.447429965919682981e+00
1.290376290500000067e+01 3.900501364038994723e+00 3.627456874627015715e+00 3.672398506113470518e+00 3.937046782208577067e+00
1.273937033500000027e+01 4.434458536700599751e+00 4.266956609719814608e+00 4.276811486821162411e+00 4.442978806438014239e+00
1.257911392499999970e+01 4.137879531556841073e+00 3.976390372047913235e+00 3.994172169082853330e+00 4.151342775015282704e+00
1.242283950499999889e+01 4.833903680631650879e+00 4.814815105680755103e+00 4.781414188251108754e+00 4.808041926854957460e+00
1.227040047999999928e+01 5.407439569287902259e+00 5.731261543995241681e+00 5.642112324211635332e+00 5.339884545935385418e+00
1.212165736000000038e+01 5.782349591232731179e+00 6.593101409616019204e+00 6.513233542935453535e+00 5.728794756116996290e+00
1.197647733499999845e+01 6.210035299076589688e+00 7.796755588243906132e+00 7.814577046495551294e+00 6.245258410127870086e+00
1.183473388999999898e+01 6.136066285193015446e+00 8.307191369611865994e+00 8.589517405130298044e+00 6.364925626139597448e+00
1.169630642999999992e+01 5.700138579759965296e+00 8.640133330539420342e+00 9.656056927878614360e+00 6.411509010549779397e+00
1.156107992500000137e+01 5.575444275526406201e+00 8.515072258457299981e+00 9.484120225089865741e+00 6.300876392570649465e+00
1.142894461499999892e+01 5.473438263747261168e+00 9.068075212728203383e+00 1.039487748181364424e+01 6.454648918059592511e+00
1.129979570999999972e+01 5.832929928937095276e+00 8.834175295431666797e+00 9.579139366741042494e+00 6.429058724003209768e+00
1.117353308499999898e+01 6.067500390544534383e+00 8.541869483165793753e+00 8.930248471000552968e+00 6.399958464954607074e+00
1.105006105000000005e+01 6.261728810331219641e+00 7.715304025972265833e+00 7.683300406521298420e+00 6.264319142868407297e+00
1.092928810499999948e+01 6.172312020222009643e+00 7.294213449705975627e+00 7.199891475452275813e+00 6.119956140606856110e+00
1.081112669500000045e+01 5.966482963640215686e+00 6.762962145673887981e+00 6.652233191095039189e+00 5.892365981336186387e+00
1.069549302000000068e+01 5.375831488698278093e+00 5.605191807691509709e+00 5.524862870510220958e+00 5.316109374929694376e+00
1.058230683000000028e+01 4.904978255923916564e+00 4.879638324370215940e+00 4.846988178949427351e+00 4.881399805309186490e+00
1.047149122999999982e+01 5.207557059862046422e+00 5.353140896407447613e+00 5.282221633422508944e+00 5.154578943767988086e+00
1.036297250999999875e+01 5.468991124661761738e+00 5.900561726491651449e+00 5.817925248112851833e+00 5.408712708238446965e+00
1.025667998999999853e+01 4.716703502083730903e+00 4.609646675985143993e+00 4.593116638110386951e+00 4.705450075497275009e+00
1.015254586500000045e+01 5.545477905939032226e+00 5.941945864134176247e+00 5.835328292638339853e+00 5.467191075415360757e+00
1.005050504999999994e+01 5.965840905773172054e+00 8.814581725122998535e+00 9.601656929510715699e+00 6.504541006003769610e+00
9.950495049499998856e+00 5.330671967317026194e+00 9.332239373503792734e+00 1.147543264013704878e+01 6.656416988376437693e+00
9.852455834000000578e+00 5.843999386022044717e+00 9.119284880924185543e+00 1.016668541297876693e+01 6.544860457168654833e+00
9.756329716499999805e+00 6.055921975090195808e+00 7.516860570548102416e+00 7.500795732448549025e+00 6.056959210586782660e+00
9.662061239499999843e+00 5.314968371947877301e+00 5.654235991089724855e+00 5.554421470122179016e+00 5.242111962371714284e+00
9.569597069500000330e+00 4.683846239903215469e+00 4.668779427713988461e+00 4.630774451182180229e+00 4.656825101756358443e+00
9.478885894000001144e+00 4.222094821619622351e+00 4.038183419644433059e+00 4.045572456326941513e+00 4.230450520847203855e+00
9.389878328500000038e+00 4.571243128793214261e+00 4.558335103691950607e+00 4.524145192114373160e+00 4.547542587046621065e+00
9.302526825999999360e+00 3.833504424915034736e+00 3.547884612862676867e+00 3.588274221644022433e+00 3.868257033999787264e+00
9.216785592999999110e+00 4.080065001317668916e+00 3.879341876768545472e+00 3.898677079630365583e+00 4.098546324895353088e+00
9.132610508999999155e+00 5.416895858199535674e+00 6.221326073782398325e+00 6.129977802930839381e+00 5.362527332691883863e+00
9.049959050000000005e+00 4.655425540684870356e+00 9.393295381930116150e+00 1.242417710793729668e+01 6.525707915910076373e+00
8.968790219000000619e+00 2.295707955142530565e+00 8.803815524170333973e+00 1.889937439492592830e+01 7.303931090727320274e+00
8.889064475499999674e+00 2.110848247700722879e+00 8.720526462971397663e+00 1.955474668236229263e+01 7.375964562177530937e+00
8.810743673499999318e+00 2.043793360501946488e+00 8.688360325275743534e+00 1.969796971228895544e+01 7.373811031688685347e+00
8.733790999500000041e+00 1.997573517143140576e+00 8.665251625747805164e+00 1.978768350146127730e+01 7.364394045613162021e+00
8.658170914500001203e+00 2.073905854061888210e+00 8.704737653730699520e+00 1.964761310032734087e+01 7.336008988838662148e+00
8.583849101000000203e+00 2.340775307525284177e+00 8.817080869241756602e+00 1.928430290536404712e+01 7.324011086455897157e+00
8.510792409000000447e+00 2.471099046211665318e+00 8.857492217383907018e+00 1.909473474964905293e+01 7.309892501780460350e+00
8.438968808000000266e+00 2.650212322472812243e+00 8.936889169366097008e+00 1.867116038850164017e+01 7.243695439133809089e+00
8.368347338999999607e+00 3.028587403853683302e+00 9.074338180829139233e+00 1.794201497265714806e+01 7.180130589946809749e+00
8.298898071500000029e+00 3.761417133683009340e+00 9.306211231988671173e+00 1.620271321477222770e+01 6.983230031342575472e+00
8.230592060500001139e+00 4.735471649611505462e+00 9.250689167523729495e+00 1.332871831376296257e+01 6.609555143619333606e+00
8.163401306000000801e+00 5.236117509359524469e+00 8.354589724325471423e+00 1.021817200933356240e+01 6.007471627382782842e+00
8.097298715000000868e+00 5.139894882083889449e+00 6.873979630985489919e+00 7.212631004646650190e+00 5.203994920257549062e+00
8.032258064499998795e+00 4.415436071191459533e+00 5.149457401948405177e+00 5.099065818178815768e+00 4.337735157748292991e+00
7.968253968500000006e+00 4.445040047487525570e+00 5.262349437180633416e+00 5.225657466158812881e+00 4.366488938206800619e+00
7.905261842499999858e+00 4.064191080658194899e+00 4.475096025119139398e+00 4.384718702422293113e+00 3.981081013071935182e+00
7.843257874000000740e+00 3.808376703519979145e+00 3.983807044941087394e+00 3.897450492879411144e+00 3.738279253203293795e+00
7.782218991999999780e+00 3.822318877347814947e+00 3.959204510891134454e+00 3.867718904798436164e+00 3.747796471571235521e+00
7.722122837999999767e+00 4.435768911869175213e+00 5.198871234373656058e+00 5.080995288600110626e+00 4.313819864961653039e+00
7.662947738999999814e+00 4.933277066132728983e+00 6.393619120506087050e+00 6.383396601386108316e+00 4.818773381124104027e+00
7.604672681000000267e+00 5.118094405048758233e+00 7.027982194715782782e+00 7.203984837055690704e+00 5.062270268005820917e+00
7.547277283999999753e+00 4.987505798674062518e+00 6.849815662819752404e+00 7.021661766518444203e+00 4.939922895578915174e+00
7.490741779500000419e+00 4.586666418237459020e+00 5.972457188850584409e+00 5.983554780909441817e+00 4.498134761254519276e+00
7.435046986999999774e+00 3.930596683040244788e+00 4.635653118240789183e+00 4.537532909593164021e+00 3.831535249266815768e+00
7.380174291499999484e+00 3.399640187971806782e+00 3.688919537168362073e+00 3.600622040713201244e+00 3.327376529491039570e+00
7.326105624500000246e+00 3.442284545045806610e+00 3.761742692780569275e+00 3.668508912752721507e+00 3.364366312187945240e+00
7.272823442500000013e+00 2.925312769134913005e+00 2.881534918384153432e+00 2.834587253205577362e+00 2.889799027032584178e+00
7.220310708000000410e+00 2.922027822832979904e+00 2.876078496736951706e+00 2.825105849111989365e+00 2.883016131545944827e+00
7.168550873500000087e+00 3.206251364017486338e+00 3.386012058760591081e+00 3.294879677816381580e+00 3.133662003481777703e+00
7.117527862499999358e+00 3.534276540495782548e+00 4.029067184855803063e+00 3.905235889276377659e+00 3.431194449558573112e+00
7.067226051500000494e+00 4.048346159049780013e+00 5.213715821993088362e+00 5.122181773387183945e+00 3.925542519854268608e+00
7.017630257000000427e+00 4.373127830866778254e+00 6.217639606693904142e+00 6.379154020920089430e+00 4.321675267482311789e+00
6.968725718499999999e+00 4.501271933612191134e+00 7.044545653584083134e+00 7.824674966784827213e+00 4.676783350609333922e+00
6.920498084000000105e+00 4.377393518275812134e+00 7.524445952105520696e+00 9.265882290768427509e+00 4.941246186664622009e+00
6.872933396000000528e+00 4.074082264900504846e+00 7.716233603224115889e+00 1.061511668570747879e+01 5.127411802985612610e+00
6.826018078000000600e+00 3.645843137667800438e+00 7.737765297533319320e+00 1.198316988722240595e+01 5.284087943827048939e+00
6.779738922499999987e+00 3.206165201817458232e+00 7.652153782220596057e+00 1.309315384903382551e+01 5.381751711941194394e+00
6.734083076499999265e+00 2.773964614784592442e+00 7.511539086392014397e+00 1.410297468015269118e+01 5.463002799114072161e+00
6.689038031499999981e+00 2.413689901799582316e+00 7.361393315236730572e+00 1.481544139920069547e+01 5.497333664324742131e+00
6.644591611500000106e+00 2.078926546182287893e+00 7.198736705095939215e+00 1.547585763671428793e+01 5.531488684028849967e+00
6.600731961999999342e+00 1.750199701668762264e+00 7.038557570366565486e+00 1.606649434025809597e+01 5.551175264828327904e+00
6.557447540000000075e+00 1.538929118789274630e+00 6.907653806480628766e+00 1.634346190942076760e+01 5.528672136680688354e+00
6.514727103000000241e+00 1.354712691850130879e+00 6.779243203486490899e+00 1.664353134727706163e+01 5.524408242725942664e+00
6.472559698499999570e+00 1.194191989652987118e+00 6.661640863652514177e+00 1.681822521337770837e+01 5.494807711491936253e+00
6.430934656499999846e+00 7.920168090920751691e-01 6.457027139732966603e+00 1.759366893272794030e+01 5.545337220678633550e+00
6.389841581000000659e+00 7.712801268025939461e-01 6.385231632376132005e+00 1.745997403350432009e+01 5.484695825978815442e+00
6.349270338000000180e+00 7.507487992968284729e-01 6.312956198687135867e+00 1.732447170248527968e+01 5.423835047802109344e+00
6.309211050000000043e+00 7.309481964784310115e-01 6.241768269442441230e+00 1.718944559291615803e+01 5.363733037372695023e+00
6.269654088000000236e+00 7.112513874236596756e-01 6.168055649335046020e+00 1.704593376866012022e+01 5.301431841564134828e+00
6.230590062000000096e+00 6.919654498258024367e-01 6.094200583001898153e+00 1.690036900512273021e+01 5.238968102425110906e+00
6.192009815000000472e+00 6.728508787499147825e-01 6.018594343453918860e+00 1.674851269660952724e+01 5.174985137165264426e+00
6.153904415500000447e+00 6.544833937110225985e-01 5.945448529602940013e+00 1.660157062329502509e+01 5.113044283776441823e+00
6.116265150500000303e+00 6.363235711597720057e-01 5.870573511525589261e+00 1.644821266259063819e+01 5.049584156059769846e+00
6.079083518499999172e+00 6.188093225123090235e-01 5.797348077436442537e+00 1.629754692570336516e+01 4.987468502902360434e+00
6.042351223499999868e+00 6.012424176971379319e-01 5.720954939006153595e+00 1.613679407140675437e+01 4.922640248952034447e+00
6.006060168999999505e+00 5.847294485772975836e-01 5.650399247950715242e+00 1.599061291310681909e+01 4.862752011193433255e+00
5.970202452000000548e+00 5.683802676124799502e-01 5.577427554996114978e+00 1.583584385910159398e+01 4.800732316555492929e+00
5.934770357499999704e+00 5.522416969327139658e-01 5.502873684518152508e+00 1.567480423856553884e+01 4.737280911217899515e+00
5.899756351999999815e+00 5.364140676217145076e-01 5.429066569360138317e+00 1.551517704915301188e+01 4.674544926434453629e+00
5.865153078500000561e+00 5.214688848645249175e-01 5.357963905092795187e+00 1.535986878711627135e+01 4.613816293661697543e+00
5.830953351999999867e+00 5.080224184644012153e-01 5.285331877640437881e+00 1.519101414594671517e+01 4.550320035764165105e+00
5.797150154500000596e+00 4.929119521698703821e-01 5.215530665990558923e+00 1.504184358714986125e+01 4.491629680506120437e+00
5.763736629000000278e+00 4.789013738293789735e-01 5.140479410419817263e+00 1.486857125334719143e+01 4.427020044451043468e+00
5.730706075499999663e+00 4.675609961331714248e-01 5.071061195708143288e+00 1.469765583009414200e+01 4.365195169660561980e+00
5.698051947999999811e+00 4.552010884450503059e-01 4.999554545785864335e+00 1.452731679797910402e+01 4.302796488029349220e+00
5.665767847999999773e+00 4.460245462227765967e-01 4.928676038406304194e+00 1.434135428150251101e+01 4.237995219583000406e+00
5.633847520999999858e+00 4.323243471796561210e-01 4.856728425346831024e+00 1.417773318800545468e+01 4.177382508092277291e+00
5.602284853499999606e+00 4.192368077915141211e-01 4.787155407085681880e+00 1.401411251135819214e+01 4.118086023017668573e+00
5.571073867499999110e+00 4.409662813633571377e-01 4.710517390921600267e+00 1.360450591259415631e+01 4.014437455084279627e+00
5.540208717000000505e+00 4.793977336866415140e-01 4.636942727191214253e+00 1.310292026061601511e+01 3.894160861886160951e+00
5.509683686499999844e+00 5.952749459057389281e-01 4.543989425512572566e+00 1.210390871824131409e+01 3.680496034442432673e+00
5.479493184499999003e+00 6.716167699408290837e-01 4.455185870673425086e+00 1.137400699119983294e+01 3.515089154690195450e+00
5.449631741499999293e+00 8.620220172170854900e-01 4.316738177802489140e+00 9.951913766822988450e+00 3.214334412671754126e+00
5.420094006999999436e+00 1.212210985030730104e+00 4.038729930917371647e+00 7.645175082999931426e+00 2.729669845773160297e+00
5.390874745499999676e+00 1.549818633542167090e+00 3.592208945823373689e+00 5.173602550526231525e+00 2.209377743016835538e+00
5.361968834499999836e+00 1.588016500685304866e+00 2.925353749372221923e+00 3.394133784549621780e+00 1.776491025689068914e+00
5.333371259499999795e+00 1.474871594279805409e+00 2.352899047555760514e+00 2.481298434674030329e+00 1.509097230162782743e+00
5.305077113499999442e+00 1.273388458322352923e+00 1.793396818333523823e+00 1.774071106460853198e+00 1.248709441450120528e+00
5.277081593000000126e+00 9.836314199028651784e-01 1.197914272348716613e+00 1.165340577781934561e+00 9.591142123969003119e-01
5.249379994499999924e+00 6.262345865277484380e-01 5.752010258955976285e-01 5.734346360720750102e-01 6.265571369683030634e-01
5.221967713499999775e+00 5.111669113341875681e-01 4.197016615833701891e-01 4.291111888348566605e-01 5.195688506354316782e-01
5.194840241499999678e+00 7.059127094773484101e-01 7.109209248934478254e-01 6.958176451197557455e-01 6.955022268377398786e-01
5.167993162500000182e+00 6.577916322646686353e-01 7.447414853072591434e-01 7.339019725075832667e-01 6.472617564524240086e-01
5.141422151500000481e+00 1.244565192643242169e+00 2.757557760509803835e+00 4.025696500031989089e+00 1.713284146855595047e+00
5.115122971999999990e+00 1.193959527713349678e+00 1.969221098296112249e+00 2.173698253347509102e+00 1.242242448483845463e+00
5.089091473999999948e+00 1.228855998514185366e+00 2.138429421223873028e+00 2.378139740144633141e+00 1.295691290258383255e+00
5.063323591499999665e+00 1.176394489951050559e+00 2.640003333135400698e+00 3.666279360612453964e+00 1.578567755689896712e+00
5.037815339499999823e+00 1.039438724189340801e+00 2.749216900169717981e+00 4.512481282717255127e+00 1.736766621399497446e+00
5.012562813999999811e+00 1.058552160780996454e+00 2.669435405341240575e+00 4.235937936088999933e+00 1.659506352977458521e+00
4.987562189000000146e+00 1.072887351277477475e+00 2.056813329047761485e+00 2.553857911675479819e+00 1.247192967368457639e+00
4.962809714000000483e+00 9.285711504806504202e-01 1.393710984477520176e+00 1.417674192977694814e+00 9.179825833095599519e-01
4.938301711999999455e+00 6.693975914909712222e-01 7.921034856961398640e-01 7.633643534875659276e-01 6.491668537543309192e-01
4.914034578999999958e+00 4.403465357476679110e-01 4.278881832757163717e-01 4.221347778057711331e-01 4.371487923756768312e-01
4.890004782000000105e+00 2.863320295715524044e-01 2.216165434136629087e-01 2.314492070520509648e-01 2.950547723879465845e-01
4.866208856000000083e+00 1.525279022343226654e-01 1.015212727032020756e-01 1.081384370239888842e-01 1.586652623318508815e-01
4.842643403000000291e+00 1.374555560033677570e-01 8.859406700808443447e-02 9.440342583735128468e-02 1.428114214983033925e-01
4.819305091000000374e+00 1.137617957174251043e-01 7.672765326167489686e-02 8.604223736728267014e-02 1.202563468488932197e-01
4.796190651499999902e+00 2.316686181847231463e-01 1.701897785291275056e-01 1.798654475173127598e-01 2.401884532760085178e-01
4.773296878500000062e+00 2.959710583029143693e-01 2.529295481798103928e-01 2.597489855613500653e-01 3.015247920997903286e-01
4.750620627500000026e+00 3.265312798899884239e-01 2.866797699628397811e-01 2.909097683954067759e-01 3.307879357917840046e-01
4.728158812500000252e+00 3.415966233103773231e-01 3.081848148733594694e-01 3.102429823342685022e-01 3.442716406349726199e-01
4.705908406499999863e+00 4.156617069821863519e-01 4.463459390887441480e-01 4.320344443895292597e-01 4.063521139778890623e-01
4.683866438499999951e+00 6.094344169367071906e-01 7.960502237311941620e-01 7.586969349085331826e-01 5.840096917425550149e-01
4.662029993500000025e+00 7.070087956165992393e-01 1.035185992002390920e+00 9.916069776620233256e-01 6.760694094879864391e-01
4.640396210500000507e+00 6.898781235552128299e-01 1.008861584693275137e+00 9.623582056511144067e-01 6.565836798501076821e-01
4.618962280499999906e+00 6.298636555252300484e-01 8.929632119743998730e-01 8.494482039768227466e-01 5.992126059211965172e-01
4.597725447000000187e+00 6.557214416714738370e-01 9.315302203086560651e-01 8.775898857132854447e-01 6.181619024280934349e-01
4.576683004500000429e+00 5.350525343856917804e-01 6.636703614705485865e-01 6.240060209010456216e-01 5.076914616416189352e-01
4.555832295500000129e+00 4.019238054674028615e-01 4.198683150599705760e-01 4.049368729554048696e-01 3.915483844708771977e-01
4.535170711499999285e+00 2.793372290617746057e-01 2.469546099686766860e-01 2.498346779174292764e-01 2.823944839264168061e-01
4.514695691500000052e+00 1.694999686529208571e-01 1.300794821384964883e-01 1.378677921669198836e-01 1.764674778514115083e-01
4.494404719000000270e+00 8.301615566126596679e-02 5.790970328158883546e-02 6.266618292927821077e-02 8.660069373890529054e-02
4.474295323499999810e+00 3.435051101125172895e-02 2.428035995694816096e-02 2.909902902146933520e-02 3.639176542345302218e-02
4.454365079000000449e+00 1.268784143029178316e-02 1.179462471571004686e-02 1.914378573115376597e-02 1.610763052215528901e-02
4.434611602500000416e+00 4.949080894178665806e-03 8.310895216895843735e-03 1.735965462518809441e-02 9.330761723285094927e-03
4.415032552499999596e+00 2.805725952329737871e-03 8.011371096941981990e-03 1.858508229924554084e-02 7.636100111278303244e-03
4.395625627999999452e+00 2.041855476833553083e-03 9.322680110449614588e-03 2.415232307068760839e-02 8.381323216752193869e-03
4.376388569499999548e+00 2.236470784530494773e-03 9.844492150809519213e-03 2.632709968252398836e-02 9.189734828353279816e-03
4.357319157000000054e+00 1.439307144667696138e-03 1.066241347912166328e-02 2.973395973802078415e-02 9.386225635300348563e-03
4.338415208000000689e+00 1.301192241946288368e-03 1.073372046379187511e-02 3.030839051226182773e-02 9.401089785959113390e-03
4.319674578499999917e+00 9.202269085791971301e-04 1.186307263596084356e-02 3.467874342837935775e-02 1.035757133152272018e-02
4.301095161000000111e+00 6.941826176713002854e-04 1.351537613853334360e-02 4.053172734857461712e-02 1.204461612030632671e-02
4.282674884000000404e+00 5.845190446402146259e-04 1.525025479734804131e-02 4.673151566792021344e-02 1.391576986305873530e-02
4.264411711499999313e+00 5.519356625669372216e-04 1.273968779187502863e-02 3.820206407846492985e-02 1.144498640763924775e-02
4.246303642500000031e+00 5.019403348420697431e-04 1.221017286177988881e-02 3.643434516535569434e-02 1.096895600850966886e-02
4.228348709500000524e+00 4.897980936648415641e-04 1.116404788024114546e-02 3.300304026909216953e-02 9.953982297378847349e-03
4.210544977499999675e+00 6.695059565119936690e-04 6.583016770561270735e-03 1.769438469450394444e-02 5.438181857415730694e-03
4.192890545000000024e+00 2.261377414210674185e-03 3.525369369139991563e-03 6.708927592901450972e-03 3.970812422796031471e-03
4.175383542499999656e+00 5.488676506889660078e-03 3.939697437472566670e-03 5.429509170313846257e-03 6.542133735833037186e-03
4.158022129999999095e+00 1.057795988261024146e-02 6.186918323934182014e-03 6.934202027789901010e-03 1.098226608751083633e-02
4.140804498999999694e+00 1.956452375542986483e-02 1.063121054494620826e-02 1.073255611185252104e-02 1.944492633441990276e-02
4.123728871000000851e+00 3.394279472014466448e-02 1.847317342870603840e-02 1.867069350162378280e-02 3.438783249675256976e-02
4.106793496499999918e+00 5.203517129809810682e-02 3.009167584008824725e-02 3.181197142072784284e-02 5.434397962081954914e-02
4.089996654500000162e+00 7.154839005178097178e-02 4.508911619337925558e-02 4.874030785996492227e-02 7.551181578154074481e-02
4.073336651500000016e+00 9.380436403619155095e-02 6.538104060943417117e-02 6.980223757566436649e-02 9.799239234061887793e-02
4.056811823000000317e+00 1.173305944572539949e-01 9.310010574786301007e-02 9.561010024454816292e-02 1.195301024335785750e-01
4.040420530500000496e+00 1.342521198338652300e-01 1.227222819315080538e-01 1.208105060687297005e-01 1.330295294903840464e-01
4.024161161000000320e+00 1.497625793757356161e-01 1.575599018561038289e-01 1.500138750913071195e-01 1.447252548916280745e-01
4.008032128500000013e+00 1.795264132045135963e-01 2.281244229029242565e-01 2.123591876824991453e-01 1.690212435505786814e-01
3.992031872500000134e+00 2.069075694754450578e-01 3.070379769351633259e-01 2.881765178050865184e-01 1.928576173759362911e-01
3.976158856499999672e+00 2.130439940435019941e-01 3.438925418880189877e-01 3.318381351234233057e-01 2.000389055235701485e-01
3.960411568999999687e+00 2.582095228956749478e-01 5.016844477415608461e-01 5.349160969684623179e-01 2.543254708044296875e-01
3.944788522000000075e+00 2.923231678530923139e-01 6.861572392349615246e-01 8.829229262040355630e-01 3.335327699868704809e-01
3.929288250499999968e+00 2.944653882839483039e-01 8.343889213412279959e-01 1.328754224986845367e+00 4.256412149335525585e-01
3.913909313499999598e+00 2.648985340258541155e-01 9.219338526998083205e-01 1.791852833446763604e+00 5.154894353221111114e-01
3.898650292000000128e+00 2.301773389739031617e-01 9.495383226610891736e-01 2.085715416998422889e+00 5.719240969633648808e-01
3.883509788000000018e+00 2.136537220549918625e-01 8.981799000056238658e-01 1.979255117444630008e+00 5.463122288087863820e-01
3.868486426500000075e+00 2.161612885343081880e-01 7.445360332895382127e-01 1.431302699956387370e+00 4.241474455899679752e-01
3.853578853500000179e+00 2.061276571809064484e-01 5.221410255129613764e-01 7.724099769909728019e-01 2.721882106351593000e-01
3.838785735500000129e+00 1.860268374683991810e-01 4.427138788701214800e-01 6.321107628029710712e-01 2.308495463236114043e-01
3.824105759000000049e+00 1.818717078210091431e-01 6.051601184898890429e-01 1.184678119855010037e+00 3.505913975370285041e-01
3.809537631000000424e+00 1.696624723781593180e-01 3.870466942156743362e-01 5.245719263702216528e-01 1.997368106045056824e-01
3.795080078499999843e+00 1.699722693781875460e-01 4.289586559028008561e-01 6.412269320680166196e-01 2.274118691590759356e-01
3.780731847000000201e+00 1.520731645692741940e-01 6.518934941749303658e-01 1.459779353029065918e+00 4.061288801391723102e-01
3.766491701000000081e+00 1.100636056107561073e-01 7.621863303121194644e-01 2.119214247681834973e+00 5.424490400943173807e-01
3.752358424000000081e+00 6.710014903534611275e-02 8.438906058730987203e-01 2.699916765303292721e+00 6.609298989634261323e-01
3.738330818000000111e+00 3.644547244329133379e-02 8.909995159750785376e-01 3.078498244420955654e+00 7.371497734924865597e-01
3.724407701500000112e+00 2.918447846159293729e-02 8.791222579658817260e-01 3.090230525308132137e+00 7.360483661570771385e-01
3.710587911500000224e+00 2.594279710864588057e-02 8.627167250214178296e-01 3.054966807744050161e+00 7.253401262848185871e-01
3.696870301999999775e+00 2.351952781084735988e-02 8.453052061902027736e-01 3.007937299434695344e+00 7.125294402707507135e-01
3.683253743999999941e+00 2.505776796229437428e-02 8.227557251611141709e-01 2.913060139969638751e+00 6.898841820510249745e-01
3.669737125500000197e+00 3.876430697325086022e-02 7.697015647283579343e-01 2.617352266335287059e+00 6.253676125556757448e-01
3.656319349499999927e+00 7.095822717792690804e-02 6.666533246350699882e-01 2.036391579692372389e+00 4.970223988302565066e-01
3.642999335999999921e+00 8.891485524800023243e-02 5.850958692610894740e-01 1.640456435353147446e+00 4.075718226243515985e-01
3.629776021000000075e+00 6.116946659799524233e-02 6.436099765674597739e-01 2.032506348930311013e+00 4.895603349498806600e-01
3.616648354500000107e+00 8.482673811492516536e-02 5.434836197572854299e-01 1.511056472627753111e+00 3.756448285091872896e-01
3.603615302500000173e+00 8.177119247920619505e-02 5.440339723638573100e-01 1.514094496790942435e+00 3.763626011651137748e-01
3.590675846499999935e+00 6.230768346710336553e-02 5.801689585611471411e-01 1.764652656827184973e+00 4.288700023024579200e-01
3.577828980999999686e+00 4.227765040400834062e-02 6.265179615636098376e-01 2.065574867516436264e+00 4.916502107849922698e-01
3.565073715999999671e+00 3.589845729834183902e-02 6.282572314453586104e-01 2.109866089329770933e+00 4.999233547840045144e-01
3.552409075999999999e+00 2.506125877925691539e-02 6.364263054042450518e-01 2.220680673985648834e+00 5.210059133858808700e-01
3.539834098000000040e+00 1.759860622656618870e-02 6.377657459630851067e-01 2.286885495992236450e+00 5.319944521498877199e-01
3.527347833000000321e+00 1.415067395056830886e-02 6.305487832314956576e-01 2.290172440358912098e+00 5.299764599010222677e-01
3.514949345499999822e+00 1.217930932117856566e-02 6.202811361540973012e-01 2.270603891634357385e+00 5.232822934040853857e-01
3.502637713500000416e+00 1.129811898623828831e-02 6.076128310801504062e-01 2.232099277093937850e+00 5.130553594561741981e-01
3.490412027000000528e+00 1.072659193410465013e-02 5.945386815708825212e-01 2.189092917788858284e+00 5.020097192425359012e-01
3.478271389500000144e+00 1.029360982850813580e-02 5.813260627204511755e-01 2.144130373952420676e+00 4.906997614741373526e-01
3.466214917000000284e+00 9.937605517626511495e-03 5.681984640517833141e-01 2.098653458677973038e+00 4.793791173815040718e-01
3.454241737000000256e+00 9.610354236452699206e-03 5.552853625152014416e-01 2.053643800128731822e+00 4.682265496122650639e-01
3.442350989499999958e+00 9.320107725976819676e-03 5.425736897607899012e-01 2.009040824006866899e+00 4.572156287217543635e-01
3.430541825499999753e+00 8.930575260205715973e-03 5.304141232040617826e-01 1.967282328572535377e+00 4.468435364712144420e-01
3.418813408500000151e+00 8.635668687417635825e-03 5.182834877631310455e-01 1.924749851146464019e+00 4.363807289620202368e-01
3.407164913499999948e+00 8.330676953630928097e-03 5.064660417192603514e-01 1.883442388774233534e+00 4.262210220240004177e-01
3.395595526000000142e+00 8.153751861247624314e-03 4.946031184853206808e-01 1.840850686194670960e+00 4.158503549534947608e-01
3.384104443000000018e+00 8.129974626238002308e-03 4.826564849032603521e-01 1.796754666645475895e+00 4.051988160057312660e-01
3.372690872499999770e+00 8.538653270496281839e-03 4.697761984969749394e-01 1.745640498023134146e+00 3.931507156069685704e-01
3.361354032499999978e+00 8.738018622439834224e-03 4.568290701908562235e-01 1.696087005041395646e+00 3.814325280444663679e-01
3.350093151499999866e+00 1.093846055244811731e-02 4.366810914571795932e-01 1.604948188496092554e+00 3.608660374955583450e-01
3.338907469000000017e+00 8.689513108784133882e-03 4.341695434658849329e-01 1.612578318994093651e+00 3.613750988876203163e-01
3.327796234500000061e+00 7.250795023540413525e-03 4.282633164206338661e-01 1.601274854086232269e+00 3.579421861437384056e-01
3.316758706999999973e+00 6.488542213930747170e-03 4.196777510142491452e-01 1.575368521140170674e+00 3.513816019787925904e-01
3.305794155500000109e+00 6.099060100537229481e-03 4.104241608882540637e-01 1.543982175240555144e+00 3.437095430807508567e-01
3.294901858499999836e+00 5.906949786293877111e-03 4.007441786259606231e-01 1.509183541032367293e+00 3.354045729446620272e-01
3.284081104499999793e+00 5.846298060531410386e-03 3.907945943046694515e-01 1.471801044657813584e+00 3.266755377574062646e-01
3.273331190499999543e+00 5.796028681743075131e-03 3.810454502428622381e-01 1.435109995121684801e+00 3.181267959695250891e-01
3.262651422999999884e+00 5.626941504650343970e-03 3.719132452881748763e-01 1.402106518025026949e+00 3.103236179474715417e-01
3.252041118500000216e+00 5.500817430928277296e-03 3.627714356145406716e-01 1.368417853709502641e+00 3.024717480666701541e-01
3.241499601000000119e+00 7.117801483171089932e-03 3.464948209535235746e-01 1.287320363285684444e+00 2.861376424829574217e-01
3.231026203499999916e+00 1.072571106422666627e-02 3.232722694700502775e-01 1.163831218389620670e+00 2.606613101045335834e-01
3.220620268000000230e+00 1.276818072370181946e-02 3.059248145890882675e-01 1.080938406708888522e+00 2.425543379061610438e-01
3.210281144500000128e+00 1.002920731072721311e-02 3.077103349750701100e-01 1.111580954939028754e+00 2.480545907415630802e-01
3.200008192000000307e+00 1.303318143949147405e-02 2.868047993681144825e-01 1.001854223134609922e+00 2.254091780016949931e-01
3.189800777500000351e+00 1.896499237854237796e-02 2.540456533843724052e-01 8.255844937080986101e-01 1.881631099837912380e-01
3.179658275499999576e+00 2.458512462977552673e-02 2.167017000909667035e-01 6.399874899552403518e-01 1.483498485980808135e-01
3.169580068500000181e+00 2.717191169115696150e-02 1.930062357894536951e-01 5.337952383843422854e-01 1.244555736834797866e-01
3.159565547000000141e+00 2.505722868818588758e-02 1.886782351274766401e-01 5.404393082098821743e-01 1.241968009679126766e-01
3.149614109999999911e+00 1.730819745612141580e-02 2.248803356845109069e-01 7.349642041669098846e-01 1.650303158215153387e-01
3.139725163000000485e+00 1.567018522799078217e-02 2.219075185193834232e-01 7.438682673096344011e-01 1.649873619194364982e-01
3.129898118999999923e+00 2.202770087195728838e-02 1.774522274741491268e-01 5.242162290288933102e-01 1.180933757350384056e-01
3.120132399000000056e+00 2.360232925258129791e-02 1.674297933549542816e-01 4.695885354743770113e-01 1.065009949963189179e-01
3.110427430000000104e+00 1.862820331058141418e-02 1.886348642002908249e-01 5.859150636434103943e-01 1.308849577314681878e-01
3.100782646999999947e+00 1.155396527394611690e-02 2.142964411510186462e-01 7.398970662528197018e-01 1.633215906632522474e-01
3.091197492500000088e+00 7.285443742550753478e-03 2.265131705433650888e-01 8.231106511755588162e-01 1.804801301220034793e-01
3.081671415000000191e+00 7.211415389683782304e-03 2.204326193728971262e-01 8.028994484650560093e-01 1.753297086329829446e-01
3.072203870000000059e+00 9.391536827812517127e-03 2.028657433321758297e-01 7.157560467427516171e-01 1.569727542023783562e-01
3.062794319500000029e+00 9.387639359854474050e-03 1.959189563088112873e-01 6.895320488460966457e-01 1.509739755879791478e-01
3.053442232000000089e+00 1.385510071802910879e-02 1.564064451005069134e-01 4.920499650775667644e-01 1.119300323857918833e-01
3.044147082999999920e+00 1.479437312744792329e-02 1.513850514569068939e-01 4.592278935155792996e-01 1.051998775508897616e-01
3.034908353999999697e+00 1.952824129371391951e-02 1.080216985408892216e-01 2.548045299650936180e-01 6.240533579743070408e-02
3.025725533000000134e+00 1.953793550412463026e-02 7.071202465065178078e-02 1.236085743168981871e-01 3.417741506491297349e-02
3.016598114499999816e+00 1.870059512183223915e-02 5.825191387522746927e-02 8.661670193485729308e-02 2.528489525021520440e-02
3.007525597999999967e+00 1.784645712166334566e-02 6.332064761765159033e-02 1.103215836075788214e-01 3.001176505304612926e-02
2.998507489499999679e+00 1.310113496712756419e-02 1.208107641493902651e-01 3.592978410776677123e-01 8.120339414814338463e-02
2.989543301499999917e+00 1.460412298140217023e-02 4.985103106138131374e-02 8.712353408866641002e-02 2.378865365616225636e-02
2.980632551500000282e+00 1.071457555073681081e-02 2.248464280376925167e-02 2.306423123194678224e-02 1.017768044335591766e-02
2.971774762999999986e+00 1.193586404129955668e-02 2.740453166303532737e-02 2.904167172545122841e-02 1.165712174947240720e-02
2.962969466000000107e+00 1.558209970591344432e-02 4.485092205483033612e-02 5.762392606755273317e-02 1.882008727166935985e-02
2.954216194499999837e+00 1.506450629275640080e-02 8.382772115284579939e-02 1.868610997526321538e-01 4.734744673514294094e-02
2.945514489000000236e+00 9.670353687840901880e-03 1.161107625500497897e-01 3.567297698611990309e-01 8.286978046152682076e-02
2.936863895500000154e+00 9.910855791247187227e-03 1.089370041446660886e-01 3.267534355088574372e-01 7.643668069079095906e-02
2.928263964000000108e+00 1.245454329674381203e-02 8.737676492049896437e-02 2.176037794608690346e-01 5.400786957241764108e-02
2.919714251500000302e+00 1.447901096895054182e-02 7.124487260664637278e-02 1.365309094426047920e-01 3.715596166010051021e-02
2.911214319499999981e+00 1.428288304204047496e-02 4.884022093145054533e-02 6.925153405331206657e-02 2.135520111337763094e-02
2.902763734499999693e+00 1.083976799108841982e-02 2.591138478427358963e-02 2.735760887399076025e-02 1.103572176090000106e-02
2.894362067499999913e+00 6.838051150736964949e-03 1.206565306279343275e-02 1.125295464589828008e-02 6.329022004097227885e-03
2.886008894999999796e+00 3.825647773801948461e-03 5.158850623797114204e-03 4.810339346381194842e-03 3.629071824323856343e-03
2.877703798999999840e+00 1.807628157507613431e-03 1.500144187893033510e-03 1.533955198017601922e-03 1.853457037650897785e-03
2.869446365499999985e+00 1.291643562098689080e-03 9.328576733224840751e-04 1.004521784661699304e-03 1.361518564812784797e-03
2.861236185000000098e+00 9.236113080834090078e-04 5.971877027847888059e-04 6.692608201771421033e-04 9.922715120226849664e-04
