# wl [um], spectra (phi=0), spectra (phi=90), spectra (phi=180), spectra (phi=270)
5.500000000000000000e+03 7.610929936344841366e-08 7.400143017255362138e-08 7.736685158349751472e-08 7.842167743331256053e-08
7.500000000000000000e+02 8.905848070630153996e-06 8.818619108471019785e-06 8.922783196793785879e-06 8.974470845412334176e-06
4.166666666500000247e+02 7.099252277680333332e-05 7.029023616038618846e-05 7.103126438736588697e-05 7.143703246421314885e-05
2.916666666500000247e+02 2.495241149072688585e-04 2.481570678383827411e-04 2.488623612060544095e-04 2.496157671767361072e-04
2.250000000000000000e+02 6.770975444484428037e-04 6.727294053730178709e-04 6.758592493180848489e-04 6.780704948989485547e-04
1.833333333500000037e+02 1.401336943703876100e-03 1.395197971067393310e-03 1.395343254876112464e-03 1.398990013298653324e-03
1.547619047999999964e+02 2.692679738555747715e-03 2.679779264953565353e-03 2.682998326695721063e-03 2.689580889132139017e-03
1.339285714499999926e+02 4.466190605407488121e-03 4.449654004987094874e-03 4.440678897967736613e-03 4.451321370964644690e-03
1.180555555500000082e+02 7.195707016403525211e-03 7.166727878004105524e-03 7.157912634672880005e-03 7.174742582014420611e-03
1.055555555500000082e+02 1.071588697983520168e-02 1.067605530419153161e-02 1.064975495663281549e-02 1.067510886471331223e-02
9.545454545499998744e+01 1.546814981559909916e-02 1.540806633365284992e-02 1.537906587951187558e-02 1.541660847937909723e-02
8.712121211999999559e+01 2.231036443967794602e-02 2.219734106484788291e-02 2.222789666908377149e-02 2.228141801552086659e-02
8.012820512499999381e+01 2.883529040424351667e-02 2.872453089022882280e-02 2.866259530402167147e-02 2.873207038532848978e-02
7.417582417500000247e+01 3.811617708290068046e-02 3.796869101569759486e-02 3.793770024695957560e-02 3.802236741182986324e-02
6.904761905000000866e+01 4.985201622373731933e-02 4.964122181153538677e-02 4.967763336610892672e-02 4.977891207199369727e-02
6.458333333499999185e+01 6.093597028430938062e-02 6.072144819894219336e-02 6.062059609261350596e-02 6.075226589531250443e-02
6.066176470499999596e+01 7.962528531707629975e-02 7.927009897157465124e-02 7.946659188122182083e-02 7.960057134168921356e-02
5.718954248500000404e+01 9.206581285637484291e-02 9.172976431800340669e-02 9.155907856705175485e-02 9.175721293448572957e-02
5.409356725499999641e+01 1.168335132292081108e-01 1.162686880746759410e-01 1.166843581353489701e-01 1.169029613130956324e-01
5.131578947500000254e+01 1.409740362206115816e-01 1.402594734634953211e-01 1.409626090443746593e-01 1.412101010544609125e-01
4.880952381000000173e+01 1.540209472908341537e-01 1.534371298044153176e-01 1.531688990618738921e-01 1.535098575701721035e-01
4.653679653500000057e+01 1.933764068851964446e-01 1.923620821700272321e-01 1.933967478568070497e-01 1.937500582538274341e-01
4.446640315999999871e+01 2.088685136153755340e-01 2.081014354537037703e-01 2.077869566983772953e-01 2.081826216880721392e-01
4.257246376999999882e+01 2.711702136304903199e-01 2.692674432447307309e-01 2.719647094165456580e-01 2.726233492662958890e-01
4.083333333499999895e+01 2.867911481876466162e-01 2.853620031864382844e-01 2.862968064490921116e-01 2.868545450040377864e-01
3.923076922999999994e+01 3.278027898443203192e-01 3.262416521199734687e-01 3.277068260331590377e-01 3.281892007485737728e-01
3.774928775000000059e+01 3.963839345414406634e-01 3.934865788000121989e-01 3.976525592319977709e-01 3.986568969209503543e-01
3.637566137499999996e+01 4.188637926198607864e-01 4.164442288855395580e-01 4.189229693156139023e-01 4.197856606411813352e-01
3.509852216500000566e+01 4.556149468257384427e-01 4.533891818577401311e-01 4.552709408728953244e-01 4.559594225963353176e-01
3.390804597500000739e+01 5.524903961213508685e-01 5.480842798502789659e-01 5.545457805318173561e-01 5.561352482702359712e-01
3.279569892499999639e+01 5.751534322523518261e-01 5.713970157866934407e-01 5.758121554333022196e-01 5.771372098241701609e-01
3.175403225999999890e+01 6.830786312419588890e-01 6.762604930095509337e-01 6.861276932274028573e-01 6.891612822938958383e-01
3.077651515000000160e+01 6.772227347122218299e-01 6.728715413348153040e-01 6.778348745473189441e-01 6.792650460605164087e-01
2.985739750500000156e+01 7.944702787525871335e-01 7.865439989049726188e-01 7.974181181657826745e-01 8.008358203516841023e-01
2.899159663999999736e+01 8.529585290858955338e-01 8.444995881196709631e-01 8.559060376956596494e-01 8.596603722372616607e-01
2.817460317500000144e+01 8.632811281470997855e-01 8.568524613212474828e-01 8.642419981665152573e-01 8.665467290287865998e-01
2.740240240500000013e+01 1.081718282652101903e+00 1.065271012367873915e+00 1.092175056868686767e+00 1.102318764907654680e+00
2.667140824999999893e+01 1.080750908561260326e+00 1.067727583989378726e+00 1.086203779302541195e+00 1.092946024981754416e+00
2.597840755500000398e+01 1.211229482789084599e+00 1.192487219806089849e+00 1.222572337242409768e+00 1.234115220464124363e+00
2.532051282000000114e+01 1.229307209669550316e+00 1.212789969571925752e+00 1.236927497005109178e+00 1.246206887731033497e+00
2.469512195000000077e+01 1.465724529659652831e+00 1.433069180853721925e+00 1.491788465023202503e+00 1.514227230673463653e+00
2.409988385500000163e+01 1.461019981228022679e+00 1.433213835228399624e+00 1.480556322725271157e+00 1.498614444828366254e+00
2.353266887999999923e+01 1.571708272366021841e+00 1.542094590762585371e+00 1.590956975808221374e+00 1.609501961937346737e+00
2.299154333999999977e+01 1.729654362386716659e+00 1.689189954109761249e+00 1.761253198020184429e+00 1.788545566707525403e+00
2.247474747500000092e+01 1.774977338732478094e+00 1.736178126857041537e+00 1.802955980768732536e+00 1.828244288996796030e+00
2.198067632500000101e+01 1.822475329475939265e+00 1.786692922861272903e+00 1.846273192841882294e+00 1.868970347173488866e+00
2.150786308500000032e+01 2.044990147730079144e+00 1.991509147842756677e+00 2.089636264155435796e+00 2.125495647406159261e+00
2.105496453499999987e+01 2.086623099593033714e+00 2.031688857764975431e+00 2.131605959118445526e+00 2.166679040502740072e+00
2.062074830000000247e+01 2.233574495784657721e+00 2.170139312243810181e+00 2.288035152534415584e+00 2.328891739209055789e+00
2.020408163500000143e+01 2.392103349316833771e+00 2.309540061130764599e+00 2.464898454504761194e+00 2.516582945961538531e+00
1.980392156999999997e+01 2.376777569776824972e+00 2.316132657619595303e+00 2.427147533954760128e+00 2.465986196233528549e+00
1.941930618499999994e+01 2.473469006558462802e+00 2.406651136763825694e+00 2.529551172287931138e+00 2.571546312343434781e+00
1.904934688000000165e+01 2.671810671315214769e+00 2.582125782378589918e+00 2.751656352646224324e+00 2.807984617333383781e+00
1.869322152499999845e+01 2.840260660974927021e+00 2.722224436198572128e+00 2.945265569214787771e+00 3.015096052032617546e+00
1.835016835000000057e+01 2.832255567348643144e+00 2.737402214635308528e+00 2.915666246325927524e+00 2.973709849272753392e+00
1.801948052000000189e+01 3.039762270963596080e+00 2.908856142694266289e+00 3.156467953953234762e+00 3.232106781984850130e+00
1.770050125499999893e+01 3.051214739428301126e+00 2.935878775771981974e+00 3.153109277927017118e+00 3.220473346048014385e+00
1.739261948000000046e+01 3.230693108934116431e+00 3.100877458794588204e+00 3.348182205274444989e+00 3.425659552663173457e+00
1.709526592499999964e+01 3.317328907711984076e+00 3.175097374452364729e+00 3.445357505241039675e+00 3.525540423287399694e+00
1.680790960499999898e+01 3.368442730613756986e+00 3.233319123972506315e+00 3.490071881552483379e+00 3.567668047966752631e+00
1.653005464499999988e+01 3.600880728436200773e+00 3.416322012659299912e+00 3.770635056556457254e+00 3.860587518785937533e+00
1.626123743999999860e+01 3.609956008842608366e+00 3.449300544043457872e+00 3.761461197272956358e+00 3.843518798769791189e+00
1.600102406499999930e+01 3.745748472772867377e+00 3.565951407245071980e+00 3.913583163857102143e+00 4.002400323269310611e+00
1.574900793500000162e+01 3.716863926737643542e+00 3.564634779244924889e+00 3.859332261085238969e+00 3.937522124520274502e+00
1.550480768999999981e+01 3.779924568519264394e+00 3.622060419903091244e+00 3.936470736087130717e+00 3.997585977729708695e+00
1.526806526500000061e+01 3.758406333971401114e+00 3.613060057462235797e+00 3.897439979329632820e+00 3.944999288993514153e+00
1.503844413999999929e+01 3.446766475298776555e+00 3.346480012891815292e+00 3.567960607902252779e+00 3.578080571825244860e+00
1.481562774000000005e+01 3.897197318690103440e+00 3.746500649594202592e+00 4.037270007190151944e+00 4.087432094332933197e+00
1.459931798500000077e+01 4.023749641202714500e+00 3.858874128008971560e+00 4.195730701731971379e+00 4.243988845454605752e+00
1.438923395499999991e+01 4.182784496685782116e+00 3.998986823627893372e+00 4.371724184914594247e+00 4.445496214004312385e+00
1.418511066499999984e+01 4.407037997442933452e+00 4.178834873466318101e+00 4.658331823869956700e+00 4.738213151571261328e+00
1.398669796500000118e+01 4.594528127624660563e+00 4.328965903508155577e+00 4.923749563854314282e+00 4.980565617135490619e+00
1.379375951499999964e+01 4.648132481186041609e+00 4.381439656853290288e+00 5.005627137740360055e+00 5.042949339558788324e+00
1.360607182500000079e+01 4.749088509232588962e+00 4.467767681825068671e+00 5.132626449024520809e+00 5.168591811050874618e+00
1.342342342000000066e+01 4.762737452918996084e+00 4.485117045950658188e+00 5.099709383549594577e+00 5.173197650284625304e+00
1.324561403500000090e+01 4.874380289567237234e+00 4.580900258497549338e+00 5.283742902356316939e+00 5.318504435884175763e+00
1.307245386499999995e+01 4.961279380224643099e+00 4.660553251704492084e+00 5.430400090513936462e+00 5.431693044258500969e+00
1.290376290500000067e+01 4.985068157084077356e+00 4.684107080141162172e+00 5.426535645200432079e+00 5.451552296534888598e+00
1.273937033500000027e+01 5.051295602297439125e+00 4.745238204290236794e+00 5.541077532218640300e+00 5.536468046132677401e+00
1.257911392499999970e+01 5.037369837319075394e+00 4.737993459103304161e+00 5.462768958285892928e+00 5.505730224488317504e+00
1.242283950499999889e+01 5.145531967429644027e+00 4.834266541240950232e+00 5.659169905159102676e+00 5.652227497072574103e+00
1.227040047999999928e+01 5.200396646100055698e+00 4.889298298689619848e+00 5.774800188880393925e+00 5.728330005099090627e+00
1.212165736000000038e+01 5.235668213372258961e+00 4.921760080330630061e+00 5.829249785368295633e+00 5.774758691270662325e+00
1.197647733499999845e+01 5.274796634440812149e+00 4.960082854386634210e+00 5.906669304664934117e+00 5.828761009031025786e+00
1.183473388999999898e+01 5.300251238040330826e+00 4.980830221484014331e+00 5.929732851295023366e+00 5.859806980183596359e+00
1.169630642999999992e+01 5.314802064194053877e+00 4.993525028272623345e+00 5.919893956413075031e+00 5.873898624601545215e+00
1.156107992500000137e+01 5.362197342814376100e+00 5.045204693626933690e+00 6.055636468405930728e+00 5.949658235442656817e+00
1.142894461499999892e+01 5.374250684107005682e+00 5.055471323163657438e+00 6.067115046182011362e+00 5.965464048975867684e+00
1.129979570999999972e+01 5.387941554641231257e+00 5.065065894579786843e+00 6.077613330021462978e+00 5.983598243335367606e+00
1.117353308499999898e+01 5.412096157746013603e+00 5.096418103966253277e+00 6.174435036529608567e+00 6.030343295738361142e+00
1.105006105000000005e+01 5.415537731437116697e+00 5.098971350239382083e+00 6.172210002425633668e+00 6.036156223905014606e+00
1.092928810499999948e+01 5.428117271740429572e+00 5.115318677557117333e+00 6.229548301167890045e+00 6.064607849913675963e+00
1.081112669500000045e+01 5.422004604920024562e+00 5.106932795698095440e+00 6.209057155217775126e+00 6.057835785240318849e+00
1.069549302000000068e+01 5.423324076117912895e+00 5.122407689271491371e+00 6.292268415556113048e+00 6.082168460234221641e+00
1.058230683000000028e+01 5.415594379089976762e+00 5.110030370866600613e+00 6.258359559896610413e+00 6.070584219127533210e+00
1.047149122999999982e+01 5.410398891530999954e+00 5.109119901510518424e+00 6.281388921666237302e+00 6.075943578465079042e+00
1.036297250999999875e+01 5.395008089310089794e+00 5.104046702957451664e+00 6.315886154517409423e+00 6.075531436206747848e+00
1.025667998999999853e+01 5.380148775555087859e+00 5.078035936482064194e+00 6.253321515929798124e+00 6.051352592951944054e+00
1.015254586500000045e+01 5.353187447947329147e+00 5.071872300575697601e+00 6.320639164387969799e+00 6.049642433332248714e+00
1.005050504999999994e+01 5.329948325706815204e+00 5.050930008861158171e+00 6.308298573909723039e+00 6.032144112917734446e+00
9.950495049499998856e+00 5.307030046338073959e+00 5.026273005871325417e+00 6.282959626045961699e+00 6.011866171408004611e+00
9.852455834000000578e+00 5.272979661984563471e+00 4.979917778461899758e+00 6.198890447865424314e+00 5.966458946016298448e+00
9.756329716499999805e+00 5.239825869054923757e+00 4.958138441554780229e+00 6.224275033765508169e+00 5.951623036539485767e+00
9.662061239499999843e+00 5.209061488586645972e+00 4.931930102999023013e+00 6.222557260253486433e+00 5.930730521628698959e+00
9.569597069500000330e+00 5.170416207039249201e+00 4.899535697930040179e+00 6.209936315701183318e+00 5.900653492790269183e+00
9.478885894000001144e+00 5.139927271376466322e+00 4.865299760334269585e+00 6.167542366590385683e+00 5.869225242820603761e+00
9.389878328500000038e+00 5.095327789244537442e+00 4.815028734454505965e+00 6.073883421634515223e+00 5.810603993487108987e+00
9.302526825999999360e+00 5.062446339211880364e+00 4.789875514388990396e+00 6.089088026583120872e+00 5.791312516587217019e+00
9.216785592999999110e+00 5.019884986272289851e+00 4.759949804416311103e+00 6.105595433418562479e+00 5.765672624108348465e+00
9.132610508999999155e+00 4.977470602580320147e+00 4.707391689306737348e+00 6.000240266139954315e+00 5.706009477456572831e+00
9.049959050000000005e+00 4.936395123192566459e+00 4.656234262966113313e+00 5.906197491211772288e+00 5.649493110523317263e+00
8.968790219000000619e+00 4.892284414658886860e+00 4.623235560008332357e+00 5.914933560584702654e+00 5.620728506348084075e+00
8.889064475499999674e+00 4.838200475189391447e+00 4.575498565156903119e+00 5.864122720500426489e+00 5.565815767417206850e+00
8.810743673499999318e+00 4.780377369447790237e+00 4.498163810122915329e+00 5.674094515202153133e+00 5.465951765345600677e+00
8.733790999500000041e+00 4.755265031948321841e+00 4.495467590441010408e+00 5.794104016323549544e+00 5.485964066962127461e+00
8.658170914500001203e+00 4.711610882785739030e+00 4.443507056168573222e+00 5.708359952754323174e+00 5.430961249581194750e+00
8.583849101000000203e+00 4.644411312075395593e+00 4.374435467316239112e+00 5.595169581097417577e+00 5.346876679389201747e+00
8.510792409000000447e+00 4.571582198252167828e+00 4.283009195584194906e+00 5.381442226618657898e+00 5.227289966503377627e+00
8.438968808000000266e+00 4.538251239656045044e+00 4.252202263715944675e+00 5.383869446575897832e+00 5.206189792453012721e+00
8.368347338999999607e+00 4.498324865748801749e+00 4.213385854938558772e+00 5.356096111313065400e+00 5.170440795075670337e+00
8.298898071500000029e+00 4.477369801036707564e+00 4.205219754237725205e+00 5.442923613574605746e+00 5.184278244240420719e+00
8.230592060500001139e+00 4.318764360918201817e+00 4.018486603830725201e+00 4.933411655724982303e+00 4.903006578909722357e+00
8.163401306000000801e+00 4.298122128841179723e+00 3.996520341664803855e+00 4.960197309301671353e+00 4.902103733601034463e+00
8.097298715000000868e+00 4.302761927632625216e+00 4.024700183926801067e+00 5.172471366015423122e+00 4.974051090037101552e+00
8.032258064499998795e+00 4.190620678737333904e+00 3.889614822072860356e+00 4.827540905931257065e+00 4.782257495867212604e+00
7.968253968500000006e+00 4.148792168894630983e+00 3.838763011801080705e+00 4.722974636887294686e+00 4.728312976337126550e+00
7.905261842499999858e+00 3.764772499134559691e+00 3.509078472842386720e+00 4.087835556662050784e+00 4.198600463646604553e+00
7.843257874000000740e+00 3.871043538328707179e+00 3.594151605191064025e+00 4.342487727631048067e+00 4.372332017704375851e+00
7.782218991999999780e+00 3.741872081369258307e+00 3.472828637507062055e+00 4.105598319175144617e+00 4.205200054740725335e+00
7.722122837999999767e+00 3.873175290221090528e+00 3.566391175782984924e+00 4.336516915776128300e+00 4.402022531565437546e+00
7.662947738999999814e+00 3.767676125214521665e+00 3.477900840491289003e+00 4.216122995567768150e+00 4.278755516868455011e+00
7.604672681000000267e+00 2.966268710425940647e+00 2.822623294795738591e+00 3.131757011726697293e+00 3.220014550274054699e+00
7.547277283999999753e+00 3.389673046819138502e+00 3.159619429937257529e+00 3.663785164164127917e+00 3.790581102177188022e+00
7.490741779500000419e+00 2.988168817189914339e+00 2.816219805372913942e+00 3.188051322198295789e+00 3.285926587650084940e+00
7.435046986999999774e+00 3.022792361373408898e+00 2.846178805780507304e+00 3.229597388225415866e+00 3.338520193309050921e+00
7.380174291499999484e+00 3.064051921597159556e+00 2.889658110763102083e+00 3.270852746452905357e+00 3.384306194622739294e+00
7.326105624500000246e+00 2.401663647874660690e+00 2.311426826037315863e+00 2.505730407334611165e+00 2.562428737850003024e+00
7.272823442500000013e+00 2.281617704110900480e+00 2.202583197713539942e+00 2.373354256965776177e+00 2.421778421734614550e+00
7.220310708000000410e+00 2.444504386564531284e+00 2.344424321455620408e+00 2.564012349683583825e+00 2.629493326334827241e+00
7.168550873500000087e+00 1.840829714418154683e+00 1.791493082871182585e+00 1.892887107347207554e+00 1.915437824778525089e+00
7.117527862499999358e+00 2.265487440594379454e+00 2.185597768854015577e+00 2.359837141639088198e+00 2.409806416158191134e+00
7.067226051500000494e+00 1.884942948023357934e+00 1.826261334801262182e+00 1.951166804555169554e+00 1.984352960121409604e+00
7.017630257000000427e+00 1.833284593800151407e+00 1.781022552144825077e+00 1.890041018170874665e+00 1.913874623435552591e+00
6.968725718499999999e+00 1.603556023147437504e+00 1.563063528578840344e+00 1.644272898564478558e+00 1.658384981315341511e+00
6.920498084000000105e+00 1.938556109873273758e+00 1.876611994534048700e+00 2.011081847423078717e+00 2.045570249793663642e+00
6.872933396000000528e+00 1.256744532469607156e+00 1.231282582119449298e+00 1.280054653786946606e+00 1.286459833464756342e+00
6.826018078000000600e+00 1.519376009155278595e+00 1.480613197495316946e+00 1.559217055666171969e+00 1.570368322198377742e+00
6.779738922499999987e+00 1.265466111165256535e+00 1.238034677634161529e+00 1.291476901429831514e+00 1.298612303268540602e+00
6.734083076499999265e+00 1.354587479674680184e+00 1.321872159056958207e+00 1.389139260968841105e+00 1.399224765343062948e+00
6.689038031499999981e+00 1.100484835040653309e+00 1.080343479025284825e+00 1.119860965258292262e+00 1.121417009602829751e+00
6.644591611500000106e+00 9.087305565163251719e-01 8.952822508447260130e-01 9.165427257297377173e-01 9.164271703801660784e-01
6.600731961999999342e+00 9.919910707860147836e-01 9.758286784883437592e-01 1.007904531441507601e+00 1.007849280342074660e+00
6.557447540000000075e+00 8.193422842738238288e-01 8.093564265661264967e-01 8.250092838270277618e-01 8.233575419090741754e-01
6.514727103000000241e+00 8.558369260446345717e-01 8.430733494463267252e-01 8.651064829391617028e-01 8.645340149340490221e-01
6.472559698499999570e+00 8.406267953673650650e-01 8.275364535559396328e-01 8.497658153721672214e-01 8.498176024611096002e-01
6.430934656499999846e+00 7.552023674695887978e-01 7.449569423237021315e-01 7.604038501738862310e-01 7.595356314980303836e-01
6.389841581000000659e+00 8.548151272707311676e-01 8.400651333093871465e-01 8.684423048190402783e-01 8.682000985808531190e-01
6.349270338000000180e+00 8.962663951932301476e-01 8.792722148847993413e-01 9.139164781540347615e-01 9.143532621204535360e-01
6.309211050000000043e+00 1.417102466724405430e+00 1.371047745175112631e+00 1.473257209711608340e+00 1.495472614093226182e+00
6.269654088000000236e+00 1.303123371622895377e+00 1.262064028026820051e+00 1.353220914212664994e+00 1.372563031202856942e+00
6.230590062000000096e+00 1.109487432405257268e+00 1.078405906841952255e+00 1.145963596988557542e+00 1.157455519935919996e+00
6.192009815000000472e+00 9.311296165663951463e-01 9.087524248129966731e-01 9.559097002683799582e-01 9.603802039038491500e-01
6.153904415500000447e+00 7.960075164426276828e-01 7.800918253382093104e-01 8.132496969297507983e-01 8.139914665788490211e-01
6.116265150500000303e+00 7.643901569779838479e-01 7.484358253928233840e-01 7.800672464446702925e-01 7.817391332400336346e-01
6.079083518499999172e+00 6.920557391252351032e-01 6.795701197053970466e-01 7.045133139526915667e-01 7.045699924405020020e-01
6.042351223499999868e+00 6.429297608278182752e-01 6.312108744028919194e-01 6.527998692042565887e-01 6.531839983056374477e-01
6.006060168999999505e+00 7.057999482248611400e-01 6.910844312694410796e-01 7.209224181013492716e-01 7.220656231247262191e-01
5.970202452000000548e+00 6.475045293340757624e-01 6.358558563819934895e-01 6.604556426391640089e-01 6.599078492653874806e-01
5.934770357499999704e+00 5.480753247466976230e-01 5.403170020286793829e-01 5.550457348892197107e-01 5.535265563543413370e-01
5.899756351999999815e+00 5.559745181491650978e-01 5.469512037704840068e-01 5.647373221099261098e-01 5.639500979194930208e-01
5.865153078500000561e+00 5.544746080532817478e-01 5.449076118575366667e-01 5.635172438251692117e-01 5.631328538088596902e-01
5.830953351999999867e+00 5.499630915595925540e-01 5.403215041415438957e-01 5.595571949023941949e-01 5.595046725819396993e-01
5.797150154500000596e+00 8.442216243358725558e-01 8.191472022658016217e-01 8.738850623910496829e-01 8.825366101661209495e-01
5.763736629000000278e+00 5.140809160161482483e-01 5.049714959981825846e-01 5.228005446509171872e-01 5.223794762832124627e-01
5.730706075499999663e+00 5.454075958777944155e-01 5.350455625879585453e-01 5.569687049212136420e-01 5.568369886177650940e-01
5.698051947999999811e+00 7.030634569665445976e-01 6.836498873201770632e-01 7.255012337339965534e-01 7.316847960807156825e-01
5.665767847999999773e+00 7.008702964088988629e-01 6.810330527736586648e-01 7.246372669470046990e-01 7.313247349716056611e-01
5.633847520999999858e+00 5.779999511577385007e-01 5.637669165129377546e-01 5.944574593750907576e-01 5.980093496648472007e-01
5.602284853499999606e+00 7.753712909894225902e-01 7.498424828468390757e-01 8.090351712789098926e-01 8.222463362786358587e-01
5.571073867499999110e+00 5.404698737830938571e-01 5.275164305954392896e-01 5.556064977693074836e-01 5.583561990955592247e-01
5.540208717000000505e+00 7.947107036188909568e-01 7.661121054791369955e-01 8.338284195040374103e-01 8.506501211008802299e-01
5.509683686499999844e+00 9.026510525462463352e-01 8.589799293120613521e-01 9.641368435618768995e-01 9.946537765101928219e-01
5.479493184499999003e+00 6.823527833973682677e-01 6.583726140874346378e-01 7.152518404854297795e-01 7.284122436979491022e-01
5.449631741499999293e+00 7.579490924681995256e-01 7.288334371694128455e-01 8.001389270127124975e-01 8.191025270995478946e-01
5.420094006999999436e+00 6.305923082910230848e-01 6.089214797285553704e-01 6.602631905472029494e-01 6.723021163564079083e-01
5.390874745499999676e+00 9.674090745123271606e-01 9.070072151904484681e-01 1.052435684151326489e+00 1.094926216510193395e+00
5.361968834499999836e+00 6.991710709489923348e-01 6.652362142987831017e-01 7.469372242238967452e-01 7.694290818058339143e-01
5.333371259499999795e+00 9.274291838485496653e-01 8.649063398973890759e-01 1.013125318707635447e+00 1.054819404228656277e+00
5.305077113499999442e+00 8.468692331700859999e-01 7.900515190352637163e-01 9.244886082749081968e-01 9.610766833884328841e-01
5.277081593000000126e+00 8.380264793265871370e-01 7.841122163264773182e-01 9.127420667269025012e-01 9.478357261664183131e-01
5.249379994499999924e+00 8.284948900644018011e-01 7.696986392961717716e-01 9.085233229283060652e-01 9.452151949793317076e-01
5.221967713499999775e+00 7.300954975445729245e-01 6.881769566574984509e-01 7.894696297479547598e-01 8.178827017973727687e-01
5.194840241499999678e+00 8.014290674803357106e-01 7.407558543031758092e-01 8.849687044121905544e-01 9.193839468964353223e-01
5.167993162500000182e+00 9.364750828330391519e-01 8.469731838993144191e-01 1.059898517765790471e+00 1.104149507014185794e+00
5.141422151500000481e+00 6.618510084154363149e-01 6.204548207015522232e-01 7.194143069630407616e-01 7.449080448101021990e-01
5.115122971999999990e+00 8.704195188052521459e-01 7.878090351936400948e-01 9.922645503884901519e-01 1.026491750310412288e+00
5.089091473999999948e+00 7.540762886793231923e-01 6.914946016028468145e-01 8.402347871153728054e-01 8.734398907726110828e-01
5.063323591499999665e+00 9.051470329419044614e-01 8.139663416466660362e-01 1.095830539800384473e+00 1.091147169488293267e+00
5.037815339499999823e+00 8.162461925370056992e-01 7.394224180343906827e-01 9.575134153853060992e-01 9.703204746289562088e-01
5.012562813999999811e+00 6.933151181533528939e-01 6.336146590197572204e-01 7.814888341449630627e-01 8.072559766171483187e-01
4.987562189000000146e+00 8.101043246669138442e-01 7.319170264491938749e-01 9.828764494845070310e-01 9.758627129285725177e-01
4.962809714000000483e+00 7.101773381618995407e-01 6.459792129085359935e-01 8.313712916493530836e-01 8.398268407850680850e-01
4.938301711999999455e+00 7.565827466339440921e-01 6.818462471709439976e-01 9.165928510205858526e-01 9.122174764001695912e-01
4.914034578999999958e+00 7.647864712910921181e-01 6.947937438573730251e-01 9.883338118190041488e-01 9.419920348001691313e-01
4.890004782000000105e+00 6.846765256139383249e-01 6.212223975416972799e-01 8.359826782033472625e-01 8.261006298171886808e-01
4.866208856000000083e+00 7.270467801185495071e-01 6.711157693888027964e-01 1.006892174439009802e+00 9.168726020026990442e-01
4.842643403000000291e+00 6.492237780601415320e-01 5.888338086474467215e-01 7.999178210152547708e-01 7.853151708467016601e-01
4.819305091000000374e+00 6.689039239137318793e-01 6.109480465518620784e-01 8.814910218949166820e-01 8.300388515152459235e-01
4.796190651499999902e+00 6.504965694091210393e-01 5.968791792828133103e-01 8.726629974038707660e-01 8.120239645129785355e-01
4.773296878500000062e+00 6.345308296565299599e-01 5.815582575617641581e-01 8.558632557150364084e-01 7.945253576662674178e-01
4.750620627500000026e+00 6.151722284425338305e-01 5.728651604234478167e-01 8.776455268219005568e-01 7.857931445720885977e-01
4.728158812500000252e+00 5.954000352300071741e-01 5.549073988277173353e-01 8.500571918736941068e-01 7.607858787520870303e-01
4.705908406499999863e+00 5.848767849923818263e-01 5.446909685509950805e-01 8.416166209825619582e-01 7.504061735158227275e-01
4.683866438499999951e+00 5.552910655691248865e-01 5.153147337129806438e-01 7.782263630729711057e-01 7.058962572300172544e-01
4.662029993500000025e+00 5.523184635998243941e-01 5.136639123325499323e-01 7.924714315736239856e-01 7.082187013733023395e-01
4.640396210500000507e+00 5.349434113720307193e-01 5.024027897668590370e-01 7.951945792906172095e-01 6.948619545453064150e-01
4.618962280499999906e+00 5.181706879910145114e-01 4.874435193163402791e-01 7.740886822586420246e-01 6.745439647850844933e-01
4.597725447000000187e+00 5.018846636262669358e-01 4.779959628038172870e-01 7.832607474474649889e-01 6.642606357127621708e-01
4.576683004500000429e+00 4.881346253269353563e-01 4.594072801530922900e-01 7.304387413847991395e-01 6.358608700932480984e-01
4.555832295500000129e+00 4.732491927325908065e-01 4.514427814688798946e-01 7.424212089378026125e-01 6.274258156466834269e-01
4.535170711499999285e+00 4.591384550678814236e-01 4.322769424031203123e-01 6.864839722915281328e-01 5.976618445252516176e-01
4.514695691500000052e+00 4.476151628610738342e-01 4.196793899335087841e-01 6.590328156667920600e-01 5.791473076916440199e-01
4.494404719000000270e+00 4.318415966046512122e-01 4.102142559403863520e-01 6.642077308838075789e-01 5.673575236506660513e-01
4.474295323499999810e+00 4.189348351073005627e-01 3.948799086826528804e-01 6.242345146313770243e-01 5.432601149993647738e-01
4.454365079000000449e+00 4.017573523212322750e-01 3.781448185053503108e-01 5.900460466157181338e-01 5.172526093597266117e-01
4.434611602500000416e+00 3.817487298179634281e-01 3.563753926512412407e-01 5.358913985577262729e-01 4.821405870872931265e-01
4.415032552499999596e+00 3.627136899651798307e-01 3.431818327763399568e-01 5.322137330702204627e-01 4.643532410250303388e-01
4.395625627999999452e+00 3.464114706649367159e-01 3.248723176722176365e-01 4.865570877846133180e-01 4.355344958622111573e-01
4.376388569499999548e+00 3.395767431404607684e-01 3.193493407646856297e-01 4.826557442867666081e-01 4.287725264202552622e-01
4.357319157000000054e+00 3.055620953147922814e-01 2.853330952924700292e-01 4.009097437929124430e-01 3.703889707057849701e-01
4.338415208000000689e+00 2.729759072386633290e-01 2.547044082574458357e-01 3.319846184118292465e-01 3.162728593354888207e-01
4.319674578499999917e+00 2.173230461061485541e-01 2.040395317840376366e-01 2.406014149802604973e-01 2.371114486145192712e-01
4.301095161000000111e+00 1.601129409603923581e-01 1.530150625743676163e-01 1.653412131301019161e-01 1.646947782243020075e-01
4.282674884000000404e+00 1.161887276268136066e-01 1.130697930380025890e-01 1.154943841434658280e-01 1.141352972360060447e-01
4.264411711499999313e+00 1.267470475679448871e-01 1.221851745771564690e-01 1.287440826548479078e-01 1.276250229360580413e-01
4.246303642500000031e+00 1.049331580560924210e-01 1.023656849590667550e-01 1.041130900723777619e-01 1.025847688546223518e-01
4.228348709500000524e+00 1.010468686303006153e-01 9.886248486890797382e-02 9.962129122461357844e-02 9.811402813338718221e-02
4.210544977499999675e+00 1.731359148733631059e-01 1.627981954626985528e-01 1.911280823887288038e-01 1.885529963516181517e-01
4.192890545000000024e+00 2.456041820751866944e-01 2.308304818777263956e-01 3.445558964440417760e-01 3.079100106927350478e-01
4.175383542499999656e+00 2.470420518249639708e-01 2.342462948701490300e-01 3.712364433598560054e-01 3.208798169718293236e-01
4.158022129999999095e+00 2.393519778962715783e-01 2.271737629322369001e-01 3.617133698157318777e-01 3.118844539999633403e-01
4.140804498999999694e+00 2.319261143961230398e-01 2.206011603000517241e-01 3.544749916007542412e-01 3.040156228397024041e-01
4.123728871000000851e+00 2.247367847886902470e-01 2.144251835562719088e-01 3.488333036365267037e-01 2.969661674244093441e-01
4.106793496499999918e+00 2.175758229293864310e-01 2.085042063189923023e-01 3.447206190907775580e-01 2.905400252510864645e-01
4.089996654500000162e+00 2.103371590579839467e-01 2.027516832627450361e-01 3.417763991638773091e-01 2.844553862987145854e-01
4.073336651500000016e+00 2.029816164552476765e-01 1.970111815473876149e-01 3.390541332485991766e-01 2.783131075802257048e-01
4.056811823000000317e+00 1.955507345936319807e-01 1.912519879233405551e-01 3.361890802281443658e-01 2.719953023606851428e-01
4.040420530500000496e+00 1.881076866951152116e-01 1.854699752760029241e-01 3.328668682390574229e-01 2.654175211158620318e-01
4.024161161000000320e+00 1.807672624048802523e-01 1.796728027669629857e-01 3.286657093978949673e-01 2.585136519599371407e-01
4.008032128500000013e+00 1.736277601084694200e-01 1.739159186199141782e-01 3.236569092821307003e-01 2.514095314081097321e-01
3.992031872500000134e+00 1.668348550654437656e-01 1.682469474775665497e-01 3.176062809539749177e-01 2.441437803713947252e-01
3.976158856499999672e+00 1.604572178115042380e-01 1.627010597474539411e-01 3.105797502091471873e-01 2.368251554864546360e-01
3.960411568999999687e+00 1.540913824706707513e-01 1.573011259309082810e-01 3.042482430302485552e-01 2.297052932318000007e-01
3.944788522000000075e+00 1.487847761779780564e-01 1.520711989621560400e-01 2.948764395773277869e-01 2.223549799921890890e-01
3.929288250499999968e+00 1.434058284509295844e-01 1.469616071393638479e-01 2.864883350908319359e-01 2.152701617502729148e-01
3.913909313499999598e+00 1.376406662446072182e-01 1.420697538330713550e-01 2.805906412657736548e-01 2.086944698054065128e-01
3.898650292000000128e+00 1.337640434571047143e-01 1.372193942186861748e-01 2.683576169501919462e-01 2.014907994627682664e-01
3.883509788000000018e+00 1.292840821796245043e-01 1.326583109046104436e-01 2.597331278494483531e-01 1.949922770234007730e-01
3.868486426500000075e+00 1.249246408060320362e-01 1.282824921424682019e-01 2.516981253233740445e-01 1.887660908376614655e-01
3.853578853500000179e+00 1.210188791740975656e-01 1.238085447397280908e-01 2.416030956973867772e-01 1.822333879796216027e-01
3.838785735500000129e+00 1.180541867000694245e-01 1.192057396608347669e-01 2.274372138270907562e-01 1.750994371340297562e-01
3.824105759000000049e+00 1.116679051623963859e-01 1.158204145078578079e-01 2.315916301452829451e-01 1.712872425903018414e-01
3.809537631000000424e+00 1.110958105697482240e-01 1.110458269406444931e-01 2.082547753535887725e-01 1.629668181021494133e-01
3.795080078499999843e+00 1.055245535080209240e-01 1.074176180863333774e-01 2.080646832740215835e-01 1.583271538248359755e-01
3.780731847000000201e+00 1.028352255773808538e-01 1.043949650378785815e-01 2.016521668574670356e-01 1.539183786433027668e-01
3.766491701000000081e+00 9.998853019894041183e-02 1.008495333095569685e-01 1.928700162059920620e-01 1.485848924999915721e-01
3.752358424000000081e+00 9.613669227252859273e-02 9.775521747676758910e-02 1.899681809226742846e-01 1.444213441705907430e-01
3.738330818000000111e+00 9.364970218643092759e-02 9.454311568403249433e-02 1.817979984352162404e-01 1.396174236522185752e-01
3.724407701500000112e+00 8.946073743298069147e-02 9.208014225520519402e-02 1.834550443860808733e-01 1.367448129373128041e-01
3.710587911500000224e+00 8.735184444229084078e-02 8.914308195346556940e-02 1.754390902986450451e-01 1.322693247179393405e-01
3.696870301999999775e+00 8.444684674786621936e-02 8.674137915755214534e-02 1.729976154827065349e-01 1.290386962756363276e-01
3.683253743999999941e+00 8.490939789904115853e-02 8.308461305513795137e-02 1.520602940105261203e-01 1.223567240592352695e-01
3.669737125500000197e+00 8.092197119740911215e-02 7.810374196308082773e-02 1.384720296499233616e-01 1.145213136251972963e-01
3.656319349499999927e+00 7.793438224792359481e-02 7.920572982023077468e-02 1.563067558194134454e-01 1.178681603822186175e-01
3.642999335999999921e+00 7.459586642106773302e-02 7.752960391843785604e-02 1.594144331354872546e-01 1.160878222673214499e-01
3.629776021000000075e+00 7.378842417706393819e-02 7.399863548578086703e-02 1.433692951722324027e-01 1.100094804124973069e-01
3.616648354500000107e+00 7.135977202521416596e-02 7.170969909122745789e-02 1.399547208306882451e-01 1.068140884333070723e-01
3.603615302500000173e+00 6.917633646896453881e-02 6.974838805816270526e-02 1.374171987043351362e-01 1.040888335115547070e-01
3.590675846499999935e+00 6.813966418371299183e-02 6.676263994091866105e-02 1.251348456756274929e-01 9.916855775522438743e-02
3.577828980999999686e+00 6.583461728366371557e-02 6.548674166677809216e-02 1.268824946265033060e-01 9.779245567045380394e-02
3.565073715999999671e+00 6.359095668476610896e-02 6.321036701768817379e-02 1.224998473711728375e-01 9.442333242460017317e-02
3.552409075999999999e+00 6.254233584813659319e-02 6.097561483884797462e-02 1.143619683442984730e-01 9.084259201195726829e-02
3.539834098000000040e+00 6.082299953653264729e-02 5.946246874120952181e-02 1.126401811433375838e-01 8.882817662217992738e-02
3.527347833000000321e+00 5.880650229142475593e-02 5.820163616100341303e-02 1.133178340468599388e-01 8.730839301104474648e-02
3.514949345499999822e+00 5.724243832649272140e-02 5.656652541281460139e-02 1.102199692663871217e-01 8.495709798978294536e-02
3.502637713500000416e+00 5.533858077675187642e-02 5.519707752344522877e-02 1.098484488140897553e-01 8.320577124789713119e-02
3.490412027000000528e+00 5.368218804831595414e-02 5.353320494195164952e-02 1.067652793569480035e-01 8.076939746792766162e-02
3.478271389500000144e+00 5.200199947837051001e-02 5.158335488761208593e-02 1.021160029060783903e-01 7.782753120441443517e-02
3.466214917000000284e+00 5.024655454257701687e-02 5.060488758485942595e-02 1.033797250837890369e-01 7.673286223617177548e-02
3.454241737000000256e+00 4.876060038270624980e-02 4.807972069290769590e-02 9.454709658690629848e-02 7.254679915746410634e-02
3.442350989499999958e+00 4.757890277827897529e-02 4.662518609134425757e-02 9.089571723510830870e-02 7.035473220021874752e-02
3.430541825499999753e+00 4.593845065733507399e-02 4.553334187746824885e-02 9.096476905060643658e-02 6.897754045176160420e-02
3.418813408500000151e+00 4.469961987566837408e-02 4.440834225039749783e-02 8.939453743415741449e-02 6.738602660286417689e-02
3.407164913499999948e+00 4.186210591992367558e-02 3.863568016833003604e-02 6.571717194968378084e-02 5.720489032167436205e-02
3.395595526000000142e+00 4.208709787658169998e-02 4.086325234312120080e-02 7.889189319797026978e-02 6.170041065447285505e-02
3.384104443000000018e+00 3.993607011075880897e-02 3.756326604965942034e-02 6.754667910607170533e-02 5.618211216176593331e-02
3.372690872499999770e+00 3.827609646778337010e-02 3.483775711513682066e-02 5.790848455923274657e-02 5.158176882588162010e-02
3.361354032499999978e+00 3.592704980241098744e-02 3.212516002431562573e-02 5.073485856645901931e-02 4.727114260376358290e-02
3.350093151499999866e+00 3.364149870838436390e-02 2.989583186379589710e-02 4.582103925847241105e-02 4.374433024103237949e-02
3.338907469000000017e+00 3.310561408604474620e-02 2.993311967722131484e-02 4.827153811288864560e-02 4.407573937132379382e-02
3.327796234500000061e+00 3.167060897245405071e-02 2.844024158189730964e-02 4.504371822212124843e-02 4.173397758353108999e-02
3.316758706999999973e+00 2.450977420829071954e-02 2.108395715176493435e-02 3.485851727863383681e-02 3.338436504333715943e-02
3.305794155500000109e+00 2.638132803500784287e-02 2.208840289906092991e-02 3.681945439421633465e-02 3.604646805091993311e-02
3.294901858499999836e+00 2.071199936264007599e-02 1.789187664330529892e-02 2.896436114448694074e-02 2.804124336999218661e-02
3.284081104499999793e+00 2.514929864479466259e-02 2.183162879865481812e-02 4.084767561535664754e-02 3.622041722191964713e-02
3.273331190499999543e+00 2.224144018933933709e-02 1.856443725465863406e-02 3.041104792434306398e-02 3.025003824529413909e-02
3.262651422999999884e+00 1.897449009949958229e-02 1.594549009488465188e-02 2.444199011145878342e-02 2.522316208982749997e-02
3.252041118500000216e+00 2.136477061585929232e-02 1.815215389254291531e-02 3.214479654147697762e-02 2.997498284147138634e-02
3.241499601000000119e+00 1.981505614305794499e-02 1.659157494377744638e-02 2.725608991515262799e-02 2.704450065269500478e-02
3.231026203499999916e+00 1.658135476292082675e-02 1.403243782606022200e-02 2.200587309944924616e-02 2.224909845275204606e-02
3.220620268000000230e+00 1.466606962002856875e-02 1.245029907678277085e-02 1.830346563050497602e-02 1.924068259267504993e-02
3.210281144500000128e+00 1.234056546748229719e-02 1.068501534998604272e-02 1.500215018101349988e-02 1.590682641612070625e-02
3.200008192000000307e+00 1.369079925716767780e-02 1.158697825197682607e-02 1.718590149982596182e-02 1.807830612701685769e-02
3.189800777500000351e+00 1.703418534204019855e-02 1.418593134745452407e-02 2.414309220485363547e-02 2.368560250405989109e-02
3.179658275499999576e+00 1.838414704682769796e-02 1.568856394395280393e-02 3.000352859842897110e-02 2.688938472543814587e-02
3.169580068500000181e+00 1.766293247717308154e-02 1.527130392959211332e-02 2.996066237643885827e-02 2.625254488759076396e-02
3.159565547000000141e+00 1.587807834183370403e-02 1.347493595571578988e-02 2.461671695386224296e-02 2.287128413272140892e-02
3.149614109999999911e+00 1.412090651599427586e-02 1.176415167625840738e-02 1.970353317011084779e-02 1.958286326886456499e-02
3.139725163000000485e+00 1.430749853668207214e-02 1.181884225687466171e-02 2.020358311855363284e-02 1.995244551119547405e-02
3.129898118999999923e+00 1.228149351664831711e-02 1.032919497510159483e-02 1.717947188507951140e-02 1.694807821580291557e-02
3.120132399000000056e+00 1.348492553668960599e-02 1.114779328968797459e-02 1.926229876610948896e-02 1.891487950291646791e-02
3.110427430000000104e+00 9.899013605860169235e-03 8.348976755240334821e-03 1.239497890731731250e-02 1.318107070718766913e-02
3.100782646999999947e+00 1.031683336209259123e-02 8.627682420037084340e-03 1.335940491509147662e-02 1.393217570570663873e-02
3.091197492500000088e+00 9.942807899368195923e-03 8.296726031223262618e-03 1.265936498515118393e-02 1.338798280007529214e-02
3.081671415000000191e+00 9.748871135104567390e-03 8.100820871224682571e-03 1.268312501064857573e-02 1.322782746605834225e-02
3.072203870000000059e+00 1.002098220600500592e-02 8.294189626961162229e-03 1.325234725138375695e-02 1.368719483651153687e-02
3.062794319500000029e+00 1.000895976129148081e-02 8.270349750697321770e-03 1.351641025055327211e-02 1.378699901173413046e-02
3.053442232000000089e+00 7.044634065460606692e-03 6.064531675842294196e-03 8.680574744358099393e-03 9.246628079459745866e-03
3.044147082999999920e+00 8.884529731949300166e-03 7.327573438246249606e-03 1.168557726655631603e-02 1.211559677811323635e-02
3.034908353999999697e+00 7.615105352049687630e-03 6.374988384028559656e-03 9.790641235331838318e-03 1.023642852465985083e-02
3.025725533000000134e+00 8.713444913814380813e-03 7.231129602716558288e-03 1.233064913481206511e-02 1.214384906717910426e-02
3.016598114499999816e+00 8.078152682444050825e-03 6.718055170204685969e-03 1.094450771804160623e-02 1.110984173791268285e-02
3.007525597999999967e+00 7.623804495714036310e-03 6.347166337455683628e-03 1.030150155669563167e-02 1.046384412131449830e-02
2.998507489499999679e+00 8.280872185494392301e-03 6.795758530743585199e-03 1.154691010336655541e-02 1.155228341563135919e-02
2.989543301499999917e+00 8.380300840991349726e-03 6.946612978840748485e-03 1.237581619665367380e-02 1.192920283571724700e-02
2.980632551500000282e+00 6.649238593478046244e-03 5.517881061132553534e-03 8.682843710869511678e-03 9.030069449010455496e-03
2.971774762999999986e+00 4.593587540004826983e-03 3.997879670727648091e-03 5.585334283769634485e-03 5.945195215035389141e-03
2.962969466000000107e+00 7.340201848858915641e-03 5.992187268071909670e-03 1.018620261222107776e-02 1.025251135779783017e-02
2.954216194499999837e+00 6.198261520228873049e-03 5.104505067265230345e-03 8.215682434117677763e-03 8.477490519165199398e-03
2.945514489000000236e+00 5.442381128397578635e-03 4.504521901487518361e-03 6.905521284920223234e-03 7.326501997105883124e-03
2.936863895500000154e+00 5.936923433222510149e-03 4.865542789797271464e-03 7.889581518298582549e-03 8.145374525048987291e-03
2.928263964000000108e+00 5.879522681993786838e-03 4.809751367509306971e-03 7.890931916962641568e-03 8.101590026144678963e-03
2.919714251500000302e+00 4.644026913182666520e-03 3.848122662837904183e-03 5.901298836320348178e-03 6.237925593343556646e-03
2.911214319499999981e+00 4.740762938827644893e-03 3.941162338512205904e-03 6.033281463594125475e-03 6.400579149278846219e-03
2.902763734499999693e+00 3.106445024900537574e-03 2.721232375509419644e-03 3.751266493381988972e-03 3.991552260736890186e-03
2.894362067499999913e+00 4.991766493160509736e-03 4.059643598101698309e-03 6.437226003148995707e-03 6.834603689059822948e-03
2.886008894999999796e+00 3.396429460878255119e-03 2.898283873935762929e-03 4.181663591438868760e-03 4.477150850420533526e-03
2.877703798999999840e+00 3.799930832193963454e-03 3.187245460741072040e-03 4.746551886944670381e-03 5.104629864319045439e-03
2.869446365499999985e+00 2.447905585598849579e-03 2.171687041277743212e-03 2.938538988250014895e-03 3.112906462380348772e-03
2.861236185000000098e+00 2.957107935727535438e-03 2.549859832961404952e-03 3.631687520719052709e-03 3.885447384978733994e-03
