# wl [um], spectra (phi=0), spectra (phi=90), spectra (phi=180), spectra (phi=270)
5.500000000000000000e+03 5.719531826652033869e-08 7.150436653447808795e-08 9.380191178579320951e-08 7.160125608521414420e-08
7.500000000000000000e+02 7.259420794539632143e-06 8.939738279969177410e-06 1.152035625171080598e-05 8.919284826493894855e-06
4.166666666500000247e+02 6.019180087721026656e-05 7.238138289155254021e-05 9.068126350459304510e-05 7.185759091919775615e-05
2.916666666500000247e+02 2.406242132928594949e-04 2.808825023212413907e-04 3.391403414074067217e-04 2.772853454682354521e-04
2.250000000000000000e+02 6.769163920850858156e-04 7.671433412839356522e-04 8.897525974529960947e-04 7.529186882088248793e-04
1.833333333500000037e+02 1.531295285041814379e-03 1.694123536791059372e-03 1.894408315542312751e-03 1.653979897689015653e-03
1.547619047999999964e+02 2.980024943670352752e-03 3.241250440733810766e-03 3.522972418707466351e-03 3.151876127710295534e-03
1.339285714499999926e+02 5.204580456184482867e-03 5.601592371045148455e-03 5.971853341894926490e-03 5.431844383874811187e-03
1.180555555500000082e+02 8.397820209148662216e-03 8.994015213917766483e-03 9.479727737330462603e-03 8.700538865948048359e-03
1.055555555500000082e+02 1.276701605529471407e-02 1.367096817439670230e-02 1.433458738305814183e-02 1.318891394117386456e-02
9.545454545499998744e+01 1.852554052514567007e-02 1.990438091206143609e-02 2.085127605719148958e-02 1.913937167867595796e-02
8.712121211999999559e+01 2.586662108272898969e-02 2.798541810278171518e-02 2.940674588086855321e-02 2.680230645137638909e-02
8.012820512499999381e+01 3.490999601863020718e-02 3.818828312475760350e-02 4.043721197272044654e-02 3.640499199239878581e-02
7.417582417500000247e+01 4.568028146298612480e-02 5.070839179522791673e-02 5.435071928457357870e-02 4.811332821550332040e-02
6.904761905000000866e+01 5.805640398368404342e-02 6.565159923153121579e-02 7.158074616148969727e-02 6.202321765584657004e-02
6.458333333499999185e+01 7.172847278129348969e-02 8.296698810219878262e-02 9.253732837637730635e-02 7.812495481208539538e-02
6.066176470499999596e+01 8.632145825129389216e-02 1.025259667445732742e-01 1.176255184061387737e-01 9.638491269229991498e-02
5.718954248500000404e+01 1.013863090564884883e-01 1.240742566532221647e-01 1.471418593148888787e-01 1.166984606820206799e-01
5.409356725499999641e+01 1.167615097588859813e-01 1.475466186043514760e-01 1.814124195363392700e-01 1.391339691027353997e-01
5.131578947500000254e+01 1.321643018260205693e-01 1.727548468736102294e-01 2.206738254940726895e-01 1.636573243389665699e-01
4.880952381000000173e+01 1.476320642653611015e-01 1.996767024391821743e-01 2.651502334620401413e-01 1.904126031805404295e-01
4.653679653500000057e+01 1.637839007917576972e-01 2.286935624825589819e-01 3.150531812282545974e-01 2.198373038940408530e-01
4.446640315999999871e+01 1.809946210276414391e-01 2.601760543850916707e-01 3.703778743117832062e-01 2.520879528621838839e-01
4.257246376999999882e+01 1.998125941920856075e-01 2.947778668036484251e-01 4.313558019732395277e-01 2.874810844338073768e-01
4.083333333499999895e+01 2.200473263057696749e-01 3.324287060427266738e-01 4.979722364440681281e-01 3.258819189104886771e-01
3.923076922999999994e+01 2.416473425593617108e-01 3.732339420439278466e-01 5.706002278156627749e-01 3.673963854906295290e-01
3.774928775000000059e+01 2.645113463311764002e-01 4.171928532622114494e-01 6.494217306560366998e-01 4.120331149102079427e-01
3.637566137499999996e+01 2.883253608127628320e-01 4.640592628431995381e-01 7.343642513660607607e-01 4.595862232784658774e-01
3.509852216500000566e+01 3.130809577582148173e-01 5.139125519157935473e-01 8.257129512153945639e-01 5.101487474065482530e-01
3.390804597500000739e+01 3.386984126260423333e-01 5.667689487426715855e-01 9.237152951053210215e-01 5.637582616598513230e-01
3.279569892499999639e+01 3.648423151795766040e-01 6.222373952129939267e-01 1.027927036750104106e+00 6.200524440059076436e-01
3.175403225999999890e+01 3.916320866177450677e-01 6.806534856338668504e-01 1.139110147916660543e+00 6.793647515372946977e-01
3.077651515000000160e+01 4.188390443816068509e-01 7.415644799547104205e-01 1.256436133779044395e+00 7.412463643280166048e-01
2.985739750500000156e+01 4.463922944530840375e-01 8.052317553697708741e-01 1.380855653302835773e+00 8.059912377316641452e-01
2.899159663999999736e+01 4.741702531465987192e-01 8.712780712209706735e-01 1.511534535216852548e+00 8.732119712664976330e-01
2.817460317500000144e+01 5.020855564534694171e-01 9.397052019775157250e-01 1.648662901875834752e+00 9.429064237330285758e-01
2.740240240500000013e+01 5.300835631443139295e-01 1.010577775267929690e+00 1.792606655149469264e+00 1.015149328759423764e+00
2.667140824999999893e+01 5.579933074181686603e-01 1.083500065001845813e+00 1.942550112920459426e+00 1.089544950953702074e+00
2.597840755500000398e+01 5.856527913695623866e-01 1.158553450120359596e+00 2.099038714146763684e+00 1.166153986161557743e+00
2.532051282000000114e+01 6.131950919425814828e-01 1.235501251815523283e+00 2.261285599182639938e+00 1.244775833899173456e+00
2.469512195000000077e+01 6.403910984898911751e-01 1.314361124033027073e+00 2.429810878745929603e+00 1.325424357073202941e+00
2.409988385500000163e+01 6.671339970549976517e-01 1.394779706268355568e+00 2.603787611923921386e+00 1.407730865462314851e+00
2.353266887999999923e+01 6.933651835753126269e-01 1.476892421264072386e+00 2.783744032810306024e+00 1.491819458898376194e+00
2.299154333999999977e+01 7.176740474992936436e-01 1.559864360415426532e+00 2.969283676937730210e+00 1.576711610933006158e+00
2.247474747500000092e+01 7.430858985930828275e-01 1.644791347214624055e+00 3.159625637393886688e+00 1.663870979237135561e+00
2.198067632500000101e+01 7.677711853518709439e-01 1.730885605376280667e+00 3.354929735470656205e+00 1.752261246803139993e+00
2.150786308500000032e+01 7.916608578862307510e-01 1.818065924034127923e+00 3.555166938975476310e+00 1.841805138081531235e+00
2.105496453499999987e+01 8.147252080966834731e-01 1.906135655775964111e+00 3.759767033261987468e+00 1.932256991058592277e+00
2.062074830000000247e+01 8.357182567149847863e-01 1.993843273010367012e+00 3.969253221241806351e+00 2.023256147373661662e+00
2.020408163500000143e+01 8.567363558948538627e-01 2.083094808729529568e+00 4.182514889505677402e+00 2.115216165247346680e+00
1.980392156999999997e+01 8.778019700384436241e-01 2.173971979849823821e+00 4.398489387737550160e+00 2.207835464271209247e+00
1.941930618499999994e+01 8.986634417858393453e-01 2.265916052951137072e+00 4.617417396791765327e+00 2.301056260905049999e+00
1.904934688000000165e+01 9.212450783702677004e-01 2.360363005906979339e+00 4.837563177496376987e+00 2.395157960917561280e+00
1.869322152499999845e+01 9.411550922544362763e-01 2.453219387547254993e+00 5.061771520057689600e+00 2.489109942572396150e+00
1.835016835000000057e+01 9.999063715108603700e-01 2.582372511093812495e+00 5.257091753274242940e+00 2.590457377291983665e+00
1.801948052000000189e+01 9.840268088351845632e-01 2.646959130205963628e+00 5.510662022559886353e+00 2.677130225429469323e+00
1.770050125499999893e+01 1.044944790228534481e+00 2.784736114997103495e+00 5.702649501488197714e+00 2.776942487808036653e+00
1.739261948000000046e+01 1.230675323641811536e+00 3.015981797636115846e+00 5.800486257635896870e+00 2.903414298780514269e+00
1.709526592499999964e+01 1.630357721630177226e+00 3.350113378142899556e+00 5.699804131827817422e+00 3.071366179052215095e+00
1.680790960499999898e+01 2.277124829310838372e+00 3.685656921876705017e+00 5.194793013778165047e+00 3.239332035292433520e+00
1.653005464499999988e+01 2.534959849521032815e+00 3.842356448180090478e+00 5.157948144320718242e+00 3.369651590826040266e+00
1.626123743999999860e+01 2.759483810483594368e+00 3.673003915583607171e+00 4.345505192870636968e+00 3.218735197636392709e+00
1.600102406499999930e+01 3.037602890740585870e+00 3.818520861414969048e+00 4.303344282336354354e+00 3.377657921521824758e+00
1.574900793500000162e+01 2.688636906661121984e+00 2.787718495475676406e+00 2.806275128478288305e+00 2.709688811921182161e+00
1.550480768999999981e+01 1.966517262517938569e+00 1.840188772523887906e+00 1.839284791718092116e+00 1.954555635523299362e+00
1.526806526500000061e+01 1.528060777339585341e+00 1.311056761711611340e+00 1.297420172956306850e+00 1.498701315569660464e+00
1.503844413999999929e+01 1.319590952869680756e+00 1.149226014672269036e+00 1.153496449960413228e+00 1.304714663962208032e+00
1.481562774000000005e+01 1.468773516896025422e+00 1.239558974327787499e+00 1.224936049847672237e+00 1.437427115928155752e+00
1.459931798500000077e+01 1.746617368137179716e+00 1.535734344647175176e+00 1.525337358625991513e+00 1.720006433342995411e+00
1.438923395499999991e+01 2.500057490180315423e+00 2.458315612307066189e+00 2.464506066207653667e+00 2.500950431848285138e+00
1.418511066499999984e+01 3.467843992711181933e+00 3.895969816542522501e+00 3.969851879442458653e+00 3.552488049880002219e+00
1.398669796500000118e+01 3.617826054008424386e+00 4.713582082409272012e+00 5.265004726726750128e+00 4.029479316983862525e+00
1.379375951499999964e+01 3.045059040437699149e+00 4.771804499560717616e+00 6.441926347931849151e+00 4.091125545787664741e+00
1.360607182500000079e+01 3.196957034141627574e+00 5.146055231551825315e+00 7.045291630926411308e+00 4.378181253093307745e+00
1.342342342000000066e+01 2.876177091458075985e+00 5.115413524832517211e+00 7.675025452157375305e+00 4.425072986799339247e+00
1.324561403500000090e+01 2.011125914290508465e+00 4.952875847485485927e+00 9.127540781355895305e+00 4.455331128724629330e+00
1.307245386499999995e+01 1.411777314712176823e+00 4.639033565636846212e+00 9.974643457913963118e+00 4.443779278503283692e+00
1.290376290500000067e+01 1.128128220887346655e+00 4.468853089097967413e+00 1.047848863053444113e+01 4.477756093343190358e+00
1.273937033500000027e+01 1.038327244669619676e+00 4.442883191225812212e+00 1.078363309955403615e+01 4.536342173884787776e+00
1.257911392499999970e+01 1.198790820057517914e+00 4.632666090081304588e+00 1.079894648033559612e+01 4.614597267675629944e+00
1.242283950499999889e+01 1.033760769382847666e+00 4.562111136509968468e+00 1.117351630356436942e+01 4.657866891199025083e+00
1.227040047999999928e+01 9.919860241094645703e-01 4.590230543815307485e+00 1.140217221753385424e+01 4.710358880842148821e+00
1.212165736000000038e+01 9.600369219962573419e-01 4.622710671081454947e+00 1.161579272012430053e+01 4.762198425087002640e+00
1.197647733499999845e+01 9.349531953536324158e-01 4.656516558353477109e+00 1.182030989263356346e+01 4.813867964525023524e+00
1.183473388999999898e+01 9.214514352271202524e-01 4.700437695100916358e+00 1.200476984702407002e+01 4.863691861061032462e+00
1.169630642999999992e+01 9.083455057672723543e-01 4.742953225783955951e+00 1.218319164920917608e+01 4.911267287944094839e+00
1.156107992500000137e+01 8.965831167931367363e-01 4.785161051530447018e+00 1.235418809166752396e+01 4.956566282984164573e+00
1.142894461499999892e+01 8.820668864921115127e-01 4.822470983189020011e+00 1.252380337664766863e+01 4.999721307512549728e+00
1.129979570999999972e+01 8.689855568376834150e-01 4.859510742301990760e+00 1.268562111294149730e+01 5.040557622487467526e+00
1.117353308499999898e+01 8.566409802244943084e-01 4.895333262329225832e+00 1.284063052429516461e+01 5.079107299660968522e+00
1.105006105000000005e+01 8.455989123764305893e-01 4.930762835338247108e+00 1.298781652972749612e+01 5.115291693559703923e+00
1.092928810499999948e+01 8.350801867369143094e-01 4.964648921089388267e+00 1.312830527584522855e+01 5.149157854945058510e+00
1.081112669500000045e+01 8.301658656316189822e-01 5.001456811770989219e+00 1.325558026639796338e+01 5.180937966736394173e+00
1.069549302000000068e+01 8.455971032710952739e-01 5.054808835774017517e+00 1.334823228648593307e+01 5.210526521314388759e+00
1.058230683000000028e+01 8.760161907910979373e-01 5.115220022282871426e+00 1.341587186533899079e+01 5.238910391895181817e+00
1.047149122999999982e+01 8.315060667337720313e-01 5.107349927195436123e+00 1.358310739105001019e+01 5.264501691089903623e+00
1.036297250999999875e+01 8.092963090754939914e-01 5.119259131663352669e+00 1.371167547138197662e+01 5.287414886273619885e+00
1.025667998999999853e+01 8.572906689168376948e-01 5.193015982384705964e+00 1.372924501357034188e+01 5.306686512188961480e+00
1.015254586500000045e+01 7.702855343648915554e-01 5.149193260265803040e+00 1.393571499700517080e+01 5.323915226820105318e+00
1.005050504999999994e+01 7.135678006307494270e-01 5.121315000300385556e+00 1.410246205605963965e+01 5.342355522820001035e+00
9.950495049499998856e+00 6.958638194421977730e-01 5.128566412802465280e+00 1.420323969411822951e+01 5.357225669575371718e+00
9.852455834000000578e+00 6.840047544222798148e-01 5.140625002855846226e+00 1.428678727795875680e+01 5.369032316199850996e+00
9.756329716499999805e+00 6.845760620529894869e-01 5.162586747298781198e+00 1.434389774664186668e+01 5.377877795098709335e+00
9.662061239499999843e+00 7.079192359527736178e-01 5.201221105790426513e+00 1.435967050165607439e+01 5.383903783127610865e+00
9.569597069500000330e+00 7.441659497541390778e-01 5.243950880810614557e+00 1.435119579873751938e+01 5.388255198606342056e+00
9.478885894000001144e+00 7.549219659067719634e-01 5.261898660518195214e+00 1.437580237267717997e+01 5.391285539751947908e+00
9.389878328500000038e+00 6.732962470958449019e-01 5.205651177713813027e+00 1.454500829883691004e+01 5.396711531485605562e+00
9.302526825999999360e+00 7.820622637244341036e-01 5.302573708169543210e+00 1.439207336028334971e+01 5.388620812149579997e+00
9.216785592999999110e+00 6.977926428767651235e-01 5.253072703869394289e+00 1.454495249305423776e+01 5.386908563019226825e+00
9.132610508999999155e+00 5.892096518205522937e-01 5.162725840195595772e+00 1.475105753029906097e+01 5.391227790162933964e+00
9.049959050000000005e+00 5.530046099343828292e-01 5.130580707731153822e+00 1.483596673310793967e+01 5.390269287682243338e+00
8.968790219000000619e+00 5.387258126760893218e-01 5.119887126439878422e+00 1.487037355929029658e+01 5.383490070055117371e+00
8.889064475499999674e+00 5.254359844742430008e-01 5.108626975027823036e+00 1.489713440909779330e+01 5.374680354962431572e+00
8.810743673499999318e+00 5.123411289726854667e-01 5.095774224745089676e+00 1.491847838365951873e+01 5.364155274798591222e+00
8.733790999500000041e+00 4.994403964986747213e-01 5.081358757981562668e+00 1.493450062306459003e+01 5.351957714322928439e+00
8.658170914500001203e+00 4.867388930049237894e-01 5.065418277585655993e+00 1.494526944724723094e+01 5.338125184481383734e+00
8.583849101000000203e+00 4.742409257799600764e-01 5.047992333076588345e+00 1.495086326597274962e+01 5.322697562351668132e+00
8.510792409000000447e+00 4.619528487030023500e-01 5.029122920740884517e+00 1.495135282524930709e+01 5.305713140400593275e+00
8.438968808000000266e+00 4.498769645593663213e-01 5.008851261695911994e+00 1.494683327134085360e+01 5.287215305502419582e+00
8.368347338999999607e+00 4.380226511654229382e-01 4.987222343278024717e+00 1.493737151283338882e+01 5.267241768951413938e+00
8.298898071500000029e+00 4.264259353279017950e-01 4.964304404714192209e+00 1.492299237582407301e+01 5.245829246205732765e+00
8.230592060500001139e+00 4.152000708050670452e-01 4.940208401868488863e+00 1.490357843342008515e+01 5.223006733205886043e+00
8.163401306000000801e+00 4.048463130206501615e-01 4.915226296270551742e+00 1.487823600568963123e+01 5.198748855344432762e+00
8.097298715000000868e+00 3.962411971940751898e-01 4.889315434071574096e+00 1.484457104384276960e+01 5.172764845011093016e+00
8.032258064499998795e+00 3.897132380345607605e-01 4.861821183466124019e+00 1.480001011868626826e+01 5.144452489074368806e+00
7.968253968500000006e+00 3.763760706649225685e-01 4.831916724794663054e+00 1.476920733136398844e+01 5.117091267732752691e+00
7.905261842499999858e+00 3.669621206845926631e-01 4.801793497842433034e+00 1.472482196169565150e+01 5.087459356116311504e+00
7.843257874000000740e+00 3.585417660425682662e-01 4.771538667308270476e+00 1.467577613518099788e+01 5.056876133131360973e+00
7.782218991999999780e+00 3.445435861555552481e-01 4.739184901570376418e+00 1.463809427387303685e+01 5.027127527365847115e+00
7.722122837999999767e+00 3.323529463546357476e-01 4.705325712338212618e+00 1.459067118300026600e+01 4.995325165838959691e+00
7.662947738999999814e+00 3.222684154042119165e-01 4.671040264480851967e+00 1.453473471006052620e+01 4.961976931725158302e+00
7.604672681000000267e+00 3.130167080824632353e-01 4.636159696482903492e+00 1.447358476063937793e+01 4.927489547287974503e+00
7.547277283999999753e+00 3.041834383161982069e-01 4.600631484635168356e+00 1.440861942504444748e+01 4.892097489504396712e+00
7.490741779500000419e+00 2.963778236500386742e-01 4.564615822549507484e+00 1.433790134984095133e+01 4.855513464404471513e+00
7.435046986999999774e+00 2.913164306638827972e-01 4.528178277876330426e+00 1.425649094404861117e+01 4.817066299158654807e+00
7.380174291499999484e+00 2.857683338716974220e-01 4.489806464548533604e+00 1.417134095042938213e+01 4.777367924443024272e+00
7.326105624500000246e+00 2.735400844342254500e-01 4.450615304636652780e+00 1.410496021937861677e+01 4.740247970934208688e+00
7.272823442500000013e+00 2.698232912183496368e-01 4.411684615790056441e+00 1.401003271372698933e+01 4.698622086888296856e+00
7.220310708000000410e+00 2.605778894346053587e-01 4.372400073598519121e+00 1.393201510328800730e+01 4.659572694233419909e+00
7.168550873500000087e+00 2.494330834467865243e-01 4.331286187375942731e+00 1.385482009424302419e+01 4.619973916750202747e+00
7.117527862499999358e+00 2.404930963273308464e-01 4.290189671448933595e+00 1.377066472350738735e+01 4.579455528404700715e+00
7.067226051500000494e+00 2.327081019112606508e-01 4.247729474067695854e+00 1.367745825396871950e+01 4.536847028546191041e+00
7.017630257000000427e+00 2.255812442253922190e-01 4.206091030938264197e+00 1.358434800120936714e+01 4.494719646123629175e+00
6.968725718499999999e+00 2.187540535064070035e-01 4.163242118259871560e+00 1.348544116780522373e+01 4.451097509514574391e+00
6.920498084000000105e+00 2.121738925371889073e-01 4.120912814875282493e+00 1.338719699047893386e+01 4.407943269552679233e+00
6.872933396000000528e+00 2.057117624096054254e-01 4.076290102509370961e+00 1.328011363989451610e+01 4.362249927167518138e+00
6.826018078000000600e+00 1.995131250803015288e-01 4.033895866192354518e+00 1.317969355738551762e+01 4.318910891536434704e+00
6.779738922499999987e+00 1.934330059303723537e-01 3.989319587034703130e+00 1.307073586568270862e+01 4.273161574715342859e+00
6.734083076499999265e+00 1.875601451664670460e-01 3.945859852474824958e+00 1.296469549174119251e+01 4.228566562513845106e+00
6.689038031499999981e+00 1.818012270299484978e-01 3.900741763075511237e+00 1.285204904809212145e+01 4.182123608513574453e+00
6.644591611500000106e+00 1.761934660470839686e-01 3.855169141545571332e+00 1.273684912573744654e+01 4.135135810204640272e+00
6.600731961999999342e+00 1.708483498102140175e-01 3.811825178465668706e+00 1.262814421591014913e+01 4.090509732273081234e+00
6.557447540000000075e+00 1.655470863240381119e-01 3.765552571155320383e+00 1.250857257016217083e+01 4.042656389537599537e+00
6.514727103000000241e+00 1.604366537590687924e-01 3.720706638895003415e+00 1.239303472536062500e+01 3.996294545392915953e+00
6.472559698499999570e+00 1.554733287443900158e-01 3.675190209980015776e+00 1.227405498581177845e+01 3.949154259992178062e+00
6.430934656499999846e+00 1.506431580053257946e-01 3.629432333959373036e+00 1.215332809845186191e+01 3.901698297961078588e+00
6.389841581000000659e+00 1.459914846873530403e-01 3.584816861181531422e+00 1.203561589030720924e+01 3.855427965388130485e+00
6.349270338000000180e+00 1.414741502483255753e-01 3.539975038489837189e+00 1.191611751315187107e+01 3.808860976968733603e+00
6.309211050000000043e+00 1.371203810335724083e-01 3.495715497162205310e+00 1.179760003773638211e+01 3.762874202545341440e+00
6.269654088000000236e+00 1.328442802298502867e-01 3.450223469374053664e+00 1.167398699078386137e+01 3.715495939141858273e+00
6.230590062000000096e+00 1.286935884278025966e-01 3.404727319691119636e+00 1.154942775653357145e+01 3.668060701916799005e+00
6.192009815000000472e+00 1.246300388893420430e-01 3.358421937937955626e+00 1.142121443255525826e+01 3.619692786706793619e+00
6.153904415500000447e+00 1.207387068842232375e-01 3.313442384604822877e+00 1.129657270398827862e+01 3.572714680632441020e+00
6.116265150500000303e+00 1.169311340417348855e-01 3.267633252185084825e+00 1.116817689427510274e+01 3.524782723782828420e+00
6.079083518499999172e+00 1.132708861484152812e-01 3.222718124208216572e+00 1.104190603856202024e+01 3.477772982253957590e+00
6.042351223499999868e+00 1.096566830877264281e-01 3.176295986948720174e+00 1.090961176009805733e+01 3.429070695237720567e+00
6.006060168999999505e+00 1.062542034024346882e-01 3.132987866442046077e+00 1.078719047868898961e+01 3.383708087836841294e+00
5.970202452000000548e+00 1.029146656666433540e-01 3.088448451360445102e+00 1.065958108541740046e+01 3.336956156659114825e+00
5.934770357499999704e+00 9.964580820517435211e-02 3.043187823382777157e+00 1.052860623659854511e+01 3.289368738677673321e+00
5.899756351999999815e+00 9.648148028451031255e-02 2.998452810808957203e+00 1.039868998151186474e+01 3.242302498576632441e+00
5.865153078500000561e+00 9.345780724467461775e-02 2.955188879920055189e+00 1.027300412357313952e+01 3.196792358245816867e+00
5.830953351999999867e+00 9.049922243204984451e-02 2.911132542060769879e+00 1.014367174224172707e+01 3.150371131537216485e+00
5.797150154500000596e+00 8.766685136034055303e-02 2.868832131154473331e+00 1.001981258426489063e+01 3.105815495251615488e+00
5.763736629000000278e+00 8.484521621029975091e-02 2.823836351885898655e+00 9.885533191391443708e+00 3.058273667054056677e+00
5.730706075499999663e+00 8.218781364380194077e-02 2.781987481508368276e+00 9.761618480684326471e+00 3.014118161379610417e+00
5.698051947999999811e+00 7.957774766745519257e-02 2.739007126534244385e+00 9.632844631680514524e+00 2.968681990423751582e+00
5.665767847999999773e+00 7.705031713586342479e-02 2.696509020908825160e+00 9.505062441208556479e+00 2.923725197146343380e+00
5.633847520999999858e+00 7.458443378978131533e-02 2.653810034846504795e+00 9.375840311746379996e+00 2.878504254131791562e+00
5.602284853499999606e+00 7.223029159911045771e-02 2.612521201911616853e+00 9.250768186141394622e+00 2.834781694870332824e+00
5.571073867499999110e+00 6.992352942611614053e-02 2.570435881247265186e+00 9.122099434572916721e+00 2.790137059304084399e+00
5.540208717000000505e+00 6.771294600461980062e-02 2.529650694095461283e+00 8.997338687377791189e+00 2.746869284225141428e+00
5.509683686499999844e+00 6.556716705424278646e-02 2.488659087703521955e+00 8.871047125279957868e+00 2.703318602011527183e+00
5.479493184499999003e+00 6.348441798202618391e-02 2.447931303516357904e+00 8.744984187036669354e+00 2.660021589078213289e+00
5.449631741499999293e+00 6.148638670674913542e-02 2.407660205966313249e+00 8.619738384608599091e+00 2.617154693933741338e+00
5.420094006999999436e+00 5.977496459196181278e-02 2.367725921530776656e+00 8.493364414721252587e+00 2.574254680527110040e+00
5.390874745499999676e+00 6.019957450271872651e-02 2.329801079314336665e+00 8.361404625956069481e+00 2.530900190276245354e+00
5.361968834499999836e+00 5.785465794023910563e-02 2.289808916943315342e+00 8.239131996330906205e+00 2.489194440976875811e+00
5.333371259499999795e+00 5.532039040229668608e-02 2.250851287933598677e+00 8.119963833178712065e+00 2.448441587442584666e+00
5.305077113499999442e+00 5.518060879586268730e-02 2.213124943575283776e+00 7.989648624410888189e+00 2.405788151372293182e+00
5.277081593000000126e+00 6.201624027545259848e-02 2.177642246844983198e+00 7.827348557885477121e+00 2.357294335233834026e+00
5.249379994499999924e+00 8.142916359063459564e-02 2.137837330435317984e+00 7.592315578274824617e+00 2.293701052264088158e+00
5.221967713499999775e+00 8.743456470389451840e-02 2.091023161599109947e+00 7.412056668763295164e+00 2.239893344483955495e+00
5.194840241499999678e+00 6.643121851438883729e-02 2.052718756938158418e+00 7.391531925569281292e+00 2.219731354949185942e+00
5.167993162500000182e+00 8.440176824801054467e-02 2.010001696850730823e+00 7.147728584617414782e+00 2.153650597288661039e+00
5.141422151500000481e+00 4.388954755502340321e-02 1.989956437612308671e+00 7.286419125006880826e+00 2.170197351471365721e+00
5.115122971999999990e+00 4.468380141689142632e-02 1.954241998490276355e+00 7.158561425029335012e+00 2.129602862938827723e+00
5.089091473999999948e+00 4.387315194370717403e-02 1.919686952532780211e+00 7.041871708931925156e+00 2.091623675474883370e+00
5.063323591499999665e+00 4.050655580222307234e-02 1.885048266972564335e+00 6.939399448301634798e+00 2.056663095956419163e+00
5.037815339499999823e+00 3.837836344915663417e-02 1.850510464731635496e+00 6.831429516105602673e+00 2.020797973947637161e+00
5.012562813999999811e+00 3.740456886977005374e-02 1.816659470861035075e+00 6.718676963655654255e+00 1.984232967122316893e+00
4.987562189000000146e+00 3.735027042653956547e-02 1.782605572408578087e+00 6.599039379499596514e+00 1.946327518620781127e+00
4.962809714000000483e+00 4.141516421646825735e-02 1.749153952550357438e+00 6.467219757048736639e+00 1.906922831282536812e+00
4.938301711999999455e+00 3.893160732299057181e-02 1.716757121393611252e+00 6.354151657048395130e+00 1.870053933281944136e+00
4.914034578999999958e+00 5.466301453410763594e-02 1.686499524734414335e+00 6.143175313690912631e+00 1.814122448050398129e+00
4.890004782000000105e+00 8.794678243978706900e-02 1.649553269141001310e+00 5.821773520500366672e+00 1.734710786830422125e+00
4.866208856000000083e+00 1.348870154435299618e-01 1.580894456875693965e+00 5.334297260513549688e+00 1.614625514051651667e+00
4.842643403000000291e+00 1.249363749254053108e-01 1.544256956122942448e+00 5.271239945209221567e+00 1.588970743804217101e+00
4.819305091000000374e+00 1.481998033882646337e-01 1.432892400286947865e+00 4.714663515909369274e+00 1.439858232726409781e+00
4.796190651499999902e+00 6.731675926880532901e-02 1.518664580675350706e+00 5.477869475377957542e+00 1.614901117160075561e+00
4.773296878500000062e+00 6.388173205096722707e-02 1.503668673940407041e+00 5.419134454153079261e+00 1.594158349594652080e+00
4.750620627500000026e+00 4.807801239495099188e-02 1.478573653828312295e+00 5.428136796521256358e+00 1.586081152286928475e+00
4.728158812500000252e+00 5.089352510379287209e-02 1.450342361451947948e+00 5.310179755444695893e+00 1.551111422827921471e+00
4.705908406499999863e+00 5.521099629253746477e-02 1.422308346335521501e+00 5.180338519502166506e+00 1.513757688574356663e+00
4.683866438499999951e+00 4.490571980065995172e-02 1.396153332965146099e+00 5.157005234406758731e+00 1.499323189153216385e+00
4.662029993500000025e+00 4.876530952378182321e-02 1.370408811325342091e+00 5.039275023606975878e+00 1.465227015271953315e+00
4.640396210500000507e+00 5.544671820160040898e-02 1.345545287078216967e+00 4.907563413000959329e+00 1.428563963824600602e+00
4.618962280499999906e+00 6.416878016620937430e-02 1.321369244079044103e+00 4.765106539347905290e+00 1.389946021706356838e+00
4.597725447000000187e+00 7.394384376248623603e-02 1.297514421460321143e+00 4.618610712881831226e+00 1.350710140265915404e+00
4.576683004500000429e+00 8.596090276600998337e-02 1.273975046288033708e+00 4.459102631663160565e+00 1.309022524294034096e+00
4.555832295500000129e+00 9.996834164696660752e-02 1.250405015360341654e+00 4.285873495608499617e+00 1.264667660772833324e+00
4.535170711499999285e+00 1.180277098758214099e-01 1.227200525070376358e+00 4.077690086990302554e+00 1.213261747397609058e+00
4.514695691500000052e+00 1.478170945941905123e-01 1.205093642136993770e+00 3.768182613058932429e+00 1.140655058708807568e+00
4.494404719000000270e+00 2.135653967728197711e-01 1.166717025086823289e+00 3.138089987356381005e+00 9.972674139273349780e-01
4.474295323499999810e+00 2.856680187771906687e-01 1.013365254204857013e+00 2.164667363475170525e+00 7.603951867788304453e-01
4.454365079000000449e+00 3.032285657593379313e-01 7.720984280954530377e-01 1.246389036121153815e+00 5.131185090499648105e-01
4.434611602500000416e+00 2.334320222826903324e-01 4.443719585218000589e-01 5.482137894172380843e-01 2.873171218007353755e-01
4.415032552499999596e+00 1.614742113606333351e-01 2.549463787099576773e-01 2.752837151962270190e-01 1.759765478507215042e-01
4.395625627999999452e+00 1.117201201829799706e-01 1.533271660051136742e-01 1.582913466857793494e-01 1.169125779750976313e-01
4.376388569499999548e+00 1.104076398657580643e-01 1.473486265017244223e-01 1.499542401892515753e-01 1.147292364004498105e-01
4.357319157000000054e+00 4.109927179755692300e-02 4.003975642905539811e-02 4.089043317903270913e-02 4.151148596209602165e-02
4.338415208000000689e+00 2.252041277987322510e-02 1.943236792495508722e-02 2.038271012940329890e-02 2.267432643555315763e-02
4.319674578499999917e+00 8.034278151884842109e-03 5.777027508229116461e-03 6.737256176436019067e-03 8.137668747151128104e-03
4.301095161000000111e+00 3.257054529988724460e-03 2.459179567256811107e-03 3.518473215492310888e-03 3.584282147273746416e-03
4.282674884000000404e+00 2.264262204732376844e-03 2.217078461584848399e-03 3.374514862701528169e-03 2.720129296636257608e-03
4.264411711499999313e+00 2.336046941057479814e-03 2.203201532081585506e-03 3.501923292319148156e-03 2.829914426821431277e-03
4.246303642500000031e+00 2.019225328551394784e-03 2.069006000063352505e-03 3.253721428571733441e-03 2.491931102600646476e-03
4.228348709500000524e+00 1.914257651323611736e-03 1.795476867801557236e-03 2.640572217572921803e-03 2.246096424843151487e-03
4.210544977499999675e+00 6.650215226738846568e-03 4.834260014200822755e-03 5.320793013814607321e-03 6.651107709096462824e-03
4.192890545000000024e+00 1.326554562041824259e-01 2.390002085439799084e-01 2.755524599884164316e-01 1.560347749810065132e-01
4.175383542499999656e+00 1.900889408517532075e-01 7.381614270449164961e-01 1.733175298471188785e+00 5.703988521659181243e-01
4.158022129999999095e+00 1.623220352076997219e-01 7.409411268207487522e-01 1.965136952588599328e+00 6.161253857554435109e-01
4.140804498999999694e+00 1.501714375800318468e-01 7.306286489874678214e-01 1.994256847092770624e+00 6.175502587967403034e-01
4.123728871000000851e+00 1.381960078335438824e-01 7.203421448355520340e-01 2.022946106669554656e+00 6.189664209099738912e-01
4.106793496499999918e+00 1.256445947084298409e-01 7.102350711018349250e-01 2.055645076572771845e+00 6.213251518490015002e-01
4.089996654500000162e+00 1.120671075935247701e-01 7.000288151234471679e-01 2.096165022057579819e+00 6.254315717148066778e-01
4.073336651500000016e+00 9.750446462266179615e-02 6.894459475562640938e-01 2.145669945516930355e+00 6.315080224439176826e-01
4.056811823000000317e+00 8.311014316776585420e-02 6.779217053609153387e-01 2.192518319876155530e+00 6.369997281588003490e-01
4.040420530500000496e+00 6.971593362936367999e-02 6.654870529466887508e-01 2.231501428566836420e+00 6.408260018229747779e-01
4.024161161000000320e+00 5.765461783630910358e-02 6.523125226486521377e-01 2.261416400549313810e+00 6.427606276491037995e-01
4.008032128500000013e+00 4.709314839625876326e-02 6.386305982978470741e-01 2.281543149971077433e+00 6.426883433934947876e-01
3.992031872500000134e+00 3.837600509286592798e-02 6.247682946813676308e-01 2.289743003412224365e+00 6.401871550529998345e-01
3.976158856499999672e+00 3.136106344038174648e-02 6.107503185817292346e-01 2.286291371687044993e+00 6.352665132598824815e-01
3.960411568999999687e+00 2.571722633311776876e-02 5.971026050600386492e-01 2.274890121394900433e+00 6.288002871201630040e-01
3.944788522000000075e+00 2.128686716060996034e-02 5.835677809288685181e-01 2.255395320595312114e+00 6.206866918668014765e-01
3.929288250499999968e+00 1.782646746944198043e-02 5.702820545253747264e-01 2.229838587953060003e+00 6.113795478994309418e-01
3.913909313499999598e+00 1.512739722256636540e-02 5.572699408007465438e-01 2.199598476400325353e+00 6.011679525921572731e-01
3.898650292000000128e+00 1.299417329747983192e-02 5.445026413437692447e-01 2.165996178476881528e+00 5.903355145409032723e-01
3.883509788000000018e+00 1.128662581814179888e-02 5.319877244564593655e-01 2.130134680907736833e+00 5.791183283869575371e-01
3.868486426500000075e+00 9.919378111705946105e-03 5.197083950233523097e-01 2.092501545442671862e+00 5.676118461636716628e-01
3.853578853500000179e+00 8.886868648891864744e-03 5.075270636254145540e-01 2.052654281789666690e+00 5.556934374477257021e-01
3.838785735500000129e+00 7.997123553856884046e-03 4.956169971061779589e-01 2.012710502853475969e+00 5.438421713930501333e-01
3.824105759000000049e+00 7.117018033074610020e-03 4.842880773889606250e-01 1.974760122626826764e+00 5.325564918123520952e-01
3.809537631000000424e+00 6.620644449569325525e-03 4.727889785944524581e-01 1.933175299604806829e+00 5.204970487795680389e-01
3.795080078499999843e+00 6.024394920348384933e-03 4.618640149847230703e-01 1.894519824577349132e+00 5.092185064876323386e-01
3.780731847000000201e+00 5.462406412463057144e-03 4.511510631398347737e-01 1.856460384074922976e+00 4.981474518372741023e-01
3.766491701000000081e+00 5.057248804176632702e-03 4.405460576163147124e-01 1.817653525430270367e+00 4.869646668289623892e-01
3.752358424000000081e+00 4.738089797099782029e-03 4.301570607188286988e-01 1.778891529053252984e+00 4.758615746580898143e-01
3.738330818000000111e+00 4.463707150335019525e-03 4.199708197277519095e-01 1.740459777521068618e+00 4.648984435396697479e-01
3.724407701500000112e+00 4.229067733680323508e-03 4.099980285297100124e-01 1.702509114259992407e+00 4.541124294928243210e-01
3.710587911500000224e+00 4.034861395273230643e-03 4.002054769401390821e-01 1.664949458194814325e+00 4.434751068154711429e-01
3.696870301999999775e+00 3.888834335197883640e-03 3.905433048327585643e-01 1.627700942638487414e+00 4.329724545092673016e-01
3.683253743999999941e+00 3.686466406929881506e-03 3.812374082984780754e-01 1.591776100310262176e+00 4.228231772014450773e-01
3.669737125500000197e+00 3.503431743544747033e-03 3.721428188492948430e-01 1.556531066085356407e+00 4.128883677990626833e-01
3.656319349499999927e+00 3.370156834315557199e-03 3.631978512902198086e-01 1.521545296638910472e+00 4.030656133944994779e-01
3.642999335999999921e+00 3.215837549510443694e-03 3.544556048651046898e-01 1.487523370145074519e+00 3.935129383317445551e-01
3.629776021000000075e+00 3.065113115334921687e-03 3.459125378887854541e-01 1.454041205794941227e+00 3.841366970700747507e-01
3.616648354500000107e+00 2.927162468514668547e-03 3.375530255996760376e-01 1.421201746886533890e+00 3.749570542376869930e-01
3.603615302500000173e+00 2.817563020497593999e-03 3.293705427037562083e-01 1.388816806738683018e+00 3.659319817848689094e-01
3.590675846499999935e+00 2.732635175554446599e-03 3.213640046500699232e-01 1.356997133240859910e+00 3.570804940166962815e-01
3.577828980999999686e+00 2.630188975752151704e-03 3.135435295877047612e-01 1.325903016031575010e+00 3.484422684699544082e-01
3.565073715999999671e+00 2.506756987590639651e-03 3.059045299091218140e-01 1.295648393714720514e+00 3.400412146554511184e-01
3.552409075999999999e+00 2.401955947993549868e-03 2.984284683983187692e-01 1.265897124577615163e+00 3.317991586731019460e-01
3.539834098000000040e+00 2.315570166048045407e-03 2.911137180109804046e-01 1.236678588145980084e+00 3.237196720041256581e-01
3.527347833000000321e+00 2.234001142143906236e-03 2.839634918071166636e-01 1.208004008794226314e+00 3.158064985441424999e-01
3.514949345499999822e+00 2.154619494210243021e-03 2.769726335751679924e-01 1.179952751587696413e+00 3.080765867762459420e-01
3.502637713500000416e+00 2.087222950607576719e-03 2.701297181938731584e-01 1.152365012109695108e+00 3.004950733550763031e-01
3.490412027000000528e+00 2.025582455167377911e-03 2.634377770526912799e-01 1.125288281352863295e+00 2.930698510119379985e-01
3.478271389500000144e+00 1.961156144204491154e-03 2.569084101157680933e-01 1.098904182069017743e+00 2.858338169860746847e-01
3.466214917000000284e+00 1.894076703067598027e-03 2.505317926030165565e-01 1.073114901601975868e+00 2.787701610644596206e-01
3.454241737000000256e+00 1.829036019484414763e-03 2.443022602771031948e-01 1.047868700633489469e+00 2.718650010502636771e-01
3.442350989499999958e+00 1.771595252542185238e-03 2.382042844470622089e-01 1.023082404510728294e+00 2.651032132350085724e-01
3.430541825499999753e+00 1.706236378932801017e-03 2.322534161555685761e-01 9.988789487931620803e-01 2.585092595840834395e-01
3.418813408500000151e+00 1.643348595403793530e-03 2.264356734352444001e-01 9.751817332611248945e-01 2.520656069233456753e-01
3.407164913499999948e+00 1.585905144078440234e-03 2.207506245047056725e-01 9.519892868852274370e-01 2.457681127486004424e-01
3.395595526000000142e+00 1.531288280809000842e-03 2.152122443148846709e-01 9.293924012724403827e-01 2.396260320041116720e-01
3.384104443000000018e+00 1.481506800918085164e-03 2.097943931290301711e-01 9.072084254881600529e-01 2.336130801561858428e-01
3.372690872499999770e+00 1.441336978721445127e-03 2.044746670407145139e-01 8.852517539736234342e-01 2.276967413281760777e-01
3.361354032499999978e+00 1.387339770746778920e-03 1.993224620568727901e-01 8.641663168625483005e-01 2.219844639707228562e-01
3.350093151499999866e+00 1.342995901463695180e-03 1.942932973279245246e-01 8.435237164107456387e-01 2.163962020713177670e-01
3.338907469000000017e+00 1.295706892509136026e-03 1.893723744503120199e-01 8.232559883946900525e-01 2.109315409767695826e-01
3.327796234500000061e+00 1.235936879022285495e-03 1.845873899998104195e-01 8.036966363019868442e-01 2.056497048940758021e-01
3.316758706999999973e+00 1.193529316899780103e-03 1.798899595288213360e-01 7.842787806352168323e-01 2.004328347993610815e-01
3.305794155500000109e+00 1.152757166522101577e-03 1.753044081463654147e-01 7.652912375516384147e-01 1.953389816087079400e-01
3.294901858499999836e+00 1.113346397741878579e-03 1.708267533104665115e-01 7.467206855170406277e-01 1.903641994431464757e-01
3.284081104499999793e+00 1.075292255432801908e-03 1.664570626557257405e-01 7.285691942853134151e-01 1.855085339458972249e-01
3.273331190499999543e+00 1.038497228894547184e-03 1.621909043888036528e-01 7.108198263371294789e-01 1.807672209013601039e-01
3.262651422999999884e+00 1.002920748226287162e-03 1.580267957937594725e-01 6.934681041125350109e-01 1.761386668702795422e-01
3.252041118500000216e+00 9.685449047139873223e-04 1.539633336426430577e-01 6.765094186842113277e-01 1.716213110061963198e-01
3.241499601000000119e+00 9.354520296984972704e-04 1.499972250282391173e-01 6.599294608348598157e-01 1.672111862380201430e-01
3.231026203499999916e+00 9.036791505301994222e-04 1.461259588583975755e-01 6.437185750214757807e-01 1.629054190364290777e-01
3.220620268000000230e+00 8.728936594841800673e-04 1.423486348325050388e-01 6.278781853349207909e-01 1.587038388915296139e-01
3.210281144500000128e+00 8.426015912612413615e-04 1.386635151825358625e-01 6.124067262781561771e-01 1.546054788979093486e-01
3.200008192000000307e+00 8.139325754681764336e-04 1.350676007631599340e-01 5.972796196220296894e-01 1.506042999485247558e-01
3.189800777500000351e+00 7.867131962837338151e-04 1.315583778682073990e-01 5.824896285242403549e-01 1.466980006187540431e-01
3.179658275499999576e+00 7.628746962257062928e-04 1.281308683291190742e-01 5.679921816262147871e-01 1.428761920487146564e-01
3.169580068500000181e+00 7.420113305717518240e-04 1.247767426799690216e-01 5.537667629236656675e-01 1.391324865947448364e-01
3.159565547000000141e+00 7.165013365095796718e-04 1.215133810408793313e-01 5.399667172340582022e-01 1.355019442445706268e-01
3.149614109999999911e+00 6.844346066749545628e-04 1.183605090180072511e-01 5.266868354569744781e-01 1.320079938895858118e-01
3.139725163000000485e+00 6.606212224554036151e-04 1.152620095490936858e-01 5.135407267766657347e-01 1.285589593628440330e-01
3.129898118999999923e+00 6.466641311737817170e-04 1.122057091635613318e-01 5.004593077542881518e-01 1.251380437991309325e-01
3.120132399000000056e+00 6.279737690975145019e-04 1.092557894544384789e-01 4.878631816431565071e-01 1.218446176257936553e-01
3.110427430000000104e+00 5.998497447797127924e-04 1.064046535577179708e-01 4.757793231760848451e-01 1.186830362008858136e-01
3.100782646999999947e+00 5.734003870346617579e-04 1.036161576012900459e-01 4.639429644597359292e-01 1.155904387296674968e-01
3.091197492500000088e+00 5.525367422491263758e-04 1.008840615347794678e-01 4.522763823576222419e-01 1.125496306308916422e-01
3.081671415000000191e+00 5.333691008980271384e-04 9.821837434903699093e-02 4.408642706687872503e-01 1.095798730319726688e-01
3.072203870000000059e+00 5.151083291979771618e-04 9.561907909500950986e-02 4.297172075318564377e-01 1.066831462860419466e-01
3.062794319500000029e+00 4.972349206738004793e-04 9.308534020282946408e-02 4.188385526141004123e-01 1.038597735343878142e-01
3.053442232000000089e+00 4.814748819368600951e-04 9.061152278313652775e-02 4.081814889443032279e-01 1.010989195411130109e-01
3.044147082999999920e+00 4.645495593165193966e-04 8.820436359984054620e-02 3.978187799201908792e-01 9.841650071369857644e-02
3.034908353999999697e+00 4.543343722492429633e-04 8.584325746548723823e-02 3.875578874646891658e-01 9.576931500948540621e-02
3.025725533000000134e+00 4.540144113649831272e-04 8.351434843908552008e-02 3.773143218030163837e-01 9.313616633232875419e-02
3.016598114499999816e+00 4.520112083728179079e-04 8.123032271318406106e-02 3.673021872938735943e-01 9.056281890776568533e-02
3.007525597999999967e+00 4.217593798028509652e-04 7.909211990158207528e-02 3.582347828679639523e-01 8.821710925502607159e-02
2.998507489499999679e+00 4.010661333253413797e-04 7.699098715938944293e-02 3.492034549417258327e-01 8.589022840415730387e-02
2.989543301499999917e+00 4.011053872459217602e-04 7.486895948539183665e-02 3.398319765319170460e-01 8.349346139696380009e-02
2.980632551500000282e+00 4.354799037235602965e-04 7.267038857780751260e-02 3.297235455124343795e-01 8.093411182977465479e-02
2.971774762999999986e+00 4.317573065103760062e-04 7.073100057645211047e-02 3.211208483920451329e-01 7.873920779440365947e-02
2.962969466000000107e+00 3.654099673283500412e-04 6.902207997045625709e-02 3.142902236326531318e-01 7.695616026202475868e-02
2.954216194499999837e+00 3.304058817184915456e-04 6.722337067956522805e-02 3.067349373832854442e-01 7.500855532758703148e-02
2.945514489000000236e+00 3.134138736764503753e-04 6.542285547490934994e-02 2.989465427775814810e-01 7.301568584817623442e-02
2.936863895500000154e+00 3.025500200157039466e-04 6.365517848574661630e-02 2.912059470126890925e-01 7.104329523934191370e-02
2.928263964000000108e+00 2.925014916343043089e-04 6.193190909815206313e-02 2.836414870735523008e-01 6.911887264940883013e-02
2.919714251500000302e+00 2.829865649462047711e-04 6.025216085026968704e-02 2.762517191885520695e-01 6.724198604543056568e-02
2.911214319499999981e+00 2.765285226223614633e-04 5.860934760178680009e-02 2.689691593831161631e-01 6.539808490951795616e-02
2.902763734499999693e+00 2.757134109977466539e-04 5.699137913216704987e-02 2.617062440859539985e-01 6.356764120805231955e-02
2.894362067499999913e+00 2.843407336190871418e-04 5.539143293105275312e-02 2.543717631317186090e-01 6.173001521433729710e-02
2.886008894999999796e+00 3.223555098332823348e-04 5.373825550426416381e-02 2.463910465689773677e-01 5.975560955314353911e-02
2.877703798999999840e+00 4.169993926021524312e-04 5.192659136613744786e-02 2.369439244182933446e-01 5.745790563817990138e-02
2.869446365499999985e+00 5.603597524434644891e-04 4.995746695952054534e-02 2.261527388137497818e-01 5.486179736861594713e-02
2.861236185000000098e+00 6.844860819484603794e-04 4.790283545225224732e-02 2.153470559670550566e-01 5.224821112879481783e-02
