# wl [um], spectra (phi=0), spectra (phi=90), spectra (phi=180), spectra (phi=270)
5.500000000000000000e+03 5.606626718839273667e-08 7.033045945511681701e-08 9.306068093868285766e-08 7.143803006034504632e-08
7.500000000000000000e+02 7.166648308300814041e-06 8.807090648097076632e-06 1.143525878116286654e-05 8.940174998080638080e-06
4.166666666500000247e+02 6.001735081700587551e-05 7.150818040476383450e-05 9.009302578905675524e-05 7.248992252508249228e-05
2.916666666500000247e+02 2.425779543175464871e-04 2.785120981867008141e-04 3.374332474003583849e-04 2.817876217194716180e-04
2.250000000000000000e+02 6.901244197463878970e-04 7.637984300663145862e-04 8.869014385309930380e-04 7.710885844350981498e-04
1.833333333500000037e+02 1.577211405819211373e-03 1.693355368566169458e-03 1.891946463781400472e-03 1.706021659576956260e-03
1.547619047999999964e+02 3.093404335346930899e-03 3.249787113942355192e-03 3.523927188736487859e-03 3.268549659867008191e-03
1.339285714499999926e+02 5.431099778999855937e-03 5.627313845427322873e-03 5.979211290191430682e-03 5.652694267126559362e-03
1.180555555500000082e+02 8.796145309789510022e-03 9.042510113290746707e-03 9.492612654259113131e-03 9.076195168522120313e-03
1.055555555500000082e+02 1.341754583742257173e-02 1.374253821299941704e-02 1.434435753180069925e-02 1.378937867832685620e-02
9.545454545499998744e+01 1.954187242034699859e-02 1.999430868601812655e-02 2.084037198087461754e-02 2.006366925019731351e-02
8.712121211999999559e+01 2.741132909024281833e-02 2.808308796081808792e-02 2.934626688257032170e-02 2.819379072007619294e-02
8.012820512499999381e+01 3.720923199031429124e-02 3.827891059857523037e-02 4.028811282410053873e-02 3.846686108470211835e-02
7.417582417500000247e+01 4.901478980389109563e-02 5.078017819880839556e-02 5.407155064289448365e-02 5.110201281653602157e-02
6.904761905000000866e+01 6.274001524575832656e-02 6.569187738868678683e-02 7.112456730830547802e-02 6.623145329539820159e-02
6.458333333499999185e+01 7.804029397055139983e-02 8.295954900072326221e-02 9.186416047683795827e-02 8.383101867547347597e-02
6.066176470499999596e+01 9.441569094554891350e-02 1.024317880425156396e-01 1.166848351601450229e-01 1.037722702081044363e-01
5.718954248500000404e+01 1.111876239965093466e-01 1.238203783855804929e-01 1.458905088774264669e-01 1.257751725121202535e-01
5.409356725499999641e+01 1.279612847394880348e-01 1.470076987997919749e-01 1.797745999295873864e-01 1.497135342798716073e-01
5.131578947500000254e+01 1.441926644770247234e-01 1.717675606801416788e-01 2.185835772775046593e-01 1.753498591016567076e-01
4.880952381000000173e+01 1.595935514615495487e-01 1.980167360660674003e-01 2.625186300663028272e-01 2.025682357015129997e-01
4.653679653500000057e+01 1.746156242336311393e-01 2.260952875312220445e-01 3.117500004789067192e-01 2.316687973694331049e-01
4.446640315999999871e+01 1.899722393890549144e-01 2.564343145069699070e-01 3.662983529519572290e-01 2.630878854282739376e-01
4.257246376999999882e+01 2.067972261723127481e-01 2.897679306786626330e-01 4.263681481792853112e-01 2.976007038658932680e-01
4.083333333499999895e+01 2.250329676949495705e-01 3.260702490600609349e-01 4.920024695603336107e-01 3.351995592742878505e-01
3.923076922999999994e+01 2.446474579157588147e-01 3.654299607443958764e-01 5.635241770333204725e-01 3.759892162008996452e-01
3.774928775000000059e+01 2.655377049969560033e-01 4.078412659040645538e-01 6.411012178988274579e-01 4.199715901033005960e-01
3.637566137499999996e+01 2.873352177847733890e-01 4.530704047752947550e-01 7.247098690595571435e-01 4.669113906979630579e-01
3.509852216500000566e+01 3.100104963506645772e-01 5.011773264390204652e-01 8.145886823948581545e-01 5.168761994852683062e-01
3.390804597500000739e+01 3.334559713182866370e-01 5.521602607944329222e-01 9.109388395343100964e-01 5.698711869856967205e-01
3.279569892499999639e+01 3.573033730003836173e-01 6.056735566207707144e-01 1.013430490207398948e+00 6.255400250271229146e-01
3.175403225999999890e+01 3.816730519810676014e-01 6.619930477053764806e-01 1.122671668375875509e+00 6.841797573315551162e-01
3.077651515000000160e+01 4.063431563174628169e-01 7.207358432155043237e-01 1.237985182428382291e+00 7.453847339594188437e-01
2.985739750500000156e+01 4.312006254334829203e-01 7.820879513025786878e-01 1.360131242883727776e+00 8.093656129590177661e-01
2.899159663999999736e+01 4.561473588531880230e-01 8.457355286664819394e-01 1.488420006052490141e+00 8.757893300320847008e-01
2.817460317500000144e+01 4.811133886528019543e-01 9.116731889923561649e-01 1.622994621271105720e+00 9.446556158561688621e-01
2.740240240500000013e+01 5.060444896010353188e-01 9.799552968000697639e-01 1.764172401071973706e+00 1.016028392826776372e+00
2.667140824999999893e+01 5.307710975514911000e-01 1.050205898180587960e+00 1.911178007466902473e+00 1.089512426386932686e+00
2.597840755500000398e+01 5.551617575409458771e-01 1.122504713276282651e+00 2.064554773499974516e+00 1.165214533883142334e+00
2.532051282000000114e+01 5.793473559316389965e-01 1.196642714675976604e+00 2.223489751502381928e+00 1.242881292785085190e+00
2.469512195000000077e+01 6.031015619059854060e-01 1.272638321482369106e+00 2.388535261804843213e+00 1.322559527124622436e+00
2.409988385500000163e+01 6.263318916770703737e-01 1.350148780623492639e+00 2.558860328934778661e+00 1.403879555765050080e+00
2.353266887999999923e+01 6.490340901874083190e-01 1.429294895674825705e+00 2.734907755907660665e+00 1.486980911605047861e+00
2.299154333999999977e+01 6.702028086494472570e-01 1.509347056705255374e+00 2.916409085066763218e+00 1.571209416418354321e+00
2.247474747500000092e+01 6.918731650903637842e-01 1.591231627863441744e+00 3.102471260930636188e+00 1.657287446913691120e+00
2.198067632500000101e+01 7.128750231979319452e-01 1.674277695346452211e+00 3.293304562793077928e+00 1.744653079415710017e+00
2.150786308500000032e+01 7.331734797710891538e-01 1.758420083096356556e+00 3.488842274032315949e+00 1.833247508208370569e+00
2.105496453499999987e+01 7.526925698179017798e-01 1.843429020339592439e+00 3.688586906296252632e+00 1.922816069867561817e+00
2.062074830000000247e+01 7.686978441527814176e-01 1.927822082729758746e+00 3.892958580116383516e+00 2.011758802346027331e+00
2.020408163500000143e+01 7.859198920363794638e-01 2.013974239101655073e+00 4.100903780286665246e+00 2.102702298784932200e+00
1.980392156999999997e+01 8.034086097601903509e-01 2.101192530181483331e+00 4.311982778466497912e+00 2.194810262922097355e+00
1.941930618499999994e+01 8.198464986771435425e-01 2.188748261455889299e+00 4.526435269591925881e+00 2.287343923802751533e+00
1.904934688000000165e+01 8.352456964372895198e-01 2.276501274697115829e+00 4.743883229304143079e+00 2.380153774525060051e+00
1.869322152499999845e+01 8.494895951602817741e-01 2.364288026595275927e+00 4.964102625496058074e+00 2.473068643343845352e+00
1.835016835000000057e+01 8.635910439404367311e-01 2.452477088795777416e+00 5.186441951555639029e+00 2.566460975666119637e+00
1.801948052000000189e+01 8.747999426111254806e-01 2.539614646013713450e+00 5.411527777660980476e+00 2.658839915797831743e+00
1.770050125499999893e+01 8.868504171545137371e-01 2.627415316623573194e+00 5.637857367742321379e+00 2.751956040619512933e+00
1.739261948000000046e+01 9.015992139737672995e-01 2.716657382128313092e+00 5.864464384928055551e+00 2.846591532243519129e+00
1.709526592499999964e+01 9.295480816439001259e-01 2.812154096249560364e+00 6.086908119153449093e+00 2.947573009350446416e+00
1.680790960499999898e+01 1.018770032376627110e+00 2.935184130874877173e+00 6.282346943049150312e+00 3.075924181232325694e+00
1.653005464499999988e+01 1.058619640694144826e+00 3.032838304422040832e+00 6.491638330068125740e+00 3.178169502730059381e+00
1.626123743999999860e+01 1.359555226285067198e+00 3.231825906030911355e+00 6.533303259726706891e+00 3.376768197332607802e+00
1.600102406499999930e+01 1.228884437136807728e+00 3.270140390527362051e+00 6.874824147618375569e+00 3.425738617843238298e+00
1.574900793500000162e+01 1.821388988276887000e+00 3.578126745761639693e+00 6.719300222068474326e+00 3.728359911442027386e+00
1.550480768999999981e+01 2.437717843698048004e+00 3.807488670216295112e+00 6.293100840482138025e+00 3.935997748500568161e+00
1.526806526500000061e+01 2.859101619598196642e+00 3.958923326981263369e+00 5.982670492374699833e+00 4.067304125776320056e+00
1.503844413999999929e+01 2.793797011377773032e+00 3.654411899276009290e+00 5.237276846976114619e+00 3.733987055945348299e+00
1.481562774000000005e+01 3.210786634291798336e+00 4.221637583534104010e+00 6.109820752276248434e+00 4.328519814228830143e+00
1.459931798500000077e+01 3.002423743748171781e+00 4.265140827656511924e+00 6.609610052839376415e+00 4.393054436912114724e+00
1.438923395499999991e+01 2.551017074719778677e+00 4.281272296432807600e+00 7.462459312305824710e+00 4.444901031836404393e+00
1.418511066499999984e+01 1.836578924615313912e+00 4.134314068343761583e+00 8.315337509229207669e+00 4.326894686655935907e+00
1.398669796500000118e+01 1.424567089571040279e+00 4.051830401864883413e+00 8.817386520626438795e+00 4.256115992002643900e+00
1.379375951499999964e+01 1.368452171842178711e+00 4.063935262333149723e+00 8.955761621064533884e+00 4.264585180924244767e+00
1.360607182500000079e+01 1.146109895413847335e+00 4.064787521147986915e+00 9.369224207496069212e+00 4.278501975611971986e+00
1.342342342000000066e+01 1.080080595065433968e+00 4.109466992057570600e+00 9.627342285851876014e+00 4.329675031220077130e+00
1.324561403500000090e+01 9.379786373796109578e-01 4.113336617520719329e+00 9.904501841894747471e+00 4.338314605102914001e+00
1.307245386499999995e+01 8.980163159072709345e-01 4.160199641113016433e+00 1.012464548458860314e+01 4.389673131692779506e+00
1.290376290500000067e+01 8.803630497512048292e-01 4.215642844078665519e+00 1.033080105604987331e+01 4.449669770205311181e+00
1.273937033500000027e+01 8.690170210207637247e-01 4.272341442391721422e+00 1.053027254328209672e+01 4.510907620074807944e+00
1.257911392499999970e+01 8.644005841430549841e-01 4.330420178348447280e+00 1.072258854677727591e+01 4.573508857078886436e+00
1.242283950499999889e+01 8.497389334942524464e-01 4.382037171760054584e+00 1.091517639405416951e+01 4.629453995034370273e+00
1.227040047999999928e+01 8.385978093998182059e-01 4.433440334850775599e+00 1.110170695524699447e+01 4.685121493079548394e+00
1.212165736000000038e+01 8.272612177318300342e-01 4.482849821488221309e+00 1.128368522436847776e+01 4.738684269632648771e+00
1.197647733499999845e+01 8.156696095438691341e-01 4.530207318071079570e+00 1.146102412117042135e+01 4.790080796813356301e+00
1.183473388999999898e+01 8.040659010325595935e-01 4.575601599201977621e+00 1.163350754249363384e+01 4.839401914638733260e+00
1.169630642999999992e+01 7.921822465850811845e-01 4.618877348412677719e+00 1.180113903952942778e+01 4.886485141576533131e+00
1.156107992500000137e+01 7.800779079221121792e-01 4.660038542531059313e+00 1.196379135338666266e+01 4.931332648319925127e+00
1.142894461499999892e+01 7.676637394169464335e-01 4.699021067597708878e+00 1.212140887656202182e+01 4.973876450735012611e+00
1.129979570999999972e+01 7.550906895586192435e-01 4.735878493086194574e+00 1.227383759465796764e+01 5.014169676052549818e+00
1.117353308499999898e+01 7.423630084251892081e-01 4.770597612110776709e+00 1.242099647542378449e+01 5.052196515610269500e+00
1.105006105000000005e+01 7.295289279649459502e-01 4.803189700846738575e+00 1.256279494925803419e+01 5.087967592555767027e+00
1.092928810499999948e+01 7.165869578049238742e-01 4.833644974891599944e+00 1.269917073174125832e+01 5.121470638037232348e+00
1.081112669500000045e+01 7.036831010164364963e-01 4.862024228576111717e+00 1.282999533100757539e+01 5.152766180618521652e+00
1.069549302000000068e+01 6.912444596693065879e-01 4.888518323162854173e+00 1.295500113157531885e+01 5.182050185122553998e+00
1.058230683000000028e+01 6.790866349456530227e-01 4.913028372159255142e+00 1.307419857534072527e+01 5.209216216710849778e+00
1.047149122999999982e+01 6.649004541887931774e-01 4.934538187263973086e+00 1.318885048088659673e+01 5.233223619397400661e+00
1.036297250999999875e+01 6.513655911029373469e-01 4.954260211735380892e+00 1.329751069905765704e+01 5.255318450107954398e+00
1.025667998999999853e+01 6.397533490923378308e-01 4.972763146961499459e+00 1.339943473046046130e+01 5.276082058261634344e+00
1.015254586500000045e+01 6.246497509258175374e-01 4.987660165061172712e+00 1.349765933915955607e+01 5.293066122345797986e+00
1.005050504999999994e+01 6.102432175956171712e-01 5.000790015714470016e+00 1.358975950312802539e+01 5.308149579053399236e+00
9.950495049499998856e+00 5.969427152911117584e-01 5.012379123565750660e+00 1.367558003137497735e+01 5.321569418169723065e+00
9.852455834000000578e+00 5.839015440374137889e-01 5.022064409212161351e+00 1.375559469533804702e+01 5.332953303309893478e+00
9.756329716499999805e+00 5.712829600233627625e-01 5.029935532078500415e+00 1.382972194230623053e+01 5.342392438315878955e+00
9.662061239499999843e+00 5.593594019203738110e-01 5.036124205960240019e+00 1.389779941815662134e+01 5.350022071069073348e+00
9.569597069500000330e+00 5.478661176390289267e-01 5.040524332882472258e+00 1.395996899356890708e+01 5.355729631363628229e+00
9.478885894000001144e+00 5.357014472049096421e-01 5.042689977554448255e+00 1.401695901810191103e+01 5.359058009121740795e+00
9.389878328500000038e+00 5.212960767763827885e-01 5.042017707156083439e+00 1.406993580133428345e+01 5.359401395048553063e+00
9.302526825999999360e+00 5.122394758557701211e-01 5.041729489780045981e+00 1.411397555418645666e+01 5.360046802162829138e+00
9.216785592999999110e+00 4.982660456171301711e-01 5.037563417877636951e+00 1.415595027537731987e+01 5.356653564906188159e+00
9.132610508999999155e+00 4.835585357567611653e-01 5.031207921984653275e+00 1.419288276141515226e+01 5.350915264939552607e+00
9.049959050000000005e+00 4.709121848957548151e-01 5.023945814883009398e+00 1.422321132051921566e+01 5.344167371233693231e+00
8.968790219000000619e+00 4.591010112837572987e-01 5.015298984595501608e+00 1.424779748243413025e+01 5.335919086817024315e+00
8.889064475499999674e+00 4.474989877085152612e-01 5.005023731150616051e+00 1.426708932836086419e+01 5.325920987327363854e+00
8.810743673499999318e+00 4.360811408673012646e-01 4.993143325938291355e+00 1.428117212428002070e+01 5.314197592962082162e+00
8.733790999500000041e+00 4.248515747151856981e-01 4.979697180953189140e+00 1.429012480545927488e+01 5.300790399372486306e+00
8.658170914500001203e+00 4.138140102656601704e-01 4.964721745899537630e+00 1.429401667757841743e+01 5.285737636731703937e+00
8.583849101000000203e+00 4.029716384960421727e-01 4.948256339336963627e+00 1.429292911425313406e+01 5.269080739613110076e+00
8.510792409000000447e+00 3.923271699769888543e-01 4.930338831617178563e+00 1.428694003323351858e+01 5.250859656065729908e+00
8.438968808000000266e+00 3.818827712986233025e-01 4.911012110915081053e+00 1.427614683034401111e+01 5.231119678723143984e+00
8.368347338999999607e+00 3.716402387020989462e-01 4.890314140143256161e+00 1.426063113241815650e+01 5.209900899817847986e+00
8.298898071500000029e+00 3.616015876868297063e-01 4.868285465775222143e+00 1.424048387615954603e+01 5.187246141491523410e+00
8.230592060500001139e+00 3.517697730838957870e-01 4.844963958391530490e+00 1.421578528552430498e+01 5.163195370862888822e+00
8.163401306000000801e+00 3.421542795503278445e-01 4.820398834010172884e+00 1.418664323504136782e+01 5.137800542284531424e+00
8.097298715000000868e+00 3.327662584928177680e-01 4.794627110223520283e+00 1.415312043968869204e+01 5.111100186421866809e+00
8.032258064499998795e+00 3.236072159587153330e-01 4.767680499496063540e+00 1.411528368057012273e+01 5.083127444182006016e+00
7.968253968500000006e+00 3.145392911222811838e-01 4.739589975580630998e+00 1.407348457286023802e+01 5.053921437623600355e+00
7.905261842499999858e+00 3.057344227572065254e-01 4.710409917290183657e+00 1.402751376485697499e+01 5.023532526400858345e+00
7.843257874000000740e+00 2.971482655245558657e-01 4.680203300560650703e+00 1.397764515139962604e+01 4.992030063690445552e+00
7.782218991999999780e+00 2.886672611687202683e-01 4.648969924529274600e+00 1.392407370428111513e+01 4.959417928547225962e+00
7.722122837999999767e+00 2.804044523993712290e-01 4.616766791874773013e+00 1.386673380011789014e+01 4.925751590709270822e+00
7.662947738999999814e+00 2.723688992454220137e-01 4.583635123205493933e+00 1.380570847165367354e+01 4.891074982517562120e+00
7.604672681000000267e+00 2.645385011350412374e-01 4.549569558241736367e+00 1.374098456920886591e+01 4.855382797412079121e+00
7.547277283999999753e+00 2.569053847300477589e-01 4.514744020733481911e+00 1.367316903841412490e+01 4.818861987773551014e+00
7.490741779500000419e+00 2.494761347646419491e-01 4.479006020705218027e+00 1.360165498674745344e+01 4.781347759381845641e+00
7.435046986999999774e+00 2.422755908024743776e-01 4.442588679268580698e+00 1.352721307329019673e+01 4.743089237917416767e+00
7.380174291499999484e+00 2.352423837781031923e-01 4.405430941633791342e+00 1.344969708385106522e+01 4.704022825360040017e+00
7.326105624500000246e+00 2.282773047951224266e-01 4.367339897234741031e+00 1.336861594575726464e+01 4.663944993366182068e+00
7.272823442500000013e+00 2.216324533510740658e-01 4.328826237864887183e+00 1.328522281904876223e+01 4.623394118616466208e+00
7.220310708000000410e+00 2.150715104208388573e-01 4.289610185420541733e+00 1.319896788065861237e+01 4.582079093419054949e+00
7.168550873500000087e+00 2.086378933495403043e-01 4.249548767764448343e+00 1.310930529663908217e+01 4.539842931675477367e+00
7.117527862499999358e+00 2.024200113206204299e-01 4.209617464820173183e+00 1.301930374170729543e+01 4.497732516373492473e+00
7.067226051500000494e+00 1.963620255501232204e-01 4.168215920866341406e+00 1.292365583236712823e+01 4.454025899057365123e+00
7.017630257000000427e+00 1.904991493557690596e-01 4.127321353268853521e+00 1.282895174810892414e+01 4.410851518765647405e+00
6.968725718499999999e+00 1.847809935638320689e-01 4.085170901213206918e+00 1.272930964898313633e+01 4.366311900881707508e+00
6.920498084000000105e+00 1.792411256448980250e-01 4.043415882670997163e+00 1.263023399748244202e+01 4.322184550064491759e+00
6.872933396000000528e+00 1.738065563510514666e-01 3.999634531134066862e+00 1.252375681336872937e+01 4.275861893347263631e+00
6.826018078000000600e+00 1.685847718749684254e-01 3.957705839102049872e+00 1.242258224077929007e+01 4.231520408103485842e+00
6.779738922499999987e+00 1.634705422334118141e-01 3.913781681256617517e+00 1.231400884335491952e+01 4.185017066669735719e+00
6.734083076499999265e+00 1.585282995894664038e-01 3.870791932529946244e+00 1.220776100983149348e+01 4.139505846545738166e+00
6.689038031499999981e+00 1.536910570395879083e-01 3.826428383979116443e+00 1.209630781841703495e+01 4.092501334914148359e+00
6.644591611500000106e+00 1.489827719898933756e-01 3.781591575335454980e+00 1.198247861079915033e+01 4.044973562605388651e+00
6.600731961999999342e+00 1.444822132283871130e-01 3.738439405155827622e+00 1.187322376370473442e+01 3.999246485951518437e+00
6.557447540000000075e+00 1.400356422512418486e-01 3.692975308767768361e+00 1.175579144816158639e+01 3.951015288539092563e+00
6.514727103000000241e+00 1.357451291584412523e-01 3.648721949363571859e+00 1.164162841486490940e+01 3.904073907010125133e+00
6.472559698499999570e+00 1.315784168593987224e-01 3.603757942156415872e+00 1.152420108454309755e+01 3.856353706142252147e+00
6.430934656499999846e+00 1.275257058839039948e-01 3.558612604352700437e+00 1.140545649365752823e+01 3.808424264772833023e+00
6.389841581000000659e+00 1.236188526452153408e-01 3.514416535232355532e+00 1.128909069558754297e+01 3.761503297070011520e+00
6.349270338000000180e+00 1.198239007166235215e-01 3.469946433795480623e+00 1.117100586167843090e+01 3.714273952851643745e+00
6.309211050000000043e+00 1.161632693882404671e-01 3.425878101974061174e+00 1.105338479713458177e+01 3.667463548417745134e+00
6.269654088000000236e+00 1.125752336484086985e-01 3.380889289413457899e+00 1.093209788604068677e+01 3.619647841488127238e+00
6.230590062000000096e+00 1.090927336612962373e-01 3.335899570708184214e+00 1.081006167296942877e+01 3.571817541395551299e+00
6.192009815000000472e+00 1.056884450066052361e-01 3.290331852920841182e+00 1.068546835498238856e+01 3.523351001462912357e+00
6.153904415500000447e+00 1.024218128500366115e-01 3.245756464378601880e+00 1.056328273753547542e+01 3.475939931661291560e+00
6.116265150500000303e+00 9.922945741707665801e-02 3.200561808776957839e+00 1.043838437252687790e+01 3.427848607077488730e+00
6.079083518499999172e+00 9.615536177155840913e-02 3.156028785560843541e+00 1.031486357036896528e+01 3.380457139724504678e+00
6.042351223499999868e+00 9.312874466480805524e-02 3.110420405292573243e+00 1.018721173682686221e+01 3.331893867027077238e+00
6.006060168999999505e+00 9.026578747800202696e-02 3.067233432686316430e+00 1.006671179737574739e+01 3.285925849781440533e+00
5.970202452000000548e+00 8.745999796579509433e-02 3.023076489182281890e+00 9.942317087441974621e+00 3.238900568499508470e+00
5.934770357499999704e+00 8.471723547400035470e-02 2.978392136612625585e+00 9.815511076421582715e+00 3.191294442329977610e+00
5.899756351999999815e+00 8.206243774931225310e-02 2.934263993255442404e+00 9.689947381456486042e+00 3.144274285774771194e+00
5.865153078500000561e+00 7.951828857367303216e-02 2.891249853435029049e+00 9.567298612022446136e+00 3.098442059205836152e+00
5.830953351999999867e+00 7.703141076553671196e-02 2.847619982278378536e+00 9.441925668367661117e+00 3.051934572386415745e+00
5.797150154500000596e+00 7.464603976538945751e-02 2.805523303586154427e+00 9.321095099398890582e+00 3.007066233518272291e+00
5.763736629000000278e+00 7.227949192729428429e-02 2.761284430398103229e+00 9.192410804403895241e+00 2.959878249911014780e+00
5.730706075499999663e+00 7.003936368951471647e-02 2.719613906602856623e+00 9.071681653656408884e+00 2.915445405775475507e+00
5.698051947999999811e+00 6.784259219071700486e-02 2.677051051068223941e+00 8.947286704917496891e+00 2.870039702546197002e+00
5.665767847999999773e+00 6.571512442528669451e-02 2.635005890023705444e+00 8.824077347575197905e+00 2.825179975098337959e+00
5.633847520999999858e+00 6.364227103133673902e-02 2.592922367902696479e+00 8.700181855272223430e+00 2.780267393969392931e+00
5.602284853499999606e+00 6.165630439030400645e-02 2.551886823025030004e+00 8.579062976555391629e+00 2.736473224986788910e+00
5.571073867499999110e+00 5.971098066669182358e-02 2.510340863480720497e+00 8.455686333374401897e+00 2.692117938447233350e+00
5.540208717000000505e+00 5.784203284056217698e-02 2.469881633142465116e+00 8.335369495957687391e+00 2.648922755690238162e+00
5.509683686499999844e+00 5.602177177498172261e-02 2.429346974035639928e+00 8.214240148548583420e+00 2.605635621525579371e+00
5.479493184499999003e+00 5.425663666593879414e-02 2.389070936547827539e+00 8.093384533237534484e+00 2.562616759147285705e+00
5.449631741499999293e+00 5.254779597125974061e-02 2.349237158011462601e+00 7.973474916232135001e+00 2.520064079934567047e+00
5.420094006999999436e+00 5.089616404515002329e-02 2.309607949291354601e+00 7.853661347902813894e+00 2.477721621356550052e+00
5.390874745499999676e+00 5.433626372282392841e-02 2.272274291944614610e+00 7.729747219021644966e+00 2.437755851588362610e+00
5.361968834499999836e+00 4.967996204042907094e-02 2.232387971077688160e+00 7.614929118731229352e+00 2.395170653807178862e+00
5.333371259499999795e+00 4.673789860885009528e-02 2.193876131458873946e+00 7.500646960628262860e+00 2.354027472726994308e+00
5.305077113499999442e+00 4.542053526394977669e-02 2.155908371298296267e+00 7.384048385180614460e+00 2.313434037971394908e+00
5.277081593000000126e+00 4.416394582053464329e-02 2.118394637562854843e+00 7.268450832374290904e+00 2.273317831396934441e+00
5.249379994499999924e+00 4.315472735945151406e-02 2.081183583201124065e+00 7.152881904560582704e+00 2.233508434429074985e+00
5.221967713499999775e+00 4.248822783912433593e-02 2.044365624624941535e+00 7.037452345453772296e+00 2.194114421885105859e+00
5.194840241499999678e+00 4.025452991412568904e-02 2.007951571798453738e+00 6.926713222412185900e+00 2.155185578202397867e+00
5.167993162500000182e+00 3.925607290637431884e-02 1.971958026496682059e+00 6.814115510332873882e+00 2.116664006356429262e+00
5.141422151500000481e+00 3.730501519188356846e-02 1.936541834559227127e+00 6.705389155718123106e+00 2.078803823555747332e+00
5.115122971999999990e+00 3.611041729663493072e-02 1.901461401848918431e+00 6.595673142834920455e+00 2.041263810713481952e+00
5.089091473999999948e+00 3.513872518019473673e-02 1.866785325153492270e+00 6.486413676636384018e+00 2.004149204728658429e+00
5.063323591499999665e+00 3.392563895256266865e-02 1.832531529748274934e+00 6.378835503757899872e+00 1.967487281985500491e+00
5.037815339499999823e+00 3.310293468065753086e-02 1.798738417908091636e+00 6.271568168900670592e+00 1.931308375242132502e+00
5.012562813999999811e+00 3.259181985113836916e-02 1.765399530320686639e+00 6.164779980206274601e+00 1.895606508964340353e+00
4.987562189000000146e+00 3.206853964887525915e-02 1.731892785702776161e+00 6.057022952347124622e+00 1.859727726627871114e+00
4.962809714000000483e+00 3.435855283504034297e-02 1.699392469764542390e+00 5.945751196974686792e+00 1.824566349062415549e+00
4.938301711999999455e+00 3.200423597272837595e-02 1.667855663273474232e+00 5.848724497197864025e+00 1.791185179958793006e+00
4.914034578999999958e+00 3.264921498219339191e-02 1.636533467562703681e+00 5.744928190493863163e+00 1.757696565917482578e+00
4.890004782000000105e+00 3.479216292519606707e-02 1.605586674297962757e+00 5.638294862170508459e+00 1.724434952024671119e+00
4.866208856000000083e+00 3.788346186115965769e-02 1.574746600080737968e+00 5.529444646510953909e+00 1.691374516494540847e+00
4.842643403000000291e+00 3.953687765668646714e-02 1.544567429647226930e+00 5.426164168117603381e+00 1.658918543083698571e+00
4.819305091000000374e+00 4.533944605372301762e-02 1.514641329014790649e+00 5.313288616883595772e+00 1.626843536693018288e+00
4.796190651499999902e+00 4.107141848776084403e-02 1.487497062360840117e+00 5.234735676024144801e+00 1.598018204202504400e+00
4.773296878500000062e+00 4.497137087855759136e-02 1.459590065545816051e+00 5.133093539579161479e+00 1.568102458347520045e+00
4.750620627500000026e+00 4.953326757192537400e-02 1.432185281373799635e+00 5.031377789761558361e+00 1.538735818086555573e+00
4.728158812500000252e+00 5.652698164434192402e-02 1.405472276310036017e+00 4.925887838186326029e+00 1.510042376075068971e+00
4.705908406499999863e+00 6.533259953894428318e-02 1.379474208672917923e+00 4.818187974504565929e+00 1.482110090473924391e+00
4.683866438499999951e+00 7.636361437366938343e-02 1.354230172362749451e+00 4.707457998327811310e+00 1.454937370448973644e+00
4.662029993500000025e+00 9.066829755647320965e-02 1.329868847766866091e+00 4.591583708951858966e+00 1.428690383865246050e+00
4.640396210500000507e+00 1.088967416516965908e-01 1.306325865074043246e+00 4.468746464637349369e+00 1.403244278459607308e+00
4.618962280499999906e+00 1.310928645737424736e-01 1.283540946209449363e+00 4.338533628495001793e+00 1.378518825777687029e+00
4.597725447000000187e+00 1.571408921164305361e-01 1.261329141542454568e+00 4.200489547649872257e+00 1.354292715010217751e+00
4.576683004500000429e+00 1.862410046904333927e-01 1.239253748878666128e+00 4.054909525925512348e+00 1.330056383736935910e+00
4.555832295500000129e+00 2.177282717588319982e-01 1.216976062224999433e+00 3.902108954280106179e+00 1.305426489559805336e+00
4.535170711499999285e+00 2.505258236149793816e-01 1.194119342084935420e+00 3.743264089059071154e+00 1.279992046346205559e+00
4.514695691500000052e+00 2.830959418234634817e-01 1.170381459713616401e+00 3.580973807966981060e+00 1.253437517537578261e+00
4.494404719000000270e+00 3.153123817367112780e-01 1.145524755849965937e+00 3.414411938454859463e+00 1.225461263979231497e+00
4.474295323499999810e+00 3.524816977184135336e-01 1.118623495485549180e+00 3.226154969277709839e+00 1.194692141946199548e+00
4.454365079000000449e+00 3.955909823687562832e-01 1.082002673520598313e+00 2.984880323650488609e+00 1.152433545440866736e+00
4.434611602500000416e+00 4.306287690672541690e-01 1.029120705152516635e+00 2.702527437688548417e+00 1.092397136091446841e+00
4.415032552499999596e+00 4.425590142571191876e-01 9.763507622318333690e-01 2.479374058929709079e+00 1.033833278019061330e+00
4.395625627999999452e+00 4.537340623909611459e-01 9.304397960696649816e-01 2.280739084953247175e+00 9.827333299006422163e-01
4.376388569499999548e+00 4.937645122892632688e-01 9.275699811082124269e-01 2.164011889651836551e+00 9.767513756280943316e-01
4.357319157000000054e+00 5.535710788535125326e-01 8.030630729319110372e-01 1.532070825179760121e+00 8.316406039105944670e-01
4.338415208000000689e+00 5.522137227758412426e-01 6.745980964585158723e-01 1.043741702928974613e+00 6.853780110129567005e-01
4.319674578499999917e+00 4.212791978922287295e-01 4.607380549005668513e-01 5.801664795952696796e-01 4.568690148588422373e-01
4.301095161000000111e+00 2.554497270808471221e-01 2.663056518345567891e-01 2.925338739592751036e-01 2.589547365372636967e-01
4.282674884000000404e+00 1.440013439986894961e-01 1.479775125857768492e-01 1.524465719078327286e-01 1.426127641310012406e-01
4.264411711499999313e+00 1.795957219825626838e-01 1.866864156274717079e-01 2.016526970326565638e-01 1.809899815257472455e-01
4.246303642500000031e+00 1.250442048895736846e-01 1.289723475913039652e-01 1.341033776332922478e-01 1.244387105894319279e-01
4.228348709500000524e+00 1.168896508431711140e-01 1.197596291888629455e-01 1.209598566192897073e-01 1.151010169094504321e-01
4.210544977499999675e+00 3.332011816371078239e-01 3.677251771643900713e-01 4.721965129820535623e-01 3.643058511127499899e-01
4.192890545000000024e+00 4.394529790506740419e-01 7.076427448785750363e-01 1.500305553715004514e+00 7.387404199883457201e-01
4.175383542499999656e+00 3.560831998969656853e-01 7.419908493288702722e-01 1.867807264324471861e+00 7.854488331176618932e-01
4.158022129999999095e+00 3.458539264139687819e-01 7.264224747798146975e-01 1.838309873913182013e+00 7.692469364506020479e-01
4.140804498999999694e+00 3.320212525181154839e-01 7.131585176226685752e-01 1.826719108720447293e+00 7.558106859057226456e-01
4.123728871000000851e+00 3.138302347382287971e-01 7.014981571270698657e-01 1.832670789586108739e+00 7.444008314676306970e-01
4.106793496499999918e+00 2.912878510278762434e-01 6.908249159215712476e-01 1.853797908468943101e+00 7.342872259277335445e-01
4.089996654500000162e+00 2.643729883545367088e-01 6.802560595919087127e-01 1.886736599893944488e+00 7.244248806949470376e-01
4.073336651500000016e+00 2.345028822719487094e-01 6.690599676006194763e-01 1.924918256917734105e+00 7.138662168131026942e-01
4.056811823000000317e+00 2.030951078462845949e-01 6.570141196163904462e-01 1.963782124277079655e+00 7.022771464601257341e-01
4.040420530500000496e+00 1.723228586936705609e-01 6.440352256392511965e-01 1.997330109581763047e+00 6.894674139475729380e-01
4.024161161000000320e+00 1.434198701187783531e-01 6.302685310377648120e-01 2.022953839318925251e+00 6.755747387807049531e-01
4.008032128500000013e+00 1.172428795483107661e-01 6.159747607611480991e-01 2.039417524142050908e+00 6.608888412622035968e-01
3.992031872500000134e+00 9.489281006504625415e-02 6.014973166000466831e-01 2.045163200031497208e+00 6.458063471953819912e-01
3.976158856499999672e+00 7.634037291461054364e-02 5.871253035814940624e-01 2.041406506451247882e+00 6.306888980110039178e-01
3.960411568999999687e+00 6.141046479830575971e-02 5.730136167955881543e-01 2.029161310424892228e+00 6.157446983681444941e-01
3.944788522000000075e+00 4.954105125744357602e-02 5.592538954885587499e-01 2.010238861173603730e+00 6.011087380731247043e-01
3.929288250499999968e+00 4.017078909128051628e-02 5.458581442577423726e-01 1.986123410701499337e+00 5.868181048644636189e-01
3.913909313499999598e+00 3.287675445219714887e-02 5.328389019671666560e-01 1.957954035653651559e+00 5.728993272459057540e-01
3.898650292000000128e+00 2.712534157830858578e-02 5.201448960434221780e-01 1.926896984029417226e+00 5.593068614428365892e-01
3.883509788000000018e+00 2.251114514709648406e-02 5.077606511307382053e-01 1.893943106081525496e+00 5.460325092492921417e-01
3.868486426500000075e+00 1.882121825298555678e-02 4.956647288534242191e-01 1.859572700104677345e+00 5.330539681610988456e-01
3.853578853500000179e+00 1.582940257903577355e-02 4.838512055737936302e-01 1.824348626940371032e+00 5.203742268855030551e-01
3.838785735500000129e+00 1.340930403791859397e-02 4.723155653119092134e-01 1.788598375258396267e+00 5.079862453288153112e-01
3.824105759000000049e+00 1.149059387677948442e-02 4.610631384112471864e-01 1.752524204843537436e+00 4.959005541444835297e-01
3.809537631000000424e+00 9.991978119915702686e-03 4.500667015310848562e-01 1.716231834555741464e+00 4.840880029774901061e-01
3.795080078499999843e+00 8.664617540083895467e-03 4.392849339183066415e-01 1.680195032098138253e+00 4.724992904886576306e-01
3.780731847000000201e+00 7.528747111555295947e-03 4.287318403764918129e-01 1.644429224125410594e+00 4.611522899949462850e-01
3.766491701000000081e+00 6.619090031417871993e-03 4.184076657256231013e-01 1.608871620941468850e+00 4.500501799398712865e-01
3.752358424000000081e+00 5.919959548247187911e-03 4.083265736487636244e-01 1.573599871259378391e+00 4.392074316088833696e-01
3.738330818000000111e+00 5.352332529216151380e-03 3.984595426539608298e-01 1.538707082419232819e+00 4.285938363226898251e-01
3.724407701500000112e+00 4.872913041928009226e-03 3.888075901516178101e-01 1.504311345230497254e+00 4.182116692126404689e-01
3.710587911500000224e+00 4.488308236221923847e-03 3.793410350977131085e-01 1.470300208768226868e+00 4.080309312281331646e-01
3.696870301999999775e+00 4.145561080155084691e-03 3.699997635784458283e-01 1.436590030849189015e+00 3.979936117612139501e-01
3.683253743999999941e+00 3.839414377679648601e-03 3.610255054115947826e-01 1.404110674070835119e+00 3.883319793147293475e-01
3.669737125500000197e+00 3.529611508121205908e-03 3.522459882860656255e-01 1.372283799975915430e+00 3.788788893206955777e-01
3.656319349499999927e+00 3.318703009743632654e-03 3.436267315960169211e-01 1.340756468258378353e+00 3.696088813579091470e-01
3.642999335999999921e+00 3.038595242879642451e-03 3.352006981718896883e-01 1.310087604946425843e+00 3.605479051399985702e-01
3.629776021000000075e+00 2.856891128910952950e-03 3.269797930016883347e-01 1.279868642484370378e+00 3.517044154195727024e-01
3.616648354500000107e+00 2.654976734277045714e-03 3.189400853777937805e-01 1.250338691366878363e+00 3.430565546501794794e-01
3.603615302500000173e+00 2.534285650639731165e-03 3.110708902327369296e-01 1.221180297216719834e+00 3.345909727327529004e-01
3.590675846499999935e+00 2.466600039578869911e-03 3.033675812289489682e-01 1.192468909073054917e+00 3.263033940451111614e-01
3.577828980999999686e+00 2.382940101158844380e-03 2.958534635062058937e-01 1.164459470463664825e+00 3.182186223039929485e-01
3.565073715999999671e+00 2.230067573895740032e-03 2.885180046623274652e-01 1.137262897059545308e+00 3.103270345079985892e-01
3.552409075999999999e+00 2.112295452242108490e-03 2.813417915194852403e-01 1.110530207298727090e+00 3.026064212399461884e-01
3.539834098000000040e+00 2.017623695808485988e-03 2.743210985667199342e-01 1.084288690073606842e+00 2.950530038236051089e-01
3.527347833000000321e+00 1.948391553866140723e-03 2.674650399014469881e-01 1.058559933664439345e+00 2.876760105555264402e-01
3.514949345499999822e+00 1.867044670249935843e-03 2.607629412529066104e-01 1.033407842291113488e+00 2.804650268823393189e-01
3.502637713500000416e+00 1.810393559408319348e-03 2.542073406963012427e-01 1.008696531355930404e+00 2.734114763157530215e-01
3.490412027000000528e+00 1.771180473423676800e-03 2.478010327816036751e-01 9.844628101107211204e-01 2.665180930310048768e-01
3.478271389500000144e+00 1.714833879770110521e-03 2.415489961141551178e-01 9.608443840235654232e-01 2.597908274503659132e-01
3.466214917000000284e+00 1.654506832427755664e-03 2.354469488749663664e-01 9.377745803679508052e-01 2.532248742909931072e-01
3.454241737000000256e+00 1.600873293938947237e-03 2.294886170834320449e-01 9.152020677920430503e-01 2.468132585293328074e-01
3.442350989499999958e+00 1.550384383656266832e-03 2.236586657051670424e-01 8.930646630911470707e-01 2.405401083805791818e-01
3.430541825499999753e+00 1.494764235263621724e-03 2.179750652424664592e-01 8.714676905099905113e-01 2.344241592947999275e-01
3.418813408500000151e+00 1.434767244120635369e-03 2.124209958982005431e-01 8.503413148152394463e-01 2.284479213877230186e-01
3.407164913499999948e+00 1.375435502967842661e-03 2.069943256959601852e-01 8.296742658939572079e-01 2.226089226685254441e-01
3.395595526000000142e+00 1.323215322107236048e-03 2.017050735482026902e-01 8.095153281179604532e-01 2.169171127751890193e-01
3.384104443000000018e+00 1.280010347777800310e-03 1.965356795801157241e-01 7.897515332078679506e-01 2.113543771790859227e-01
3.372690872499999770e+00 1.260516825614074006e-03 1.914704135136220675e-01 7.702501225419686737e-01 2.059039943522951166e-01
3.361354032499999978e+00 1.205076505004286239e-03 1.865553459318294860e-01 7.514644816071990308e-01 2.006146372812177003e-01
3.350093151499999866e+00 1.167877394208000769e-03 1.817581480991964926e-01 7.330732669295972892e-01 1.954518216690118992e-01
3.338907469000000017e+00 1.131158987171278045e-03 1.770717501276423411e-01 7.150533940763016405e-01 1.904084882882493279e-01
3.327796234500000061e+00 1.043591696337086046e-03 1.725116681314260991e-01 6.976595348360636883e-01 1.855020743462701682e-01
3.316758706999999973e+00 1.006740919066905372e-03 1.680424464361768011e-01 6.804242126070154661e-01 1.806927323170923194e-01
3.305794155500000109e+00 9.716892447997633325e-04 1.636818463373201360e-01 6.635819384670402776e-01 1.760002685520309362e-01
3.294901858499999836e+00 9.378209929356104858e-04 1.594257765585355979e-01 6.471193188554755782e-01 1.714202933317036937e-01
3.284081104499999793e+00 9.051096374710658130e-04 1.552742369417701718e-01 6.310381998035686779e-01 1.669528108681683221e-01
3.273331190499999543e+00 8.735052091228892590e-04 1.512229455817990509e-01 6.153226914308232987e-01 1.625932158486061430e-01
3.262651422999999884e+00 8.429744730714248306e-04 1.472704281428578732e-01 5.999684409793726303e-01 1.583399223812055057e-01
3.252041118500000216e+00 8.134867211865436272e-04 1.434150934875215722e-01 5.849704290890052061e-01 1.541912247034832872e-01
3.241499601000000119e+00 7.850082298696399409e-04 1.396540562657631879e-01 5.703184338115266927e-01 1.501440153685612289e-01
3.231026203499999916e+00 7.575061987271830598e-04 1.359850554221958274e-01 5.560047363740199255e-01 1.461958641350719623e-01
3.220620268000000230e+00 7.309409991786030474e-04 1.324067011476925126e-01 5.420250348862493128e-01 1.423452802601147260e-01
3.210281144500000128e+00 7.052650481829762221e-04 1.289165251950194768e-01 5.283706861785139042e-01 1.385896071052186429e-01
3.200008192000000307e+00 6.804917913045344579e-04 1.255130873423573878e-01 5.150370808861997052e-01 1.349272953565960886e-01
3.189800777500000351e+00 6.565833424840635413e-04 1.221941183394134739e-01 5.020162702579048508e-01 1.313559043097830004e-01
3.179658275499999576e+00 6.335861701761540945e-04 1.189576826826540118e-01 4.893012869552423871e-01 1.278733496324429564e-01
3.169580068500000181e+00 6.114303246053127278e-04 1.158015237208788323e-01 4.768843409166133029e-01 1.244772037592735553e-01
3.159565547000000141e+00 5.898431343276109348e-04 1.127242184879859721e-01 4.647615164629870788e-01 1.211659486579066414e-01
3.149614109999999911e+00 5.687909549546672165e-04 1.097239727991199260e-01 4.529266709212185216e-01 1.179376565345071071e-01
3.139725163000000485e+00 5.486858414916204532e-04 1.067991739797502088e-01 4.413729618894440265e-01 1.147905707607317777e-01
3.129898118999999923e+00 5.295479972096314974e-04 1.039472984446531967e-01 4.300910497730118243e-01 1.117219706124926298e-01
3.120132399000000056e+00 5.109418389214716782e-04 1.011677788993560201e-01 4.190808910937705578e-01 1.087312719513224696e-01
3.110427430000000104e+00 4.926494795329625521e-04 9.845829983298122479e-02 4.083346152273280572e-01 1.058159887474327959e-01
3.100782646999999947e+00 4.749859603620189470e-04 9.581772288274609251e-02 3.978474882886434139e-01 1.029748810158345462e-01
3.091197492500000088e+00 4.580889056117452038e-04 9.324387818843439535e-02 3.876111744348629817e-01 1.002056034100709259e-01
3.081671415000000191e+00 4.418140466125431527e-04 9.073515767861634052e-02 3.776203179169895230e-01 9.750643514801361766e-02
3.072203870000000059e+00 4.261142777387677007e-04 8.829054075193287776e-02 3.678717336504666591e-01 9.487627755044256150e-02
3.062794319500000029e+00 4.109513102909567229e-04 8.590833821564801409e-02 3.583594350182207622e-01 9.231331332701511738e-02
3.053442232000000089e+00 3.963723301500560355e-04 8.358652534177418714e-02 3.490756993387855722e-01 8.981536100182219151e-02
3.044147082999999920e+00 3.822404456036663243e-04 8.132479149323031120e-02 3.400205049630208309e-01 8.738209147922518238e-02
3.034908353999999697e+00 3.688428588500646649e-04 7.912064149697561888e-02 3.311834078088237154e-01 8.501080499266656931e-02
3.025725533000000134e+00 3.562464488207652794e-04 7.697306696080419286e-02 3.225608075814720421e-01 8.270041193735187812e-02
3.016598114499999816e+00 3.439471015189899295e-04 7.488058300587543958e-02 3.141488099993038907e-01 8.044933363353252986e-02
3.007525597999999967e+00 3.310963453647971068e-04 7.284292094001290629e-02 3.059495987070300904e-01 7.825732304194539524e-02
2.998507489499999679e+00 3.190325203995759344e-04 7.085771554087035018e-02 2.979499691367078484e-01 7.612177305808366656e-02
2.989543301499999917e+00 3.080720071704654483e-04 6.892346938592089356e-02 2.901434854250951600e-01 7.404105078481629243e-02
2.980632551500000282e+00 2.987224891615154016e-04 6.703792807527553244e-02 2.825196998621604672e-01 7.201270567265277700e-02
2.971774762999999986e+00 2.885959339635280410e-04 6.520321554030833466e-02 2.750955122302392586e-01 7.003914534033299499e-02
2.962969466000000107e+00 2.764397076643044485e-04 6.341850307254615071e-02 2.678720839566204326e-01 6.811952711610884392e-02
2.954216194499999837e+00 2.656480962350534565e-04 6.167859531507755705e-02 2.608177593776060399e-01 6.624809205422135805e-02
2.945514489000000236e+00 2.558542251678077055e-04 5.998366070762917862e-02 2.539349588221467280e-01 6.442504562372694532e-02
2.936863895500000154e+00 2.466469988159699245e-04 5.833354701256079911e-02 2.472250690498552783e-01 6.265023941551381426e-02
2.928263964000000108e+00 2.377862375315246718e-04 5.672642381056199751e-02 2.406815026925806511e-01 6.092171754701253966e-02
2.919714251500000302e+00 2.292530887653307066e-04 5.516115697007056839e-02 2.343001194489485184e-01 5.923825684357757193e-02
2.911214319499999981e+00 2.211518196057799977e-04 5.363774859952932100e-02 2.280813548560273185e-01 5.759985151763544198e-02
2.902763734499999693e+00 2.135881713479617140e-04 5.215318795938358315e-02 2.220123455622569075e-01 5.600326313069588224e-02
2.894362067499999913e+00 2.067189981021006384e-04 5.070947024401347564e-02 2.161020936257197489e-01 5.445061902919821201e-02
2.886008894999999796e+00 2.013267516947773496e-04 4.930192296885707592e-02 2.103283455964409521e-01 5.293686446889944025e-02
2.877703798999999840e+00 1.985271300037292903e-04 4.793044134609412282e-02 2.046879995684654507e-01 5.146182494160872478e-02
2.869446365499999985e+00 1.984551805456319623e-04 4.659242773721632841e-02 1.991697482713507550e-01 5.002272325284910781e-02
2.861236185000000098e+00 2.007164636305688941e-04 4.528688199991593583e-02 1.937714993078425985e-01 4.861853290486491813e-02
