  1.980198E+01  5.050000E+02  2.443071E-01  1.117156E+01  3.656936E+00  3.528977E+00
  1.960784E+01  5.100000E+02  2.482604E-01  1.155819E+01  3.716166E+00  3.669151E+00
  1.941748E+01  5.150000E+02  2.533790E-01  1.193062E+01  3.781596E+00  3.801932E+00
  1.923077E+01  5.200000E+02  2.597420E-01  1.219794E+01  3.811262E+00  3.901874E+00
  1.904762E+01  5.250000E+02  2.681946E-01  1.240722E+01  3.821147E+00  3.983688E+00
  1.886792E+01  5.300000E+02  2.780391E-01  1.259585E+01  3.853063E+00  4.051267E+00
  1.869159E+01  5.350000E+02  2.883474E-01  1.279147E+01  3.947083E+00  4.105027E+00
  1.851852E+01  5.400000E+02  2.989317E-01  1.269381E+01  3.944835E+00  4.066217E+00
  1.834862E+01  5.450000E+02  3.097933E-01  1.259183E+01  3.880076E+00  4.042409E+00
  1.818182E+01  5.500000E+02  3.209361E-01  1.312410E+01  4.039810E+00  4.214433E+00
  1.801802E+01  5.550000E+02  3.323658E-01  1.366178E+01  4.195598E+00  4.389697E+00
  1.785714E+01  5.600000E+02  3.440928E-01  1.363964E+01  4.109774E+00  4.403757E+00
  1.769912E+01  5.650000E+02  3.561260E-01  1.335554E+01  3.926197E+00  4.338284E+00
  1.754386E+01  5.700000E+02  3.684640E-01  1.305790E+01  3.757159E+00  4.263450E+00
  1.739130E+01  5.750000E+02  3.811058E-01  1.267494E+01  3.571753E+00  4.158568E+00
  1.724138E+01  5.800000E+02  3.940621E-01  1.204354E+01  3.331098E+00  3.968216E+00
  1.709402E+01  5.850000E+02  4.073454E-01  1.119458E+01  3.070996E+00  3.695272E+00
  1.694915E+01  5.900000E+02  4.209632E-01  1.020583E+01  2.798326E+00  3.369271E+00
  1.680672E+01  5.950000E+02  4.349178E-01  9.335263E+00  2.563890E+00  3.080727E+00
  1.666667E+01  6.000000E+02  4.491976E-01  8.922433E+00  2.451577E+00  2.944202E+00
  1.652892E+01  6.050000E+02  4.637951E-01  8.787336E+00  2.411763E+00  2.900346E+00
  1.639344E+01  6.100000E+02  4.787369E-01  8.470628E+00  2.332126E+00  2.793860E+00
  1.626016E+01  6.150000E+02  4.940504E-01  8.059113E+00  2.233574E+00  2.654179E+00
  1.612903E+01  6.200000E+02  5.097279E-01  7.904607E+00  2.192217E+00  2.602902E+00
  1.600000E+01  6.250000E+02  5.257570E-01  7.649045E+00  2.124208E+00  2.517980E+00
  1.587302E+01  6.300000E+02  5.421433E-01  7.039546E+00  1.979225E+00  2.310834E+00
  1.574803E+01  6.350000E+02  5.588983E-01  6.482388E+00  1.853547E+00  2.119640E+00
  1.562500E+01  6.400000E+02  5.760359E-01  6.110141E+00  1.779735E+00  1.989179E+00
  1.550388E+01  6.450000E+02  5.935668E-01  5.818086E+00  1.738774E+00  1.882281E+00
  1.538461E+01  6.500000E+02  6.114858E-01  5.613259E+00  1.715231E+00  1.805921E+00
  1.526718E+01  6.550000E+02  6.297837E-01  5.524295E+00  1.700777E+00  1.773888E+00
  1.515152E+01  6.600000E+02  6.484519E-01  5.523041E+00  1.716738E+00  1.769105E+00
  1.503759E+01  6.650000E+02  6.674919E-01  5.562024E+00  1.759726E+00  1.773320E+00
  1.492537E+01  6.700000E+02  6.869453E-01  5.580817E+00  1.768036E+00  1.778678E+00
  1.481481E+01  6.750000E+02  7.068517E-01  5.566970E+00  1.733400E+00  1.782370E+00
  1.470588E+01  6.800000E+02  7.271963E-01  5.605281E+00  1.718380E+00  1.801857E+00
  1.459854E+01  6.850000E+02  7.479559E-01  5.740193E+00  1.736124E+00  1.851553E+00
  1.449275E+01  6.900000E+02  7.691345E-01  5.989004E+00  1.776494E+00  1.941156E+00
  1.438849E+01  6.950000E+02  7.907428E-01  6.384774E+00  1.849974E+00  2.081200E+00
  1.428571E+01  7.000000E+02  8.127927E-01  6.937390E+00  1.966413E+00  2.273037E+00
  1.418440E+01  7.050000E+02  8.352913E-01  7.619224E+00  2.119909E+00  2.507097E+00
  1.408451E+01  7.100000E+02  8.582265E-01  8.333434E+00  2.282492E+00  2.751788E+00
  1.398601E+01  7.150000E+02  8.815902E-01  8.584296E+00  2.345551E+00  2.836140E+00
  1.388889E+01  7.200000E+02  9.054145E-01  8.822948E+00  2.409604E+00  2.915297E+00
  1.379310E+01  7.250000E+02  9.297323E-01  9.741931E+00  2.625227E+00  3.228423E+00
  1.369863E+01  7.300000E+02  9.545376E-01  1.033449E+01  2.766558E+00  3.429712E+00
  1.360544E+01  7.350000E+02  9.798120E-01  1.031564E+01  2.769751E+00  3.421246E+00
  1.351351E+01  7.400000E+02  1.005529E+00  1.067508E+01  2.874245E+00  3.538320E+00
  1.342282E+01  7.450000E+02  1.031680E+00  1.180668E+01  3.180048E+00  3.913093E+00
  1.333333E+01  7.500000E+02  1.058334E+00  1.315869E+01  3.544180E+00  4.361196E+00
  1.324503E+01  7.550000E+02  1.085555E+00  1.455925E+01  3.941965E+00  4.819880E+00
  1.315790E+01  7.600000E+02  1.113308E+00  1.622413E+01  4.444265E+00  5.357234E+00
  1.307190E+01  7.650000E+02  1.141551E+00  1.763650E+01  4.879397E+00  5.810673E+00
  1.298701E+01  7.700000E+02  1.170313E+00  1.870761E+01  5.210993E+00  6.154124E+00
  1.290323E+01  7.750000E+02  1.199625E+00  1.989632E+01  5.586351E+00  6.533311E+00
  1.282051E+01  7.800000E+02  1.229436E+00  2.115263E+01  5.990261E+00  6.932132E+00
  1.273885E+01  7.850000E+02  1.259702E+00  2.167644E+01  6.171198E+00  7.095059E+00
  1.265823E+01  7.900000E+02  1.290495E+00  2.134932E+01  6.083355E+00  6.986569E+00
  1.257862E+01  7.950000E+02  1.321894E+00  2.173101E+01  6.231204E+00  7.101005E+00
  1.250000E+01  8.000000E+02  1.353892E+00  2.289213E+01  6.639025E+00  7.460358E+00
  1.242236E+01  8.050000E+02  1.386455E+00  2.360725E+01  6.897552E+00  7.679711E+00
  1.234568E+01  8.100000E+02  1.419545E+00  2.411575E+01  7.092754E+00  7.832635E+00
  1.226994E+01  8.150000E+02  1.453138E+00  2.482306E+01  7.376964E+00  8.041954E+00
  1.219512E+01  8.200000E+02  1.487280E+00  2.551870E+01  7.691030E+00  8.238559E+00
  1.212121E+01  8.250000E+02  1.522030E+00  2.591677E+01  7.912905E+00  8.339772E+00
  1.204819E+01  8.300000E+02  1.557415E+00  2.604016E+01  8.114634E+00  8.335521E+00
  1.197605E+01  8.350000E+02  1.593448E+00  2.610214E+01  8.396224E+00  8.285083E+00
  1.190476E+01  8.400000E+02  1.630088E+00  2.607462E+01  8.579292E+00  8.224920E+00
  1.183432E+01  8.450000E+02  1.667293E+00  2.594911E+01  8.636356E+00  8.158976E+00
  1.176471E+01  8.500000E+02  1.705062E+00  2.578848E+01  8.669007E+00  8.085396E+00
  1.169591E+01  8.550000E+02  1.743405E+00  2.564097E+01  8.673867E+00  8.024558E+00
  1.162791E+01  8.600000E+02  1.782338E+00  2.564308E+01  8.640367E+00  8.034387E+00
  1.156069E+01  8.650000E+02  1.821887E+00  2.556716E+01  8.588563E+00  8.017625E+00
  1.149425E+01  8.700000E+02  1.862131E+00  2.525953E+01  8.574526E+00  7.897229E+00
  1.142857E+01  8.750000E+02  1.903122E+00  2.518925E+01  8.613133E+00  7.858520E+00
  1.136364E+01  8.800000E+02  1.944760E+00  2.544046E+01  8.684606E+00  7.940756E+00
  1.129943E+01  8.850000E+02  1.986942E+00  2.580022E+01  8.775928E+00  8.061486E+00
  1.123596E+01  8.900000E+02  2.029722E+00  2.625030E+01  8.854383E+00  8.222116E+00
  1.117318E+01  8.950000E+02  2.073176E+00  2.672811E+01  8.883907E+00  8.407050E+00
  1.111111E+01  9.000000E+02  2.117325E+00  2.719782E+01  8.858057E+00  8.603552E+00
  1.104972E+01  9.050000E+02  2.162180E+00  2.759758E+01  8.794509E+00  8.781924E+00
  1.098901E+01  9.100000E+02  2.207774E+00  2.785066E+01  8.715188E+00  8.905318E+00
  1.092896E+01  9.150000E+02  2.254119E+00  2.795710E+01  8.614717E+00  8.975199E+00
  1.086957E+01  9.200000E+02  2.301126E+00  2.795716E+01  8.506374E+00  9.004253E+00
  1.081081E+01  9.250000E+02  2.348706E+00  2.784680E+01  8.385021E+00  8.992229E+00
  1.075269E+01  9.300000E+02  2.396881E+00  2.744954E+01  8.146468E+00  8.895816E+00
  1.069519E+01  9.350000E+02  2.445709E+00  2.676606E+01  7.811922E+00  8.709605E+00
  1.063830E+01  9.400000E+02  2.495273E+00  2.616309E+01  7.557256E+00  8.534480E+00
  1.058201E+01  9.450000E+02  2.545659E+00  2.585170E+01  7.440691E+00  8.440037E+00
  1.052632E+01  9.500000E+02  2.596918E+00  2.592844E+01  7.473641E+00  8.462182E+00
  1.047120E+01  9.550000E+02  2.649046E+00  2.665022E+01  7.789002E+00  8.668990E+00
  1.041667E+01  9.600000E+02  2.701835E+00  2.729693E+01  8.079620E+00  8.852133E+00
  1.036269E+01  9.650000E+02  2.755117E+00  2.671389E+01  7.819675E+00  8.686470E+00
  1.030928E+01  9.700000E+02  2.809098E+00  2.561216E+01  7.341121E+00  8.370038E+00
  1.025641E+01  9.750000E+02  2.864009E+00  2.521939E+01  7.152250E+00  8.262124E+00
  1.020408E+01  9.800000E+02  2.919765E+00  2.559695E+01  7.224708E+00  8.395096E+00
  1.015228E+01  9.850000E+02  2.976237E+00  2.627308E+01  7.409763E+00  8.618394E+00
  1.010101E+01  9.900000E+02  3.033466E+00  2.623663E+01  7.517001E+00  8.574948E+00
  1.005025E+01  9.950000E+02  3.091516E+00  2.454164E+01  7.189438E+00  7.978620E+00
  1.000000E+01  1.000000E+03  3.150364E+00  2.181571E+01  6.305160E+00  7.115375E+00
  9.950249E+00  1.005000E+03  3.209979E+00  1.949757E+01  5.330778E+00  6.440856E+00
  9.900990E+00  1.010000E+03  3.270369E+00  1.791827E+01  4.617004E+00  5.994704E+00
  9.852217E+00  1.015000E+03  3.331550E+00  1.661743E+01  4.053077E+00  5.620787E+00
  9.803922E+00  1.020000E+03  3.393533E+00  1.582853E+01  3.636928E+00  5.413896E+00
  9.756098E+00  1.025000E+03  3.456332E+00  1.578115E+01  3.464896E+00  5.440869E+00
  9.708738E+00  1.030000E+03  3.519976E+00  1.520610E+01  3.276679E+00  5.259208E+00
  9.661836E+00  1.035000E+03  3.584491E+00  1.382587E+01  2.982672E+00  4.780927E+00
  9.615385E+00  1.040000E+03  3.649862E+00  1.405269E+01  3.184067E+00  4.818509E+00
  9.569378E+00  1.045000E+03  3.716071E+00  1.489976E+01  3.443458E+00  5.090880E+00
  9.523809E+00  1.050000E+03  3.783137E+00  1.358781E+01  2.932104E+00  4.698396E+00
  9.478673E+00  1.055000E+03  3.851078E+00  1.268584E+01  2.562225E+00  4.433466E+00
  9.433962E+00  1.060000E+03  3.919874E+00  1.481675E+01  3.128579E+00  5.141752E+00
  9.389671E+00  1.065000E+03  3.989506E+00  1.867636E+01  4.344840E+00  6.373597E+00
  9.345795E+00  1.070000E+03  4.059994E+00  2.152516E+01  5.443562E+00  7.228974E+00
  9.302325E+00  1.075000E+03  4.131364E+00  2.227163E+01  5.858714E+00  7.419010E+00
  9.259259E+00  1.080000E+03  4.203636E+00  2.237026E+01  5.937457E+00  7.437715E+00
  9.216590E+00  1.085000E+03  4.276822E+00  2.312661E+01  6.181847E+00  7.677497E+00
  9.174312E+00  1.090000E+03  4.350908E+00  2.471346E+01  6.752563E+00  8.165026E+00
  9.132421E+00  1.095000E+03  4.425885E+00  2.617820E+01  7.563631E+00  8.538872E+00
  9.090909E+00  1.100000E+03  4.501780E+00  2.592042E+01  8.064970E+00  8.300500E+00
  9.049774E+00  1.105000E+03  4.578622E+00  2.406124E+01  7.773491E+00  7.628232E+00
  9.009009E+00  1.110000E+03  4.656406E+00  2.243572E+01  7.146647E+00  7.140135E+00
  8.968610E+00  1.115000E+03  4.735121E+00  2.172559E+01  6.775141E+00  6.953070E+00
  8.928572E+00  1.120000E+03  4.814772E+00  2.139444E+01  6.616809E+00  6.861845E+00
  8.888889E+00  1.125000E+03  4.895365E+00  2.116175E+01  6.521455E+00  6.793477E+00
  8.849558E+00  1.130000E+03  4.976888E+00  2.103121E+01  6.477163E+00  6.752661E+00
  8.810573E+00  1.135000E+03  5.059340E+00  2.099683E+01  6.479642E+00  6.738122E+00
  8.771930E+00  1.140000E+03  5.142792E+00  2.101664E+01  6.510786E+00  6.737771E+00
  8.733624E+00  1.145000E+03  5.227303E+00  2.103340E+01  6.539119E+00  6.736945E+00
  8.695652E+00  1.150000E+03  5.312806E+00  2.104564E+01  6.561533E+00  6.735878E+00
  8.658009E+00  1.155000E+03  5.399225E+00  2.106876E+01  6.584499E+00  6.739054E+00
  8.620689E+00  1.160000E+03  5.486575E+00  2.106706E+01  6.593964E+00  6.735835E+00
  8.583691E+00  1.165000E+03  5.574895E+00  2.102313E+01  6.590830E+00  6.718943E+00
  8.547009E+00  1.170000E+03  5.664244E+00  2.096749E+01  6.586738E+00  6.697582E+00
  8.510638E+00  1.175000E+03  5.754666E+00  2.092557E+01  6.587786E+00  6.680383E+00
  8.474576E+00  1.180000E+03  5.846132E+00  2.089075E+01  6.591528E+00  6.665329E+00
  8.438819E+00  1.185000E+03  5.938605E+00  2.085798E+01  6.596170E+00  6.650859E+00
  8.403361E+00  1.190000E+03  6.032077E+00  2.083084E+01  6.603616E+00  6.637911E+00
  8.368201E+00  1.195000E+03  6.126556E+00  2.081370E+01  6.617355E+00  6.627308E+00
  8.333333E+00  1.200000E+03  6.222087E+00  2.082014E+01  6.648094E+00  6.621674E+00
  8.298756E+00  1.205000E+03  6.318709E+00  2.087800E+01  6.715400E+00  6.626989E+00
  8.264462E+00  1.210000E+03  6.416394E+00  2.103234E+01  6.846353E+00  6.654194E+00
  8.230453E+00  1.215000E+03  6.515108E+00  2.133626E+01  7.064192E+00  6.718487E+00
  8.196721E+00  1.220000E+03  6.614871E+00  2.183245E+01  7.367703E+00  6.837421E+00
  8.163265E+00  1.225000E+03  6.715711E+00  2.251656E+01  7.706183E+00  7.022836E+00
  8.130081E+00  1.230000E+03  6.817642E+00  2.328206E+01  7.974312E+00  7.259947E+00
  8.097166E+00  1.235000E+03  6.920672E+00  2.395594E+01  8.079217E+00  7.503816E+00
  8.064516E+00  1.240000E+03  7.024803E+00  2.440293E+01  8.015179E+00  7.701379E+00
  8.032128E+00  1.245000E+03  7.130033E+00  2.455018E+01  7.872435E+00  7.799057E+00
  8.000000E+00  1.250000E+03  7.236357E+00  2.445387E+01  7.817361E+00  7.774942E+00
  7.968128E+00  1.255000E+03  7.343776E+00  2.446516E+01  7.949202E+00  7.744173E+00
  7.936508E+00  1.260000E+03  7.452320E+00  2.476859E+01  8.018173E+00  7.848157E+00
  7.905138E+00  1.265000E+03  7.562014E+00  2.493062E+01  7.826821E+00  7.964825E+00
  7.874016E+00  1.270000E+03  7.672853E+00  2.465101E+01  7.656227E+00  7.897688E+00
  7.843137E+00  1.275000E+03  7.784822E+00  2.417408E+01  7.671862E+00  7.701007E+00
  7.812500E+00  1.280000E+03  7.897912E+00  2.369107E+01  7.753478E+00  7.484197E+00
  7.782101E+00  1.285000E+03  8.012121E+00  2.318594E+01  7.824152E+00  7.261389E+00
  7.751938E+00  1.290000E+03  8.127498E+00  2.290327E+01  7.910913E+00  7.124053E+00
  7.722008E+00  1.295000E+03  8.244086E+00  2.327925E+01  8.085869E+00  7.228920E+00
  7.692307E+00  1.300000E+03  8.361889E+00  2.417383E+01  8.267400E+00  7.541332E+00
  7.662835E+00  1.305000E+03  8.480893E+00  2.472449E+01  8.331405E+00  7.746429E+00
  7.633588E+00  1.310000E+03  8.601084E+00  2.459369E+01  8.314591E+00  7.698142E+00
  7.604563E+00  1.315000E+03  8.722441E+00  2.431796E+01  8.272634E+00  7.598102E+00
  7.575758E+00  1.320000E+03  8.844925E+00  2.420406E+01  8.214817E+00  7.567623E+00
  7.547170E+00  1.325000E+03  8.968521E+00  2.425645E+01  8.138986E+00  7.609086E+00
  7.518797E+00  1.330000E+03  9.093316E+00  2.441730E+01  8.010303E+00  7.708485E+00
  7.490637E+00  1.335000E+03  9.219398E+00  2.449685E+01  7.789527E+00  7.799749E+00
  7.462687E+00  1.340000E+03  9.346751E+00  2.433465E+01  7.476861E+00  7.818065E+00
  7.434944E+00  1.345000E+03  9.475332E+00  2.392895E+01  7.125525E+00  7.748463E+00
  7.407407E+00  1.350000E+03  9.605122E+00  2.345756E+01  6.822315E+00  7.639453E+00
  7.380074E+00  1.355000E+03  9.736118E+00  2.316549E+01  6.651566E+00  7.567325E+00
  7.352941E+00  1.360000E+03  9.868381E+00  2.323970E+01  6.677745E+00  7.590265E+00
  7.326007E+00  1.365000E+03  1.000196E+01  2.332424E+01  6.718651E+00  7.613424E+00
  7.299270E+00  1.370000E+03  1.013682E+01  2.289182E+01  6.515222E+00  7.493406E+00
  7.272727E+00  1.375000E+03  1.027290E+01  2.226537E+01  6.235622E+00  7.315491E+00
  7.246377E+00  1.380000E+03  1.041017E+01  2.196598E+01  6.121770E+00  7.225163E+00
  7.220217E+00  1.385000E+03  1.054865E+01  2.197009E+01  6.143865E+00  7.220899E+00
  7.194244E+00  1.390000E+03  1.068849E+01  2.204750E+01  6.198133E+00  7.237604E+00
  7.168459E+00  1.395000E+03  1.082978E+01  2.204737E+01  6.222805E+00  7.230941E+00
  7.142857E+00  1.400000E+03  1.097240E+01  2.192707E+01  6.199532E+00  7.188621E+00
  7.117438E+00  1.405000E+03  1.111621E+01  2.168712E+01  6.125345E+00  7.111658E+00
  7.092198E+00  1.410000E+03  1.126127E+01  2.135722E+01  6.010884E+00  7.009177E+00
  7.067138E+00  1.415000E+03  1.140769E+01  2.097197E+01  5.871000E+00  6.891172E+00
  7.042253E+00  1.420000E+03  1.155540E+01  2.055163E+01  5.716194E+00  6.763003E+00
  7.017544E+00  1.425000E+03  1.170436E+01  2.010533E+01  5.552236E+00  6.626811E+00
  6.993007E+00  1.430000E+03  1.185461E+01  1.964640E+01  5.384871E+00  6.486429E+00
  6.968641E+00  1.435000E+03  1.200625E+01  1.917406E+01  5.213693E+00  6.341658E+00
  6.944445E+00  1.440000E+03  1.215933E+01  1.868286E+01  5.036618E+00  6.190857E+00
  6.920415E+00  1.445000E+03  1.231389E+01  1.819195E+01  4.861012E+00  6.039781E+00
  6.896552E+00  1.450000E+03  1.246979E+01  1.771283E+01  4.691192E+00  5.891909E+00
  6.872852E+00  1.455000E+03  1.262691E+01  1.725067E+01  4.529112E+00  5.748812E+00
  6.849315E+00  1.460000E+03  1.278532E+01  1.681005E+01  4.376682E+00  5.611821E+00
  6.825939E+00  1.465000E+03  1.294517E+01  1.639064E+01  4.233290E+00  5.480969E+00
  6.802721E+00  1.470000E+03  1.310650E+01  1.599655E+01  4.100164E+00  5.357583E+00
  6.779661E+00  1.475000E+03  1.326928E+01  1.562410E+01  3.976006E+00  5.240530E+00
  6.756757E+00  1.480000E+03  1.343341E+01  1.527028E+01  3.859299E+00  5.129000E+00
  6.734007E+00  1.485000E+03  1.359879E+01  1.493268E+01  3.749201E+00  5.022245E+00
  6.711410E+00  1.490000E+03  1.376560E+01  1.461059E+01  3.645172E+00  4.920125E+00
  6.688963E+00  1.495000E+03  1.393397E+01  1.430625E+01  3.548063E+00  4.823311E+00
  6.666667E+00  1.500000E+03  1.410375E+01  1.402364E+01  3.459472E+00  4.732990E+00
  6.644518E+00  1.505000E+03  1.427478E+01  1.376173E+01  3.378770E+00  4.648904E+00
  6.622517E+00  1.510000E+03  1.444715E+01  1.350533E+01  3.301090E+00  4.566237E+00
  6.600660E+00  1.515000E+03  1.462099E+01  1.324444E+01  3.222726E+00  4.481939E+00
  6.578948E+00  1.520000E+03  1.479634E+01  1.296090E+01  3.137654E+00  4.390297E+00
  6.557377E+00  1.525000E+03  1.497321E+01  1.264231E+01  3.042363E+00  4.287247E+00
  6.535948E+00  1.530000E+03  1.515162E+01  1.228161E+01  2.934765E+00  4.170500E+00
  6.514658E+00  1.535000E+03  1.533156E+01  1.186835E+01  2.811445E+00  4.036752E+00
  6.493506E+00  1.540000E+03  1.551299E+01  1.144040E+01  2.683958E+00  3.898188E+00
  6.472492E+00  1.545000E+03  1.569585E+01  1.104838E+01  2.567907E+00  3.771064E+00
  6.451613E+00  1.550000E+03  1.588019E+01  1.072478E+01  2.472147E+00  3.666118E+00
  6.430868E+00  1.555000E+03  1.606605E+01  1.053194E+01  2.416649E+00  3.603161E+00
  6.410256E+00  1.560000E+03  1.625333E+01  1.049957E+01  2.412518E+00  3.591200E+00
  6.389776E+00  1.565000E+03  1.644193E+01  1.056684E+01  2.438977E+00  3.611263E+00
  6.369427E+00  1.570000E+03  1.663200E+01  1.066647E+01  2.473980E+00  3.642096E+00
  6.349206E+00  1.575000E+03  1.682368E+01  1.075688E+01  2.505870E+00  3.670038E+00
  6.329114E+00  1.580000E+03  1.701695E+01  1.079613E+01  2.522023E+00  3.681551E+00
  6.309148E+00  1.585000E+03  1.721179E+01  1.077575E+01  2.519935E+00  3.673886E+00
  6.289308E+00  1.590000E+03  1.740815E+01  1.071868E+01  2.506747E+00  3.654386E+00
  6.269592E+00  1.595000E+03  1.760604E+01  1.063712E+01  2.486521E+00  3.626889E+00
  6.250000E+00  1.600000E+03  1.780549E+01  1.054473E+01  2.463648E+00  3.595728E+00
  6.230530E+00  1.605000E+03  1.800651E+01  1.045357E+01  2.441650E+00  3.564830E+00
  6.211180E+00  1.610000E+03  1.820900E+01  1.037354E+01  2.423428E+00  3.537411E+00
  6.191950E+00  1.615000E+03  1.841291E+01  1.031207E+01  2.411260E+00  3.515865E+00
  6.172840E+00  1.620000E+03  1.861845E+01  1.027162E+01  2.406027E+00  3.500939E+00
  6.153846E+00  1.625000E+03  1.882582E+01  1.025529E+01  2.408575E+00  3.493665E+00
  6.134969E+00  1.630000E+03  1.903484E+01  1.026353E+01  2.419134E+00  3.494161E+00
  6.116208E+00  1.635000E+03  1.924531E+01  1.029648E+01  2.437778E+00  3.502467E+00
  6.097561E+00  1.640000E+03  1.945720E+01  1.035080E+01  2.463557E+00  3.517482E+00
  6.079027E+00  1.645000E+03  1.967058E+01  1.042752E+01  2.496873E+00  3.539519E+00
  6.060606E+00  1.650000E+03  1.988562E+01  1.052537E+01  2.537345E+00  3.568168E+00
  6.042296E+00  1.655000E+03  2.010246E+01  1.063989E+01  2.583876E+00  3.601919E+00
  6.024096E+00  1.660000E+03  2.032094E+01  1.076653E+01  2.635176E+00  3.639287E+00
  6.006006E+00  1.665000E+03  2.054088E+01  1.090311E+01  2.690414E+00  3.679610E+00
  5.988024E+00  1.670000E+03  2.076239E+01  1.104499E+01  2.748041E+00  3.721429E+00
  5.970149E+00  1.675000E+03  2.098563E+01  1.118624E+01  2.806047E+00  3.762899E+00
  5.952381E+00  1.680000E+03  2.121070E+01  1.132507E+01  2.863383E+00  3.803567E+00
  5.934718E+00  1.685000E+03  2.143762E+01  1.146015E+01  2.919011E+00  3.843179E+00
  5.917160E+00  1.690000E+03  2.166601E+01  1.159154E+01  2.972401E+00  3.881901E+00
  5.899705E+00  1.695000E+03  2.189552E+01  1.171870E+01  3.023196E+00  3.919614E+00
  5.882353E+00  1.700000E+03  2.212652E+01  1.183178E+01  3.067782E+00  3.953307E+00
  5.865103E+00  1.705000E+03  2.235942E+01  1.192179E+01  3.104181E+00  3.979883E+00
  5.847953E+00  1.710000E+03  2.259433E+01  1.200032E+01  3.139360E+00  4.002147E+00
  5.830904E+00  1.715000E+03  2.283118E+01  1.208939E+01  3.184937E+00  4.025883E+00
  5.813953E+00  1.720000E+03  2.306963E+01  1.216497E+01  3.226743E+00  4.045189E+00
  5.797101E+00  1.725000E+03  2.330938E+01  1.222609E+01  3.264635E+00  4.059703E+00
  5.780347E+00  1.730000E+03  2.355068E+01  1.228284E+01  3.302460E+00  4.072474E+00
  5.763689E+00  1.735000E+03  2.379381E+01  1.229033E+01  3.310952E+00  4.073217E+00
  5.747127E+00  1.740000E+03  2.403870E+01  1.231877E+01  3.337021E+00  4.077713E+00
  5.730659E+00  1.745000E+03  2.428522E+01  1.244099E+01  3.428955E+00  4.102407E+00
  5.714286E+00  1.750000E+03  2.453340E+01  1.256249E+01  3.527305E+00  4.125093E+00
  5.698006E+00  1.755000E+03  2.476516E+01  1.259683E+01  3.577140E+00  4.125599E+00
  5.681818E+00  1.760000E+03  2.488911E+01  1.256123E+01  3.587784E+00  4.108377E+00
  5.665722E+00  1.765000E+03  2.482479E+01  1.250084E+01  3.586466E+00  4.084357E+00
  5.649717E+00  1.770000E+03  2.461306E+01  1.243440E+01  3.584307E+00  4.058120E+00
  5.633803E+00  1.775000E+03  2.432149E+01  1.235809E+01  3.578895E+00  4.028774E+00
  5.617978E+00  1.780000E+03  2.400023E+01  1.228097E+01  3.577053E+00  3.998140E+00
  5.602241E+00  1.785000E+03  2.368765E+01  1.221117E+01  3.584308E+00  3.968025E+00
  5.586592E+00  1.790000E+03  2.339146E+01  1.213475E+01  3.592587E+00  3.934963E+00
  5.571031E+00  1.795000E+03  2.311164E+01  1.204017E+01  3.595923E+00  3.895898E+00
  5.555555E+00  1.800000E+03  2.284795E+01  1.192109E+01  3.589087E+00  3.849669E+00
  5.540166E+00  1.805000E+03  2.242997E+01  1.178173E+01  3.572044E+00  3.797989E+00
  5.524862E+00  1.810000E+03  2.100818E+01  1.163397E+01  3.556783E+00  3.742443E+00
  5.509642E+00  1.815000E+03  1.819675E+01  1.148530E+01  3.551125E+00  3.683956E+00
  5.494505E+00  1.820000E+03  1.617008E+01  1.133490E+01  3.549856E+00  3.623595E+00
  5.479452E+00  1.825000E+03  1.685671E+01  1.117167E+01  3.547257E+00  3.558408E+00
  5.464481E+00  1.830000E+03  1.855867E+01  1.099888E+01  3.535587E+00  3.491798E+00
  5.449591E+00  1.835000E+03  1.920429E+01  1.081113E+01  3.508249E+00  3.423348E+00
  5.434783E+00  1.840000E+03  1.893605E+01  1.055995E+01  3.464854E+00  3.333600E+00
  5.420054E+00  1.845000E+03  1.850587E+01  1.030300E+01  3.401210E+00  3.246946E+00
  5.405406E+00  1.850000E+03  1.886775E+01  1.014081E+01  3.316255E+00  3.204250E+00
  5.390836E+00  1.855000E+03  2.056990E+01  1.000396E+01  3.223211E+00  3.173948E+00
  5.376344E+00  1.860000E+03  2.229380E+01  9.846589E+00  3.138331E+00  3.133177E+00
  5.361930E+00  1.865000E+03  2.264914E+01  9.701566E+00  3.072321E+00  3.092333E+00
  5.347594E+00  1.870000E+03  2.190147E+01  9.547295E+00  3.021004E+00  3.043820E+00
  5.333333E+00  1.875000E+03  2.085039E+01  9.381419E+00  2.936654E+00  2.999474E+00
  5.319149E+00  1.880000E+03  2.074438E+01  9.233335E+00  2.795897E+00  2.977422E+00
  5.305040E+00  1.885000E+03  2.248298E+01  9.067762E+00  2.641049E+00  2.952089E+00
  5.291005E+00  1.890000E+03  2.506118E+01  8.728359E+00  2.451195E+00  2.865976E+00
  5.277045E+00  1.895000E+03  2.702781E+01  8.105807E+00  2.176440E+00  2.688334E+00
  5.263158E+00  1.900000E+03  2.712845E+01  7.369508E+00  1.889352E+00  2.468089E+00
  5.249344E+00  1.905000E+03  2.487172E+01  6.812438E+00  1.698757E+00  2.294325E+00
  5.235602E+00  1.910000E+03  2.262418E+01  6.469209E+00  1.592356E+00  2.184307E+00
  5.221932E+00  1.915000E+03  2.262549E+01  6.242738E+00  1.518785E+00  2.112616E+00
  5.208333E+00  1.920000E+03  2.367585E+01  6.412241E+00  1.584219E+00  2.163495E+00
  5.194805E+00  1.925000E+03  2.425407E+01  6.887232E+00  1.779903E+00  2.302768E+00
  5.181347E+00  1.930000E+03  2.507108E+01  6.662536E+00  1.749630E+00  2.220192E+00
  5.167959E+00  1.935000E+03  2.672704E+01  6.306836E+00  1.728095E+00  2.082402E+00
  5.154639E+00  1.940000E+03  2.705809E+01  6.703141E+00  2.053552E+00  2.155145E+00
  5.141388E+00  1.945000E+03  2.439530E+01  6.747831E+00  2.208083E+00  2.131776E+00
  5.128205E+00  1.950000E+03  2.196921E+01  6.378272E+00  2.081287E+00  2.016596E+00
  5.115089E+00  1.955000E+03  2.301216E+01  6.262002E+00  1.990753E+00  1.993928E+00
  5.102041E+00  1.960000E+03  2.566774E+01  6.279252E+00  1.968158E+00  2.006944E+00
  5.089058E+00  1.965000E+03  2.736218E+01  6.318371E+00  1.977983E+00  2.020100E+00
  5.076142E+00  1.970000E+03  2.787401E+01  6.368201E+00  2.015653E+00  2.030118E+00
  5.063291E+00  1.975000E+03  2.755471E+01  6.393165E+00  2.051688E+00  2.030538E+00
  5.050505E+00  1.980000E+03  2.666634E+01  6.327257E+00  2.055547E+00  2.002903E+00
  5.037783E+00  1.985000E+03  2.551112E+01  6.280706E+00  2.091481E+00  1.974487E+00
  5.025126E+00  1.990000E+03  2.463729E+01  6.294795E+00  2.148322E+00  1.964943E+00
  5.012531E+00  1.995000E+03  2.442281E+01  6.287999E+00  2.156538E+00  1.959998E+00
  5.000000E+00  2.000000E+03  2.453133E+01  6.255192E+00  2.130116E+00  1.953838E+00
