# 3D spectroscopic simulation - Spatial binning of 5 (193 calculations)
# ------------------------------------------------------------------------
# Radiance spectrum
# NASA-GSFC Planetary Spectrum Generator (PSG) (Villanueva et al. 2018, 2022)
# Synthesized on Wed Apr  2 08:44:22 2025
# Doppler velocities [km/s] (vobs,vrot+vorb,vwidth,vrfl,vstr): -21.10000,0.00013,0.00000,-13.30995,0.00048
# ------------------------------------------------------------------------
# Spectra synthesized with the Planetary and Universal Model of Atmospheric Scattering (PUMAS, Villanueva et al. 2018, 2022)
# Multiple scattering method employing PSGDORT, NMAX:2 / LMAX:4 / gMAX:0.95
# Radiative transfer took 2.122 seconds
# ------------------------------------------------------------------------
# Spectral unit: Wavelength [um]
# Radiance unit: Spectral radiance [W/sr/m2/um]
# Wave/freq Total Noise Proxima-Cen-b
4.000000000e+00  0.0000000e+00  1.1599281e-12  1.0395730e-01
4.065400000e+00  0.0000000e+00  8.3635881e-13  6.1293873e-02
4.130800000e+00  0.0000000e+00  6.4269533e-13  3.9765403e-02
4.196200000e+00  0.0000000e+00  2.6666296e-13  4.9660118e-03
4.261600000e+00  0.0000000e+00  1.5927340e-13  1.1636568e-03
4.327000000e+00  0.0000000e+00  2.3351945e-13  2.5484963e-03
4.392400000e+00  0.0000000e+00  3.6775441e-13  6.4860109e-03
4.457800000e+00  0.0000000e+00  6.5792307e-13  3.2333072e-02
4.523200000e+00  0.0000000e+00  7.7178690e-13  5.8366323e-02
4.588600000e+00  0.0000000e+00  9.0764774e-13  7.4119169e-02
4.654000000e+00  0.0000000e+00  1.0545562e-12  9.3522893e-02
4.719400000e+00  0.0000000e+00  1.1467023e-12  9.0032068e-02
4.784800000e+00  0.0000000e+00  1.3328600e-12  1.1721043e-01
4.850200000e+00  0.0000000e+00  1.5175906e-12  1.4567189e-01
4.915600000e+00  0.0000000e+00  1.7519951e-12  1.9351266e-01
4.981000000e+00  0.0000000e+00  1.9193408e-12  2.2507657e-01
5.046400000e+00  0.0000000e+00  2.0797016e-12  2.5907492e-01
5.111800000e+00  0.0000000e+00  2.1662980e-12  2.7804160e-01
5.177200000e+00  0.0000000e+00  2.1847572e-12  2.8135696e-01
5.242600000e+00  0.0000000e+00  2.2917594e-12  3.1138528e-01
5.308000000e+00  0.0000000e+00  2.3960059e-12  3.4358807e-01
5.373400000e+00  0.0000000e+00  2.4172475e-12  3.5105932e-01
5.438800000e+00  0.0000000e+00  2.2712033e-12  3.0926852e-01
5.504200000e+00  0.0000000e+00  2.4517069e-12  3.6573033e-01
5.569600000e+00  0.0000000e+00  2.2503698e-12  3.0761723e-01
5.635000000e+00  0.0000000e+00  2.2035240e-12  2.9705854e-01
5.700400000e+00  0.0000000e+00  2.1915519e-12  2.9662877e-01
5.765800000e+00  0.0000000e+00  2.2020401e-12  3.0263721e-01
5.831200000e+00  0.0000000e+00  2.2388916e-12  3.1629346e-01
5.896600000e+00  0.0000000e+00  2.1401210e-12  2.9236163e-01
5.962000000e+00  0.0000000e+00  2.1809526e-12  3.0702911e-01
6.027400000e+00  0.0000000e+00  2.2896709e-12  3.4153467e-01
6.092800000e+00  0.0000000e+00  2.2893159e-12  3.4535460e-01
6.158200000e+00  0.0000000e+00  2.4397413e-12  3.9623666e-01
6.223600000e+00  0.0000000e+00  2.8363037e-12  5.4196692e-01
6.289000000e+00  0.0000000e+00  3.1184066e-12  6.6460815e-01
6.354400000e+00  0.0000000e+00  2.5860031e-12  4.5902570e-01
6.419800000e+00  0.0000000e+00  2.4925621e-12  4.3130040e-01
6.485200000e+00  0.0000000e+00  2.4910334e-12  4.3569431e-01
6.550600000e+00  0.0000000e+00  2.5457479e-12  4.5983315e-01
6.616000000e+00  0.0000000e+00  2.6030152e-12  4.8519093e-01
6.681400000e+00  0.0000000e+00  2.9134299e-12  6.1188733e-01
6.746800000e+00  0.0000000e+00  3.4164102e-12  8.5131213e-01
6.812200000e+00  0.0000000e+00  3.1637395e-12  7.3525859e-01
6.877600000e+00  0.0000000e+00  3.3804942e-12  8.4785051e-01
6.943000000e+00  0.0000000e+00  3.5931149e-12  9.6824573e-01
7.008400000e+00  0.0000000e+00  3.6859084e-12  1.0286494e+00
7.073800000e+00  0.0000000e+00  4.0231104e-12  1.2416398e+00
7.139200000e+00  0.0000000e+00  3.7206401e-12  1.0664421e+00
7.204600000e+00  0.0000000e+00  4.1390902e-12  1.3383189e+00
7.270000000e+00  0.0000000e+00  4.1584855e-12  1.3622750e+00
7.335400000e+00  0.0000000e+00  4.2496130e-12  1.4360743e+00
7.400800000e+00  0.0000000e+00  4.5941135e-12  1.7023704e+00
7.466200000e+00  0.0000000e+00  4.4189575e-12  1.5817653e+00
7.531600000e+00  0.0000000e+00  4.7984112e-12  1.8933598e+00
7.597000000e+00  0.0000000e+00  4.6035416e-12  1.7490860e+00
7.662400000e+00  0.0000000e+00  4.8984802e-12  2.0074749e+00
7.727800000e+00  0.0000000e+00  4.9312884e-12  2.0509585e+00
7.793200000e+00  0.0000000e+00  4.9515648e-12  2.0842082e+00
7.858600000e+00  0.0000000e+00  4.8773289e-12  2.0344668e+00
7.924000000e+00  0.0000000e+00  4.9866624e-12  2.1470133e+00
7.989400000e+00  0.0000000e+00  5.0853225e-12  2.2542015e+00
8.054800000e+00  0.0000000e+00  5.1009073e-12  2.2852514e+00
8.120200000e+00  0.0000000e+00  5.1549045e-12  2.3535262e+00
8.185600000e+00  0.0000000e+00  5.1596779e-12  2.3750852e+00
8.251000000e+00  0.0000000e+00  5.1836115e-12  2.4158223e+00
8.316400000e+00  0.0000000e+00  5.2189798e-12  2.4686915e+00
8.381800000e+00  0.0000000e+00  5.2466798e-12  2.5148066e+00
8.447200000e+00  0.0000000e+00  5.2551564e-12  2.5419860e+00
8.512600000e+00  0.0000000e+00  5.2435230e-12  2.5491216e+00
8.578000000e+00  0.0000000e+00  5.2625898e-12  2.5882522e+00
8.643400000e+00  0.0000000e+00  5.2704080e-12  2.6159203e+00
8.708800000e+00  0.0000000e+00  5.2637551e-12  2.6288360e+00
8.774200000e+00  0.0000000e+00  5.2545476e-12  2.6390050e+00
8.839600000e+00  0.0000000e+00  5.2227468e-12  2.6269562e+00
8.905000000e+00  0.0000000e+00  5.2203945e-12  2.6433653e+00
8.970400000e+00  0.0000000e+00  5.2550084e-12  2.6979595e+00
9.035800000e+00  0.0000000e+00  5.3072347e-12  2.7710856e+00
9.101200000e+00  0.0000000e+00  5.3073022e-12  2.7910146e+00
9.166600000e+00  0.0000000e+00  5.2880714e-12  2.7908000e+00
9.232000000e+00  0.0000000e+00  5.2774039e-12  2.7987833e+00
9.297400000e+00  0.0000000e+00  5.3035677e-12  2.8452648e+00
9.362800000e+00  0.0000000e+00  4.8894101e-12  2.4396493e+00
9.428200000e+00  0.0000000e+00  3.3847661e-12  1.1797545e+00
9.493600000e+00  0.0000000e+00  2.7826192e-12  7.9773658e-01
9.559000000e+00  0.0000000e+00  3.8824051e-12  1.5727111e+00
9.624400000e+00  0.0000000e+00  2.9672051e-12  9.2117092e-01
9.689800000e+00  0.0000000e+00  3.3739673e-12  1.2058884e+00
9.755200000e+00  0.0000000e+00  3.4098766e-12  1.2389053e+00
9.820600000e+00  0.0000000e+00  3.7572504e-12  1.5151168e+00
9.886000000e+00  0.0000000e+00  4.2422015e-12  1.9419067e+00
9.951400000e+00  0.0000000e+00  4.7466512e-12  2.4427144e+00
1.001680000e+01  0.0000000e+00  5.1059816e-12  2.8401839e+00
1.008220000e+01  0.0000000e+00  5.3496942e-12  3.1346527e+00
1.014760000e+01  0.0000000e+00  5.4478635e-12  3.2696600e+00
1.021300000e+01  0.0000000e+00  5.4921587e-12  3.3428396e+00
1.027840000e+01  0.0000000e+00  5.4961685e-12  3.3681666e+00
1.034380000e+01  0.0000000e+00  5.5016408e-12  3.3960305e+00
1.040920000e+01  0.0000000e+00  5.5053206e-12  3.4217535e+00
1.047460000e+01  0.0000000e+00  5.4947983e-12  3.4292104e+00
1.054000000e+01  0.0000000e+00  5.4884847e-12  3.4420484e+00
1.060540000e+01  0.0000000e+00  5.4854680e-12  3.4593313e+00
1.067080000e+01  0.0000000e+00  5.4794896e-12  3.4727462e+00
1.073620000e+01  0.0000000e+00  5.4716836e-12  3.4837922e+00
1.080160000e+01  0.0000000e+00  5.4607432e-12  3.4906020e+00
1.086700000e+01  0.0000000e+00  5.4511646e-12  3.4991576e+00
1.093240000e+01  0.0000000e+00  5.4403165e-12  3.5059332e+00
1.099780000e+01  0.0000000e+00  5.4260137e-12  3.5078885e+00
1.106320000e+01  0.0000000e+00  5.4146398e-12  3.5138399e+00
1.112860000e+01  0.0000000e+00  5.4005524e-12  3.5159409e+00
1.119400000e+01  0.0000000e+00  5.3863914e-12  3.5177787e+00
1.125940000e+01  0.0000000e+00  5.3681056e-12  3.5138025e+00
1.132480000e+01  0.0000000e+00  5.3561269e-12  3.5183497e+00
1.139020000e+01  0.0000000e+00  5.3415482e-12  3.5191523e+00
1.145560000e+01  0.0000000e+00  5.3261836e-12  3.5186910e+00
1.152100000e+01  0.0000000e+00  5.3117497e-12  3.5193803e+00
1.158640000e+01  0.0000000e+00  5.2957916e-12  3.5178111e+00
1.165180000e+01  0.0000000e+00  5.2798321e-12  3.5160791e+00
1.171720000e+01  0.0000000e+00  5.2572042e-12  3.5048179e+00
1.178260000e+01  0.0000000e+00  5.2447861e-12  3.5077339e+00
1.184800000e+01  0.0000000e+00  5.2301370e-12  3.5073737e+00
1.191340000e+01  0.0000000e+00  5.2123858e-12  3.5024852e+00
1.197880000e+01  0.0000000e+00  5.1964316e-12  3.4999612e+00
1.204420000e+01  0.0000000e+00  5.1786830e-12  3.4947516e+00
1.210960000e+01  0.0000000e+00  5.1586565e-12  3.4861549e+00
1.217500000e+01  0.0000000e+00  5.1428255e-12  3.4833759e+00
1.224040000e+01  0.0000000e+00  5.1235122e-12  3.4754882e+00
1.230580000e+01  0.0000000e+00  5.1023753e-12  3.4648594e+00
1.237120000e+01  0.0000000e+00  5.0798647e-12  3.4521848e+00
1.243660000e+01  0.0000000e+00  5.0589800e-12  3.4416047e+00
1.250200000e+01  0.0000000e+00  5.0299837e-12  3.4194845e+00
1.256740000e+01  0.0000000e+00  5.0100792e-12  3.4098184e+00
1.263280000e+01  0.0000000e+00  4.9357683e-12  3.3251880e+00
1.269820000e+01  0.0000000e+00  4.9814441e-12  3.4065242e+00
1.276360000e+01  0.0000000e+00  4.9481470e-12  3.3778812e+00
1.282900000e+01  0.0000000e+00  4.9266597e-12  3.3657084e+00
1.289440000e+01  0.0000000e+00  4.9022452e-12  3.3491769e+00
1.295980000e+01  0.0000000e+00  4.8690580e-12  3.3205953e+00
1.302520000e+01  0.0000000e+00  4.8442458e-12  3.3028372e+00
1.309060000e+01  0.0000000e+00  4.8002968e-12  3.2590555e+00
1.315600000e+01  0.0000000e+00  4.7602133e-12  3.2195432e+00
1.322140000e+01  0.0000000e+00  4.6724322e-12  3.1159419e+00
1.328680000e+01  0.0000000e+00  4.6044133e-12  3.0391867e+00
1.335220000e+01  0.0000000e+00  4.4927995e-12  2.9063746e+00
1.341760000e+01  0.0000000e+00  4.3908419e-12  2.7883532e+00
1.348300000e+01  0.0000000e+00  4.0272318e-12  2.3541989e+00
1.354840000e+01  0.0000000e+00  4.1249478e-12  2.4828643e+00
1.361380000e+01  0.0000000e+00  4.0581883e-12  2.4144668e+00
1.367920000e+01  0.0000000e+00  4.0257379e-12  2.3879557e+00
1.374460000e+01  0.0000000e+00  4.0995124e-12  2.4885743e+00
1.381000000e+01  0.0000000e+00  4.0051657e-12  2.3874855e+00
1.387540000e+01  0.0000000e+00  3.1588623e-12  1.4878190e+00
1.394080000e+01  0.0000000e+00  3.7585702e-12  2.1202592e+00
1.400620000e+01  0.0000000e+00  3.6807621e-12  2.0417952e+00
1.407160000e+01  0.0000000e+00  3.5511232e-12  1.9090696e+00
1.413700000e+01  0.0000000e+00  3.4028335e-12  1.7599519e+00
1.420240000e+01  0.0000000e+00  3.2067547e-12  1.5696903e+00
1.426780000e+01  0.0000000e+00  3.0517492e-12  1.4277229e+00
1.433320000e+01  0.0000000e+00  2.9338003e-12  1.3252424e+00
1.439860000e+01  0.0000000e+00  2.7728135e-12  1.1887731e+00
1.446400000e+01  0.0000000e+00  2.7205107e-12  1.1494742e+00
1.452940000e+01  0.0000000e+00  2.6651809e-12  1.1081244e+00
1.459480000e+01  0.0000000e+00  2.5874781e-12  1.0489078e+00
1.466020000e+01  0.0000000e+00  2.5677576e-12  1.0375692e+00
1.472560000e+01  0.0000000e+00  2.5544118e-12  1.0313524e+00
1.479100000e+01  0.0000000e+00  2.5145461e-12  1.0037179e+00
1.485640000e+01  0.0000000e+00  2.5237803e-12  1.0156298e+00
1.492180000e+01  0.0000000e+00  2.4767336e-12  9.8227166e-01
1.498720000e+01  0.0000000e+00  2.4090877e-12  9.3335623e-01
1.505260000e+01  0.0000000e+00  2.4976983e-12  1.0078447e+00
1.511800000e+01  0.0000000e+00  2.4936425e-12  1.0089352e+00
1.518340000e+01  0.0000000e+00  2.5193956e-12  1.0344359e+00
1.524880000e+01  0.0000000e+00  2.5178526e-12  1.0376338e+00
1.531420000e+01  0.0000000e+00  2.5024833e-12  1.0293455e+00
1.537960000e+01  0.0000000e+00  2.4880560e-12  1.0218372e+00
1.544500000e+01  0.0000000e+00  2.5741990e-12  1.0987260e+00
1.551040000e+01  0.0000000e+00  2.5857005e-12  1.1133096e+00
1.557580000e+01  0.0000000e+00  2.6465303e-12  1.1713684e+00
1.564120000e+01  0.0000000e+00  2.7258793e-12  1.2481115e+00
1.570660000e+01  0.0000000e+00  2.7441899e-12  1.2702540e+00
1.577200000e+01  0.0000000e+00  2.8184623e-12  1.3457505e+00
1.583740000e+01  0.0000000e+00  2.9281630e-12  1.4589391e+00
1.590280000e+01  0.0000000e+00  3.0141879e-12  1.5524483e+00
1.596820000e+01  0.0000000e+00  3.1725968e-12  1.7274206e+00
1.603360000e+01  0.0000000e+00  3.2310940e-12  1.7992741e+00
1.609900000e+01  0.0000000e+00  3.4957133e-12  2.1159371e+00
1.616440000e+01  0.0000000e+00  3.0228525e-12  1.5870026e+00
1.622980000e+01  0.0000000e+00  3.1188201e-12  1.6965122e+00
1.629520000e+01  0.0000000e+00  3.4142323e-12  2.0426690e+00
1.636060000e+01  0.0000000e+00  3.5101372e-12  2.1683944e+00
1.642600000e+01  0.0000000e+00  3.3798188e-12  2.0176839e+00
1.649140000e+01  0.0000000e+00  3.4862567e-12  2.1560645e+00
1.655680000e+01  0.0000000e+00  3.4105727e-12  2.0710207e+00
1.662220000e+01  0.0000000e+00  3.5407722e-12  2.2417819e+00
1.668760000e+01  0.0000000e+00  3.4844423e-12  2.1791790e+00
1.675300000e+01  0.0000000e+00  3.3783009e-12  2.0561131e+00
1.681840000e+01  0.0000000e+00  3.5277196e-12  2.2514417e+00
1.688380000e+01  0.0000000e+00  3.5481270e-12  2.2858834e+00
1.694920000e+01  0.0000000e+00  3.6035625e-12  2.3687693e+00
1.701460000e+01  0.0000000e+00  3.6207999e-12  2.4012702e+00
1.708000000e+01  0.0000000e+00  3.6333837e-12  2.4275844e+00
1.714540000e+01  0.0000000e+00  3.6343646e-12  2.4385167e+00
1.721080000e+01  0.0000000e+00  3.5432347e-12  2.3236240e+00
1.727620000e+01  0.0000000e+00  3.6493879e-12  2.4784809e+00
1.734160000e+01  0.0000000e+00  3.5531670e-12  2.3555805e+00
1.740700000e+01  0.0000000e+00  3.6231247e-12  2.4616685e+00
1.747240000e+01  0.0000000e+00  3.6042315e-12  2.4451178e+00
1.753780000e+01  0.0000000e+00  3.5451706e-12  2.3727838e+00
1.760320000e+01  0.0000000e+00  3.5030630e-12  2.3244416e+00
1.766860000e+01  0.0000000e+00  3.5273916e-12  2.3672547e+00
1.773400000e+01  0.0000000e+00  3.4851034e-12  2.3184085e+00
1.779940000e+01  0.0000000e+00  3.5284201e-12  2.3876994e+00
1.786480000e+01  0.0000000e+00  3.5149968e-12  2.3785153e+00
1.793020000e+01  0.0000000e+00  3.4952239e-12  2.3602940e+00
1.799560000e+01  0.0000000e+00  3.4572192e-12  2.3166759e+00
1.806100000e+01  0.0000000e+00  3.4411992e-12  2.3036395e+00
1.812640000e+01  0.0000000e+00  3.4409235e-12  2.3123890e+00
1.819180000e+01  0.0000000e+00  3.3868258e-12  2.2465720e+00
1.825720000e+01  0.0000000e+00  3.3556714e-12  2.2126631e+00
1.832260000e+01  0.0000000e+00  3.2489557e-12  2.0790515e+00
1.838800000e+01  0.0000000e+00  3.3576451e-12  2.2327050e+00
1.845340000e+01  0.0000000e+00  3.3188718e-12  2.1882384e+00
1.851880000e+01  0.0000000e+00  3.3410145e-12  2.2270693e+00
1.858420000e+01  0.0000000e+00  3.3267610e-12  2.2160004e+00
1.864960000e+01  0.0000000e+00  3.2278531e-12  2.0902559e+00
1.871500000e+01  0.0000000e+00  3.2946050e-12  2.1886269e+00
1.878040000e+01  0.0000000e+00  3.2808951e-12  2.1781911e+00
1.884580000e+01  0.0000000e+00  3.2650522e-12  2.1647062e+00
1.891120000e+01  0.0000000e+00  3.2458816e-12  2.1464615e+00
1.897660000e+01  0.0000000e+00  3.1650696e-12  2.0451757e+00
1.904200000e+01  0.0000000e+00  3.1176845e-12  1.9902751e+00
1.910740000e+01  0.0000000e+00  3.2005415e-12  2.1083934e+00
1.917280000e+01  0.0000000e+00  3.1837633e-12  2.0933502e+00
1.923820000e+01  0.0000000e+00  3.0830793e-12  1.9664181e+00
1.930360000e+01  0.0000000e+00  3.0137094e-12  1.8839506e+00
1.936900000e+01  0.0000000e+00  3.0667234e-12  1.9591728e+00
1.943440000e+01  0.0000000e+00  3.1221737e-12  2.0403836e+00
1.949980000e+01  0.0000000e+00  3.1083060e-12  2.0292085e+00
1.956520000e+01  0.0000000e+00  3.0759534e-12  1.9929175e+00
1.963060000e+01  0.0000000e+00  3.0750919e-12  1.9991095e+00
1.969600000e+01  0.0000000e+00  2.9616580e-12  1.8572212e+00
1.976140000e+01  0.0000000e+00  2.9792139e-12  1.8864419e+00
1.982680000e+01  0.0000000e+00  3.0218933e-12  1.9494062e+00
1.989220000e+01  0.0000000e+00  2.9151065e-12  1.8170206e+00
1.995760000e+01  0.0000000e+00  2.9577126e-12  1.8785291e+00
