# 3D spectroscopic simulation - Spatial binning of 5 (195 calculations)
# ------------------------------------------------------------------------
# Radiance spectrum
# NASA-GSFC Planetary Spectrum Generator (PSG) (Villanueva et al. 2018, 2022)
# Synthesized on Tue Apr  1 16:12:54 2025
# Doppler velocities [km/s] (vobs,vrot+vorb,vwidth,vrfl,vstr): -21.10000,-0.00022,0.00000,-10.54402,0.00082
# ------------------------------------------------------------------------
# Spectra synthesized with the Planetary and Universal Model of Atmospheric Scattering (PUMAS, Villanueva et al. 2018, 2022)
# Multiple scattering method employing PSGDORT, NMAX:2 / LMAX:4 / gMAX:0.95
# Radiative transfer took 2.168 seconds
# ------------------------------------------------------------------------
# Spectral unit: Wavelength [um]
# Radiance unit: Spectral radiance [W/sr/m2/um]
# Wave/freq Total Noise Proxima-Cen-b
4.000000000e+00  0.0000000e+00  2.9352313e-13  1.7993393e-02
4.065400000e+00  0.0000000e+00  2.5461047e-13  1.2488819e-02
4.130800000e+00  0.0000000e+00  2.3030362e-13  9.7549030e-03
4.196200000e+00  0.0000000e+00  1.3122918e-13  1.9875137e-03
4.261600000e+00  0.0000000e+00  1.6226978e-13  1.2094376e-03
4.327000000e+00  0.0000000e+00  2.3842156e-13  2.6547427e-03
4.392400000e+00  0.0000000e+00  3.7436439e-13  6.7149275e-03
4.457800000e+00  0.0000000e+00  3.0227046e-13  1.2672172e-02
4.523200000e+00  0.0000000e+00  3.8468971e-13  2.8863484e-02
4.588600000e+00  0.0000000e+00  4.2589485e-13  3.5493131e-02
4.654000000e+00  0.0000000e+00  4.5322964e-13  4.0317003e-02
4.719400000e+00  0.0000000e+00  4.1977227e-13  3.0041305e-02
4.784800000e+00  0.0000000e+00  4.7802705e-13  3.7443721e-02
4.850200000e+00  0.0000000e+00  5.6712416e-13  4.6298251e-02
4.915600000e+00  0.0000000e+00  6.1055459e-13  5.8589604e-02
4.981000000e+00  0.0000000e+00  7.8526380e-13  7.4071247e-02
5.046400000e+00  0.0000000e+00  9.2256967e-13  9.2219441e-02
5.111800000e+00  0.0000000e+00  1.1109755e-12  1.1643220e-01
5.177200000e+00  0.0000000e+00  1.3011173e-12  1.3960922e-01
5.242600000e+00  0.0000000e+00  1.4465266e-12  1.6774989e-01
5.308000000e+00  0.0000000e+00  1.5786859e-12  1.9546491e-01
5.373400000e+00  0.0000000e+00  1.7067630e-12  2.2073286e-01
5.438800000e+00  0.0000000e+00  1.8258428e-12  2.3466666e-01
5.504200000e+00  0.0000000e+00  1.9506640e-12  2.6999799e-01
5.569600000e+00  0.0000000e+00  1.9491688e-12  2.5609132e-01
5.635000000e+00  0.0000000e+00  1.9758363e-12  2.5810273e-01
5.700400000e+00  0.0000000e+00  2.0207086e-12  2.6502688e-01
5.765800000e+00  0.0000000e+00  2.0683228e-12  2.7619606e-01
5.831200000e+00  0.0000000e+00  2.1346176e-12  2.9402468e-01
5.896600000e+00  0.0000000e+00  2.0975829e-12  2.8198375e-01
5.962000000e+00  0.0000000e+00  2.1539233e-12  2.9980155e-01
6.027400000e+00  0.0000000e+00  2.2576534e-12  3.3297293e-01
6.092800000e+00  0.0000000e+00  2.2786512e-12  3.4203128e-01
6.158200000e+00  0.0000000e+00  2.4219654e-12  3.9091141e-01
6.223600000e+00  0.0000000e+00  2.7723247e-12  5.2257386e-01
6.289000000e+00  0.0000000e+00  3.0278318e-12  6.3462576e-01
6.354400000e+00  0.0000000e+00  2.5826775e-12  4.5778452e-01
6.419800000e+00  0.0000000e+00  2.5083301e-12  4.3575812e-01
6.485200000e+00  0.0000000e+00  2.5168142e-12  4.4331658e-01
6.550600000e+00  0.0000000e+00  2.5763804e-12  4.6925793e-01
6.616000000e+00  0.0000000e+00  2.6307347e-12  4.9400492e-01
6.681400000e+00  0.0000000e+00  2.9139528e-12  6.1191650e-01
6.746800000e+00  0.0000000e+00  3.3635084e-12  8.2983410e-01
6.812200000e+00  0.0000000e+00  3.1501765e-12  7.3000678e-01
6.877600000e+00  0.0000000e+00  3.3466115e-12  8.3374778e-01
6.943000000e+00  0.0000000e+00  3.5379195e-12  9.4313182e-01
7.008400000e+00  0.0000000e+00  3.6307621e-12  1.0027403e+00
7.073800000e+00  0.0000000e+00  3.9271929e-12  1.1907365e+00
7.139200000e+00  0.0000000e+00  3.6750177e-12  1.0439792e+00
7.204600000e+00  0.0000000e+00  4.0447238e-12  1.2853056e+00
7.270000000e+00  0.0000000e+00  4.0707743e-12  1.3122489e+00
7.335400000e+00  0.0000000e+00  4.1570746e-12  1.3811754e+00
7.400800000e+00  0.0000000e+00  4.4620813e-12  1.6156518e+00
7.466200000e+00  0.0000000e+00  4.3203239e-12  1.5193229e+00
7.531600000e+00  0.0000000e+00  4.6565117e-12  1.7937096e+00
7.597000000e+00  0.0000000e+00  4.4987291e-12  1.6787212e+00
7.662400000e+00  0.0000000e+00  4.7604416e-12  1.9063556e+00
7.727800000e+00  0.0000000e+00  4.7982399e-12  1.9521985e+00
7.793200000e+00  0.0000000e+00  4.8249395e-12  1.9892824e+00
7.858600000e+00  0.0000000e+00  4.7677373e-12  1.9532866e+00
7.924000000e+00  0.0000000e+00  4.8702699e-12  2.0578399e+00
7.989400000e+00  0.0000000e+00  4.9635705e-12  2.1579520e+00
8.054800000e+00  0.0000000e+00  4.9835294e-12  2.1915762e+00
8.120200000e+00  0.0000000e+00  5.0366560e-12  2.2572461e+00
8.185600000e+00  0.0000000e+00  5.0467340e-12  2.2826654e+00
8.251000000e+00  0.0000000e+00  5.0727609e-12  2.3240458e+00
8.316400000e+00  0.0000000e+00  5.1084918e-12  2.3758180e+00
8.381800000e+00  0.0000000e+00  5.1370750e-12  2.4215363e+00
8.447200000e+00  0.0000000e+00  5.1482484e-12  2.4503585e+00
8.512600000e+00  0.0000000e+00  5.1406431e-12  2.4608434e+00
8.578000000e+00  0.0000000e+00  5.1604472e-12  2.4997929e+00
8.643400000e+00  0.0000000e+00  5.1697759e-12  2.5281129e+00
8.708800000e+00  0.0000000e+00  5.1656882e-12  2.5430397e+00
8.774200000e+00  0.0000000e+00  5.1587338e-12  2.5549885e+00
8.839600000e+00  0.0000000e+00  5.1302911e-12  2.5461893e+00
8.905000000e+00  0.0000000e+00  5.1294115e-12  2.5634266e+00
8.970400000e+00  0.0000000e+00  5.1632778e-12  2.6161312e+00
9.035800000e+00  0.0000000e+00  5.2134909e-12  2.6857145e+00
9.101200000e+00  0.0000000e+00  5.2145784e-12  2.7060831e+00
9.166600000e+00  0.0000000e+00  5.1976777e-12  2.7080375e+00
9.232000000e+00  0.0000000e+00  5.1890133e-12  2.7175269e+00
9.297400000e+00  0.0000000e+00  5.2145481e-12  2.7620611e+00
9.362800000e+00  0.0000000e+00  4.8220188e-12  2.3836954e+00
9.428200000e+00  0.0000000e+00  3.3825902e-12  1.1823885e+00
9.493600000e+00  0.0000000e+00  2.7992938e-12  8.0881301e-01
9.559000000e+00  0.0000000e+00  3.8611286e-12  1.5619695e+00
9.624400000e+00  0.0000000e+00  2.9789227e-12  9.3082542e-01
9.689800000e+00  0.0000000e+00  3.3760764e-12  1.2112304e+00
9.755200000e+00  0.0000000e+00  3.4115999e-12  1.2440472e+00
9.820600000e+00  0.0000000e+00  3.7465691e-12  1.5120437e+00
9.886000000e+00  0.0000000e+00  4.2108916e-12  1.9212529e+00
9.951400000e+00  0.0000000e+00  4.6913819e-12  2.3962604e+00
1.001680000e+01  0.0000000e+00  5.0317091e-12  2.7693462e+00
1.008220000e+01  0.0000000e+00  5.2631424e-12  3.0454451e+00
1.014760000e+01  0.0000000e+00  5.3571389e-12  3.1727020e+00
1.021300000e+01  0.0000000e+00  5.4010044e-12  3.2433908e+00
1.027840000e+01  0.0000000e+00  5.4073157e-12  3.2703984e+00
1.034380000e+01  0.0000000e+00  5.4134527e-12  3.2981897e+00
1.040920000e+01  0.0000000e+00  5.4177782e-12  3.3238935e+00
1.047460000e+01  0.0000000e+00  5.4103141e-12  3.3343576e+00
1.054000000e+01  0.0000000e+00  5.4058173e-12  3.3487540e+00
1.060540000e+01  0.0000000e+00  5.4034039e-12  3.3661173e+00
1.067080000e+01  0.0000000e+00  5.3980447e-12  3.3797392e+00
1.073620000e+01  0.0000000e+00  5.3907169e-12  3.3908736e+00
1.080160000e+01  0.0000000e+00  5.3805401e-12  3.3981978e+00
1.086700000e+01  0.0000000e+00  5.3714595e-12  3.4068948e+00
1.093240000e+01  0.0000000e+00  5.3611617e-12  3.4139045e+00
1.099780000e+01  0.0000000e+00  5.3479076e-12  3.4168088e+00
1.106320000e+01  0.0000000e+00  5.3370565e-12  3.4229784e+00
1.112860000e+01  0.0000000e+00  5.3238766e-12  3.4258587e+00
1.119400000e+01  0.0000000e+00  5.3106107e-12  3.4284697e+00
1.125940000e+01  0.0000000e+00  5.2937880e-12  3.4260871e+00
1.132480000e+01  0.0000000e+00  5.2822350e-12  3.4307827e+00
1.139020000e+01  0.0000000e+00  5.2684546e-12  3.4322673e+00
1.145560000e+01  0.0000000e+00  5.2539918e-12  3.4326404e+00
1.152100000e+01  0.0000000e+00  5.2402899e-12  3.4339366e+00
1.158640000e+01  0.0000000e+00  5.2253048e-12  3.4333202e+00
1.165180000e+01  0.0000000e+00  5.2102555e-12  3.4324726e+00
1.171720000e+01  0.0000000e+00  5.1895108e-12  3.4235057e+00
1.178260000e+01  0.0000000e+00  5.1773842e-12  3.4264450e+00
1.184800000e+01  0.0000000e+00  5.1633243e-12  3.4265489e+00
1.191340000e+01  0.0000000e+00  5.1465696e-12  3.4227272e+00
1.197880000e+01  0.0000000e+00  5.1313320e-12  3.4208698e+00
1.204420000e+01  0.0000000e+00  5.1145476e-12  3.4166882e+00
1.210960000e+01  0.0000000e+00  5.0957170e-12  3.4094838e+00
1.217500000e+01  0.0000000e+00  5.0804695e-12  3.4072116e+00
1.224040000e+01  0.0000000e+00  5.0622693e-12  3.4005866e+00
1.230580000e+01  0.0000000e+00  5.0424502e-12  3.3915293e+00
1.237120000e+01  0.0000000e+00  5.0213507e-12  3.3805784e+00
1.243660000e+01  0.0000000e+00  5.0015666e-12  3.3713036e+00
1.250200000e+01  0.0000000e+00  4.9742730e-12  3.3514146e+00
1.256740000e+01  0.0000000e+00  4.9552385e-12  3.3427494e+00
1.263280000e+01  0.0000000e+00  4.8901366e-12  3.2704683e+00
1.269820000e+01  0.0000000e+00  4.9265153e-12  3.3390134e+00
1.276360000e+01  0.0000000e+00  4.8952605e-12  3.3131617e+00
1.282900000e+01  0.0000000e+00  4.8746754e-12  3.3021091e+00
1.289440000e+01  0.0000000e+00  4.8513254e-12  3.2869371e+00
1.295980000e+01  0.0000000e+00  4.8202268e-12  3.2612191e+00
1.302520000e+01  0.0000000e+00  4.7970432e-12  3.2454614e+00
1.309060000e+01  0.0000000e+00  4.7561559e-12  3.2059052e+00
1.315600000e+01  0.0000000e+00  4.7200993e-12  3.1715095e+00
1.322140000e+01  0.0000000e+00  4.6394726e-12  3.0776241e+00
1.328680000e+01  0.0000000e+00  4.5772886e-12  3.0083449e+00
1.335220000e+01  0.0000000e+00  4.4735281e-12  2.8857356e+00
1.341760000e+01  0.0000000e+00  4.3779919e-12  2.7757646e+00
1.348300000e+01  0.0000000e+00  4.0303329e-12  2.3598332e+00
1.354840000e+01  0.0000000e+00  4.1274345e-12  2.4882615e+00
1.361380000e+01  0.0000000e+00  4.0625647e-12  2.4218944e+00
1.367920000e+01  0.0000000e+00  4.0305469e-12  2.3959414e+00
1.374460000e+01  0.0000000e+00  4.1024263e-12  2.4946793e+00
1.381000000e+01  0.0000000e+00  4.0089228e-12  2.3945128e+00
1.387540000e+01  0.0000000e+00  3.1733680e-12  1.5017738e+00
1.394080000e+01  0.0000000e+00  3.7687375e-12  2.1330270e+00
1.400620000e+01  0.0000000e+00  3.6927846e-12  2.0560568e+00
1.407160000e+01  0.0000000e+00  3.5651043e-12  1.9246330e+00
1.413700000e+01  0.0000000e+00  3.4173105e-12  1.7751146e+00
1.420240000e+01  0.0000000e+00  3.2207475e-12  1.5834244e+00
1.426780000e+01  0.0000000e+00  3.0644311e-12  1.4396033e+00
1.433320000e+01  0.0000000e+00  2.9451664e-12  1.3355168e+00
1.439860000e+01  0.0000000e+00  2.7842870e-12  1.1985767e+00
1.446400000e+01  0.0000000e+00  2.7317961e-12  1.1589650e+00
1.452940000e+01  0.0000000e+00  2.6788471e-12  1.1194558e+00
1.459480000e+01  0.0000000e+00  2.6051183e-12  1.0632590e+00
1.466020000e+01  0.0000000e+00  2.5856600e-12  1.0520976e+00
1.472560000e+01  0.0000000e+00  2.5739553e-12  1.0472153e+00
1.479100000e+01  0.0000000e+00  2.5346097e-12  1.0198428e+00
1.485640000e+01  0.0000000e+00  2.5429791e-12  1.0311766e+00
1.492180000e+01  0.0000000e+00  2.4969633e-12  9.9844868e-01
1.498720000e+01  0.0000000e+00  2.4213090e-12  9.4288154e-01
1.505260000e+01  0.0000000e+00  2.5173248e-12  1.0237907e+00
1.511800000e+01  0.0000000e+00  2.5117254e-12  1.0236572e+00
1.518340000e+01  0.0000000e+00  2.5379116e-12  1.0497184e+00
1.524880000e+01  0.0000000e+00  2.5357202e-12  1.0524284e+00
1.531420000e+01  0.0000000e+00  2.5204188e-12  1.0441725e+00
1.537960000e+01  0.0000000e+00  2.5034715e-12  1.0345559e+00
1.544500000e+01  0.0000000e+00  2.5860431e-12  1.1088251e+00
1.551040000e+01  0.0000000e+00  2.5978999e-12  1.1237949e+00
1.557580000e+01  0.0000000e+00  2.6566510e-12  1.1802955e+00
1.564120000e+01  0.0000000e+00  2.7348111e-12  1.2562651e+00
1.570660000e+01  0.0000000e+00  2.7543647e-12  1.2796702e+00
1.577200000e+01  0.0000000e+00  2.8287638e-12  1.3555915e+00
1.583740000e+01  0.0000000e+00  2.9397357e-12  1.4704936e+00
1.590280000e+01  0.0000000e+00  3.0263350e-12  1.5650195e+00
1.596820000e+01  0.0000000e+00  3.1843582e-12  1.7405156e+00
1.603360000e+01  0.0000000e+00  3.2418842e-12  1.8117889e+00
1.609900000e+01  0.0000000e+00  3.5026556e-12  2.1255824e+00
1.616440000e+01  0.0000000e+00  3.0350087e-12  1.6000582e+00
1.622980000e+01  0.0000000e+00  3.1286225e-12  1.7075309e+00
1.629520000e+01  0.0000000e+00  3.4220799e-12  2.0531173e+00
1.636060000e+01  0.0000000e+00  3.5156343e-12  2.1765938e+00
1.642600000e+01  0.0000000e+00  3.3871221e-12  2.0274758e+00
1.649140000e+01  0.0000000e+00  3.4906981e-12  2.1630173e+00
1.655680000e+01  0.0000000e+00  3.4155267e-12  2.0782975e+00
1.662220000e+01  0.0000000e+00  3.5407874e-12  2.2435211e+00
1.668760000e+01  0.0000000e+00  3.4849843e-12  2.1814449e+00
1.675300000e+01  0.0000000e+00  3.3808619e-12  2.0605324e+00
1.681840000e+01  0.0000000e+00  3.5238265e-12  2.2483256e+00
1.688380000e+01  0.0000000e+00  3.5417390e-12  2.2794744e+00
1.694920000e+01  0.0000000e+00  3.5926241e-12  2.3567174e+00
1.701460000e+01  0.0000000e+00  3.6079057e-12  2.3866676e+00
1.708000000e+01  0.0000000e+00  3.6177591e-12  2.4093524e+00
1.714540000e+01  0.0000000e+00  3.6173816e-12  2.4184857e+00
1.721080000e+01  0.0000000e+00  3.5311818e-12  2.3096985e+00
1.727620000e+01  0.0000000e+00  3.6274324e-12  2.4517793e+00
1.734160000e+01  0.0000000e+00  3.5370263e-12  2.3364789e+00
1.740700000e+01  0.0000000e+00  3.5993713e-12  2.4326406e+00
1.747240000e+01  0.0000000e+00  3.5805382e-12  2.4161823e+00
1.753780000e+01  0.0000000e+00  3.5250188e-12  2.3485255e+00
1.760320000e+01  0.0000000e+00  3.4858311e-12  2.3039719e+00
1.766860000e+01  0.0000000e+00  3.5058059e-12  2.3411972e+00
1.773400000e+01  0.0000000e+00  3.4666918e-12  2.2965036e+00
1.779940000e+01  0.0000000e+00  3.5033782e-12  2.3571738e+00
1.786480000e+01  0.0000000e+00  3.4894200e-12  2.3473354e+00
1.793020000e+01  0.0000000e+00  3.4699701e-12  2.3295762e+00
1.799560000e+01  0.0000000e+00  3.4342616e-12  2.2889768e+00
1.806100000e+01  0.0000000e+00  3.4181522e-12  2.2758554e+00
1.812640000e+01  0.0000000e+00  3.4160942e-12  2.2823337e+00
1.819180000e+01  0.0000000e+00  3.3655493e-12  2.2210699e+00
1.825720000e+01  0.0000000e+00  3.3362979e-12  2.1895800e+00
1.832260000e+01  0.0000000e+00  3.2402934e-12  2.0694431e+00
1.838800000e+01  0.0000000e+00  3.3356624e-12  2.2064333e+00
1.845340000e+01  0.0000000e+00  3.2992625e-12  2.1650235e+00
1.851880000e+01  0.0000000e+00  3.3170896e-12  2.1983641e+00
1.858420000e+01  0.0000000e+00  3.3027346e-12  2.1872010e+00
1.864960000e+01  0.0000000e+00  3.2134022e-12  2.0735643e+00
1.871500000e+01  0.0000000e+00  3.2707235e-12  2.1600784e+00
1.878040000e+01  0.0000000e+00  3.2569803e-12  2.1496442e+00
1.884580000e+01  0.0000000e+00  3.2412387e-12  2.1363252e+00
1.891120000e+01  0.0000000e+00  3.2225356e-12  2.1186766e+00
1.897660000e+01  0.0000000e+00  3.1490307e-12  2.0264898e+00
1.904200000e+01  0.0000000e+00  3.1049423e-12  1.9757489e+00
1.910740000e+01  0.0000000e+00  3.1777410e-12  2.0813373e+00
1.917280000e+01  0.0000000e+00  3.1613862e-12  2.0668420e+00
1.923820000e+01  0.0000000e+00  3.0701601e-12  1.9515993e+00
1.930360000e+01  0.0000000e+00  3.0067449e-12  1.8763350e+00
1.936900000e+01  0.0000000e+00  3.0524873e-12  1.9427482e+00
1.943440000e+01  0.0000000e+00  3.1002515e-12  2.0145204e+00
1.949980000e+01  0.0000000e+00  3.0868839e-12  2.0040411e+00
1.956520000e+01  0.0000000e+00  3.0562010e-12  1.9697931e+00
1.963060000e+01  0.0000000e+00  3.0540099e-12  1.9743829e+00
1.969600000e+01  0.0000000e+00  2.9519996e-12  1.8465242e+00
1.976140000e+01  0.0000000e+00  2.9659956e-12  1.8714572e+00
1.982680000e+01  0.0000000e+00  3.0015354e-12  1.9256477e+00
1.989220000e+01  0.0000000e+00  2.9050443e-12  1.8057614e+00
1.995760000e+01  0.0000000e+00  2.9413081e-12  1.8597312e+00
