# 3D spectroscopic simulation - Spatial binning of 5 (193 calculations)
# ------------------------------------------------------------------------
# Radiance spectrum
# NASA-GSFC Planetary Spectrum Generator (PSG) (Villanueva et al. 2018, 2022)
# Synthesized on Tue Apr  1 16:31:32 2025
# Doppler velocities [km/s] (vobs,vrot+vorb,vwidth,vrfl,vstr): -21.10000,-0.00002,0.00000,-8.48723,-0.00106
# ------------------------------------------------------------------------
# Spectra synthesized with the Planetary and Universal Model of Atmospheric Scattering (PUMAS, Villanueva et al. 2018, 2022)
# Multiple scattering method employing PSGDORT, NMAX:2 / LMAX:4 / gMAX:0.95
# Radiative transfer took 1.954 seconds
# ------------------------------------------------------------------------
# Spectral unit: Wavelength [um]
# Radiance unit: Spectral radiance [W/sr/m2/um]
# Wave/freq Total Noise Proxima-Cen-b
4.000000000e+00  0.0000000e+00  3.2642644e-12  6.2969618e-01
4.065400000e+00  0.0000000e+00  2.5868264e-12  3.9777955e-01
4.130800000e+00  0.0000000e+00  2.0343720e-12  2.4593294e-01
4.196200000e+00  0.0000000e+00  5.2351794e-13  1.4385534e-02
4.261600000e+00  0.0000000e+00  1.8397355e-13  1.5710641e-03
4.327000000e+00  0.0000000e+00  2.2936250e-13  2.4507881e-03
4.392400000e+00  0.0000000e+00  3.5673509e-13  6.1114409e-03
4.457800000e+00  0.0000000e+00  1.2164608e-12  8.2258349e-02
4.523200000e+00  0.0000000e+00  1.9494072e-12  2.2600966e-01
4.588600000e+00  0.0000000e+00  2.1305934e-12  2.7425159e-01
4.654000000e+00  0.0000000e+00  2.2679905e-12  3.0953350e-01
4.719400000e+00  0.0000000e+00  1.9332059e-12  2.2291512e-01
4.784800000e+00  0.0000000e+00  2.1316325e-12  2.6950908e-01
4.850200000e+00  0.0000000e+00  2.2745099e-12  3.0504526e-01
4.915600000e+00  0.0000000e+00  2.6219715e-12  4.1014593e-01
4.981000000e+00  0.0000000e+00  2.7137532e-12  4.4159299e-01
5.046400000e+00  0.0000000e+00  2.8203377e-12  4.7896063e-01
5.111800000e+00  0.0000000e+00  2.7854874e-12  4.6658351e-01
5.177200000e+00  0.0000000e+00  2.6983952e-12  4.3883305e-01
5.242600000e+00  0.0000000e+00  2.7711915e-12  4.6666172e-01
5.308000000e+00  0.0000000e+00  2.8579920e-12  5.0178635e-01
5.373400000e+00  0.0000000e+00  2.8276153e-12  4.9413416e-01
5.438800000e+00  0.0000000e+00  2.6195111e-12  4.2264128e-01
5.504200000e+00  0.0000000e+00  2.8151777e-12  4.9533490e-01
5.569600000e+00  0.0000000e+00  2.5769056e-12  4.1361519e-01
5.635000000e+00  0.0000000e+00  2.5188065e-12  3.9635266e-01
5.700400000e+00  0.0000000e+00  2.4977766e-12  3.9235382e-01
5.765800000e+00  0.0000000e+00  2.5041455e-12  3.9741102e-01
5.831200000e+00  0.0000000e+00  2.5469916e-12  4.1487584e-01
5.896600000e+00  0.0000000e+00  2.4072601e-12  3.7319218e-01
5.962000000e+00  0.0000000e+00  2.4432754e-12  3.8832223e-01
6.027400000e+00  0.0000000e+00  2.5635318e-12  4.3194071e-01
6.092800000e+00  0.0000000e+00  2.5474971e-12  4.3065334e-01
6.158200000e+00  0.0000000e+00  2.7354858e-12  5.0239772e-01
6.223600000e+00  0.0000000e+00  3.1865003e-12  6.9192910e-01
6.289000000e+00  0.0000000e+00  3.4948039e-12  8.4467041e-01
6.354400000e+00  0.0000000e+00  2.8743722e-12  5.7142928e-01
6.419800000e+00  0.0000000e+00  2.7294949e-12  5.1991158e-01
6.485200000e+00  0.0000000e+00  2.7140709e-12  5.1906086e-01
6.550600000e+00  0.0000000e+00  2.7731472e-12  5.4711409e-01
6.616000000e+00  0.0000000e+00  2.8266995e-12  5.7376482e-01
6.681400000e+00  0.0000000e+00  3.2246891e-12  7.5451904e-01
6.746800000e+00  0.0000000e+00  3.8010638e-12  1.0633167e+00
6.812200000e+00  0.0000000e+00  3.5100809e-12  9.1172569e-01
6.877600000e+00  0.0000000e+00  3.7414888e-12  1.0467334e+00
6.943000000e+00  0.0000000e+00  3.9667173e-12  1.1890707e+00
7.008400000e+00  0.0000000e+00  4.0744013e-12  1.2665172e+00
7.073800000e+00  0.0000000e+00  4.4225522e-12  1.5109177e+00
7.139200000e+00  0.0000000e+00  4.0954583e-12  1.3008193e+00
7.204600000e+00  0.0000000e+00  4.5379148e-12  1.6190059e+00
7.270000000e+00  0.0000000e+00  4.5556140e-12  1.6451372e+00
7.335400000e+00  0.0000000e+00  4.6443318e-12  1.7252062e+00
7.400800000e+00  0.0000000e+00  5.0110159e-12  2.0362278e+00
7.466200000e+00  0.0000000e+00  4.8174040e-12  1.8899671e+00
7.531600000e+00  0.0000000e+00  5.2179459e-12  2.2501273e+00
7.597000000e+00  0.0000000e+00  5.0096683e-12  2.0819716e+00
7.662400000e+00  0.0000000e+00  5.3155847e-12  2.3752685e+00
7.727800000e+00  0.0000000e+00  5.3456265e-12  2.4214286e+00
7.793200000e+00  0.0000000e+00  5.3648302e-12  2.4580217e+00
7.858600000e+00  0.0000000e+00  5.2853058e-12  2.4001764e+00
7.924000000e+00  0.0000000e+00  5.3962386e-12  2.5254503e+00
7.989400000e+00  0.0000000e+00  5.4956417e-12  2.6443758e+00
8.054800000e+00  0.0000000e+00  5.5098001e-12  2.6780014e+00
8.120200000e+00  0.0000000e+00  5.5629368e-12  2.7527352e+00
8.185600000e+00  0.0000000e+00  5.5661630e-12  2.7758468e+00
8.251000000e+00  0.0000000e+00  5.5882102e-12  2.8195376e+00
8.316400000e+00  0.0000000e+00  5.6222073e-12  2.8769516e+00
8.381800000e+00  0.0000000e+00  5.6481757e-12  2.9265913e+00
8.447200000e+00  0.0000000e+00  5.6545818e-12  2.9553326e+00
8.512600000e+00  0.0000000e+00  5.6402058e-12  2.9616442e+00
8.578000000e+00  0.0000000e+00  5.6572771e-12  3.0035782e+00
8.643400000e+00  0.0000000e+00  5.6621678e-12  3.0319725e+00
8.708800000e+00  0.0000000e+00  5.6526340e-12  3.0444249e+00
8.774200000e+00  0.0000000e+00  5.6406274e-12  3.0539615e+00
8.839600000e+00  0.0000000e+00  5.6047180e-12  3.0383071e+00
8.905000000e+00  0.0000000e+00  5.5992970e-12  3.0539876e+00
8.970400000e+00  0.0000000e+00  5.6328813e-12  3.1130751e+00
9.035800000e+00  0.0000000e+00  5.6851871e-12  3.1930608e+00
9.101200000e+00  0.0000000e+00  5.6826315e-12  3.2130788e+00
9.166600000e+00  0.0000000e+00  5.6600585e-12  3.2107187e+00
9.232000000e+00  0.0000000e+00  5.6461817e-12  3.2169850e+00
9.297400000e+00  0.0000000e+00  5.6706336e-12  3.2659403e+00
9.362800000e+00  0.0000000e+00  5.2405050e-12  2.8153463e+00
9.428200000e+00  0.0000000e+00  3.6048485e-12  1.3442279e+00
9.493600000e+00  0.0000000e+00  2.9018825e-12  8.7017812e-01
9.559000000e+00  0.0000000e+00  4.1356472e-12  1.7926163e+00
9.624400000e+00  0.0000000e+00  3.1156708e-12  1.0196468e+00
9.689800000e+00  0.0000000e+00  3.5750873e-12  1.3594440e+00
9.755200000e+00  0.0000000e+00  3.6132641e-12  1.3967505e+00
9.820600000e+00  0.0000000e+00  4.0031088e-12  1.7273599e+00
9.886000000e+00  0.0000000e+00  4.5346136e-12  2.2288805e+00
9.951400000e+00  0.0000000e+00  5.0717891e-12  2.8011475e+00
1.001680000e+01  0.0000000e+00  5.4454105e-12  3.2437490e+00
1.008220000e+01  0.0000000e+00  5.6957833e-12  3.5668192e+00
1.014760000e+01  0.0000000e+00  5.7945399e-12  3.7119477e+00
1.021300000e+01  0.0000000e+00  5.8374002e-12  3.7886182e+00
1.027840000e+01  0.0000000e+00  5.8394834e-12  3.8140156e+00
1.034380000e+01  0.0000000e+00  5.8436249e-12  3.8431418e+00
1.040920000e+01  0.0000000e+00  5.8455729e-12  3.8694482e+00
1.047460000e+01  0.0000000e+00  5.8328221e-12  3.8754378e+00
1.054000000e+01  0.0000000e+00  5.8243818e-12  3.8873707e+00
1.060540000e+01  0.0000000e+00  5.8196737e-12  3.9046951e+00
1.067080000e+01  0.0000000e+00  5.8113121e-12  3.9169711e+00
1.073620000e+01  0.0000000e+00  5.8012731e-12  3.9269335e+00
1.080160000e+01  0.0000000e+00  5.7880195e-12  3.9322573e+00
1.086700000e+01  0.0000000e+00  5.7759831e-12  3.9392256e+00
1.093240000e+01  0.0000000e+00  5.7628349e-12  3.9445036e+00
1.099780000e+01  0.0000000e+00  5.7461352e-12  3.9444564e+00
1.106320000e+01  0.0000000e+00  5.7326697e-12  3.9491480e+00
1.112860000e+01  0.0000000e+00  5.7164001e-12  3.9495637e+00
1.119400000e+01  0.0000000e+00  5.7000107e-12  3.9496116e+00
1.125940000e+01  0.0000000e+00  5.6797487e-12  3.9437995e+00
1.132480000e+01  0.0000000e+00  5.6653877e-12  3.9464856e+00
1.139020000e+01  0.0000000e+00  5.6485437e-12  3.9453285e+00
1.145560000e+01  0.0000000e+00  5.6309356e-12  3.9428333e+00
1.152100000e+01  0.0000000e+00  5.6141457e-12  3.9413916e+00
1.158640000e+01  0.0000000e+00  5.5958268e-12  3.9375305e+00
1.165180000e+01  0.0000000e+00  5.5775167e-12  3.9334974e+00
1.171720000e+01  0.0000000e+00  5.5527030e-12  3.9195057e+00
1.178260000e+01  0.0000000e+00  5.5378645e-12  3.9203155e+00
1.184800000e+01  0.0000000e+00  5.5207965e-12  3.9176037e+00
1.191340000e+01  0.0000000e+00  5.5007652e-12  3.9102394e+00
1.197880000e+01  0.0000000e+00  5.4824209e-12  3.9052323e+00
1.204420000e+01  0.0000000e+00  5.4623656e-12  3.8974668e+00
1.210960000e+01  0.0000000e+00  5.4403981e-12  3.8866248e+00
1.217500000e+01  0.0000000e+00  5.4219514e-12  3.8809723e+00
1.224040000e+01  0.0000000e+00  5.4003381e-12  3.8703286e+00
1.230580000e+01  0.0000000e+00  5.3769039e-12  3.8567718e+00
1.237120000e+01  0.0000000e+00  5.3522012e-12  3.8412195e+00
1.243660000e+01  0.0000000e+00  5.3287962e-12  3.8273727e+00
1.250200000e+01  0.0000000e+00  5.2978471e-12  3.8021973e+00
1.256740000e+01  0.0000000e+00  5.2761543e-12  3.7903693e+00
1.263280000e+01  0.0000000e+00  5.1922538e-12  3.6880661e+00
1.269820000e+01  0.0000000e+00  5.2427102e-12  3.7819788e+00
1.276360000e+01  0.0000000e+00  5.2072984e-12  3.7496594e+00
1.282900000e+01  0.0000000e+00  5.1833170e-12  3.7341546e+00
1.289440000e+01  0.0000000e+00  5.1564991e-12  3.7141518e+00
1.295980000e+01  0.0000000e+00  5.1207447e-12  3.6812868e+00
1.302520000e+01  0.0000000e+00  5.0931935e-12  3.6593412e+00
1.309060000e+01  0.0000000e+00  5.0451941e-12  3.6082740e+00
1.315600000e+01  0.0000000e+00  4.9999083e-12  3.5596798e+00
1.322140000e+01  0.0000000e+00  4.9024822e-12  3.4376643e+00
1.328680000e+01  0.0000000e+00  4.8242390e-12  3.3430602e+00
1.335220000e+01  0.0000000e+00  4.6976929e-12  3.1836782e+00
1.341760000e+01  0.0000000e+00  4.5808633e-12  3.0405121e+00
1.348300000e+01  0.0000000e+00  4.1526949e-12  2.5068945e+00
1.354840000e+01  0.0000000e+00  4.2721455e-12  2.6675107e+00
1.361380000e+01  0.0000000e+00  4.1957148e-12  2.5849504e+00
1.367920000e+01  0.0000000e+00  4.1650664e-12  2.5602716e+00
1.374460000e+01  0.0000000e+00  4.2492418e-12  2.6782200e+00
1.381000000e+01  0.0000000e+00  4.1510028e-12  2.5689761e+00
1.387540000e+01  0.0000000e+00  3.1762176e-12  1.5047468e+00
1.394080000e+01  0.0000000e+00  3.8551775e-12  2.2335733e+00
1.400620000e+01  0.0000000e+00  3.7579200e-12  2.1306739e+00
1.407160000e+01  0.0000000e+00  3.6050193e-12  1.9693310e+00
1.413700000e+01  0.0000000e+00  3.4234377e-12  1.7824294e+00
1.420240000e+01  0.0000000e+00  3.1945587e-12  1.5581183e+00
1.426780000e+01  0.0000000e+00  3.0152669e-12  1.3935927e+00
1.433320000e+01  0.0000000e+00  2.8866107e-12  1.2824903e+00
1.439860000e+01  0.0000000e+00  2.7295789e-12  1.1514961e+00
1.446400000e+01  0.0000000e+00  2.6798652e-12  1.1149097e+00
1.452940000e+01  0.0000000e+00  2.6354222e-12  1.0831507e+00
1.459480000e+01  0.0000000e+00  2.5747463e-12  1.0384560e+00
1.466020000e+01  0.0000000e+00  2.5578554e-12  1.0294571e+00
1.472560000e+01  0.0000000e+00  2.5469406e-12  1.0252286e+00
1.479100000e+01  0.0000000e+00  2.5109401e-12  1.0007758e+00
1.485640000e+01  0.0000000e+00  2.5191497e-12  1.0118426e+00
1.492180000e+01  0.0000000e+00  2.4762784e-12  9.8185047e-01
1.498720000e+01  0.0000000e+00  2.4143691e-12  9.3742283e-01
1.505260000e+01  0.0000000e+00  2.4947552e-12  1.0054248e+00
1.511800000e+01  0.0000000e+00  2.4889985e-12  1.0051108e+00
1.518340000e+01  0.0000000e+00  2.5119635e-12  1.0282524e+00
1.524880000e+01  0.0000000e+00  2.5096637e-12  1.0307976e+00
1.531420000e+01  0.0000000e+00  2.4946391e-12  1.0228010e+00
1.537960000e+01  0.0000000e+00  2.4802670e-12  1.0153437e+00
1.544500000e+01  0.0000000e+00  2.5466286e-12  1.0750043e+00
1.551040000e+01  0.0000000e+00  2.5562553e-12  1.0877581e+00
1.557580000e+01  0.0000000e+00  2.6080620e-12  1.1371285e+00
1.564120000e+01  0.0000000e+00  2.6796387e-12  1.2056174e+00
1.570660000e+01  0.0000000e+00  2.7049129e-12  1.2337502e+00
1.577200000e+01  0.0000000e+00  2.7828083e-12  1.3116380e+00
1.583740000e+01  0.0000000e+00  2.9062379e-12  1.4372482e+00
1.590280000e+01  0.0000000e+00  3.0081465e-12  1.5466507e+00
1.596820000e+01  0.0000000e+00  3.1970404e-12  1.7552274e+00
1.603360000e+01  0.0000000e+00  3.2707672e-12  1.8451274e+00
1.609900000e+01  0.0000000e+00  3.5868412e-12  2.2302605e+00
1.616440000e+01  0.0000000e+00  3.0505601e-12  1.6170508e+00
1.622980000e+01  0.0000000e+00  3.1510206e-12  1.7327699e+00
1.629520000e+01  0.0000000e+00  3.4968991e-12  2.1451120e+00
1.636060000e+01  0.0000000e+00  3.6119431e-12  2.2987833e+00
1.642600000e+01  0.0000000e+00  3.4602522e-12  2.1171025e+00
1.649140000e+01  0.0000000e+00  3.5884274e-12  2.2870710e+00
1.655680000e+01  0.0000000e+00  3.5004436e-12  2.1840245e+00
1.662220000e+01  0.0000000e+00  3.6561405e-12  2.3932209e+00
1.668760000e+01  0.0000000e+00  3.5917596e-12  2.3182626e+00
1.675300000e+01  0.0000000e+00  3.4679945e-12  2.1691610e+00
1.681840000e+01  0.0000000e+00  3.6477404e-12  2.4104234e+00
1.688380000e+01  0.0000000e+00  3.6794799e-12  2.4617710e+00
1.694920000e+01  0.0000000e+00  3.7388652e-12  2.5535698e+00
1.701460000e+01  0.0000000e+00  3.7597984e-12  2.5928722e+00
1.708000000e+01  0.0000000e+00  3.7765310e-12  2.6265169e+00
1.714540000e+01  0.0000000e+00  3.7795220e-12  2.6411658e+00
1.721080000e+01  0.0000000e+00  3.6892898e-12  2.5230341e+00
1.727620000e+01  0.0000000e+00  3.7998476e-12  2.6912626e+00
1.734160000e+01  0.0000000e+00  3.6998377e-12  2.5580106e+00
1.740700000e+01  0.0000000e+00  3.7730773e-12  2.6739261e+00
1.747240000e+01  0.0000000e+00  3.7523819e-12  2.6544943e+00
1.753780000e+01  0.0000000e+00  3.6940174e-12  2.5803460e+00
1.760320000e+01  0.0000000e+00  3.6522719e-12  2.5307803e+00
1.766860000e+01  0.0000000e+00  3.6742770e-12  2.5726431e+00
1.773400000e+01  0.0000000e+00  3.6337946e-12  2.5246239e+00
1.779940000e+01  0.0000000e+00  3.6731216e-12  2.5918125e+00
1.786480000e+01  0.0000000e+00  3.6578331e-12  2.5800028e+00
1.793020000e+01  0.0000000e+00  3.6373966e-12  2.5604394e+00
1.799560000e+01  0.0000000e+00  3.5996139e-12  2.5155706e+00
1.806100000e+01  0.0000000e+00  3.5826119e-12  2.5009629e+00
1.812640000e+01  0.0000000e+00  3.5805608e-12  2.5080061e+00
1.819180000e+01  0.0000000e+00  3.5255036e-12  2.4382075e+00
1.825720000e+01  0.0000000e+00  3.4944763e-12  2.4033798e+00
1.832260000e+01  0.0000000e+00  3.3844584e-12  2.2595890e+00
1.838800000e+01  0.0000000e+00  3.4937958e-12  2.4213797e+00
1.845340000e+01  0.0000000e+00  3.4558941e-12  2.3765539e+00
1.851880000e+01  0.0000000e+00  3.4757828e-12  2.4143562e+00
1.858420000e+01  0.0000000e+00  3.4602190e-12  2.4013247e+00
1.864960000e+01  0.0000000e+00  3.3617866e-12  2.2709387e+00
1.871500000e+01  0.0000000e+00  3.4260449e-12  2.3706495e+00
1.878040000e+01  0.0000000e+00  3.4108336e-12  2.3580289e+00
1.884580000e+01  0.0000000e+00  3.3940771e-12  2.3430337e+00
1.891120000e+01  0.0000000e+00  3.3752783e-12  2.3248378e+00
1.897660000e+01  0.0000000e+00  3.2927767e-12  2.2169810e+00
1.904200000e+01  0.0000000e+00  3.2403948e-12  2.1532628e+00
1.910740000e+01  0.0000000e+00  3.3273729e-12  2.2825243e+00
1.917280000e+01  0.0000000e+00  3.3096033e-12  2.2657706e+00
1.923820000e+01  0.0000000e+00  3.2056521e-12  2.1291015e+00
1.930360000e+01  0.0000000e+00  3.1313419e-12  2.0367312e+00
1.936900000e+01  0.0000000e+00  3.1883710e-12  2.1209339e+00
1.943440000e+01  0.0000000e+00  3.2443888e-12  2.2067807e+00
1.949980000e+01  0.0000000e+00  3.2298300e-12  2.1945164e+00
1.956520000e+01  0.0000000e+00  3.1964840e-12  2.1555805e+00
1.963060000e+01  0.0000000e+00  3.1954200e-12  2.1620640e+00
1.969600000e+01  0.0000000e+00  3.0786758e-12  2.0098524e+00
1.976140000e+01  0.0000000e+00  3.0977057e-12  2.0426387e+00
1.982680000e+01  0.0000000e+00  3.1407257e-12  2.1091274e+00
1.989220000e+01  0.0000000e+00  3.0276646e-12  1.9628834e+00
1.995760000e+01  0.0000000e+00  3.0726164e-12  2.0304465e+00
