# 3D spectroscopic simulation - Spatial binning of 5 (195 calculations)
# ------------------------------------------------------------------------
# Radiance spectrum
# NASA-GSFC Planetary Spectrum Generator (PSG) (Villanueva et al. 2018, 2022)
# Synthesized on Wed Apr  2 08:33:38 2025
# Doppler velocities [km/s] (vobs,vrot+vorb,vwidth,vrfl,vstr): -21.10000,-0.00020,0.00000,4.92729,0.00119
# ------------------------------------------------------------------------
# Spectra synthesized with the Planetary and Universal Model of Atmospheric Scattering (PUMAS, Villanueva et al. 2018, 2022)
# Multiple scattering method employing PSGDORT, NMAX:2 / LMAX:4 / gMAX:0.95
# Radiative transfer took 1.201 seconds
# ------------------------------------------------------------------------
# Spectral unit: Wavelength [um]
# Radiance unit: Spectral radiance [W/sr/m2/um]
# Wave/freq Total Noise Proxima-Cen-b
4.000000000e+00  0.0000000e+00  8.6999717e-13  5.1239142e-02
4.065400000e+00  0.0000000e+00  8.9230805e-13  5.5583118e-02
4.130800000e+00  0.0000000e+00  9.2908489e-13  6.0086322e-02
4.196200000e+00  0.0000000e+00  3.8971759e-13  9.2794246e-03
4.261600000e+00  0.0000000e+00  1.6987616e-13  1.3234978e-03
4.327000000e+00  0.0000000e+00  2.3449697e-13  2.5657999e-03
4.392400000e+00  0.0000000e+00  3.3077625e-13  5.8093748e-03
4.457800000e+00  0.0000000e+00  1.0088184e-12  6.7283563e-02
4.523200000e+00  0.0000000e+00  1.3565737e-12  1.3799884e-01
4.588600000e+00  0.0000000e+00  1.4361237e-12  1.5732593e-01
4.654000000e+00  0.0000000e+00  1.5156134e-12  1.7594361e-01
4.719400000e+00  0.0000000e+00  1.4243705e-12  1.4895699e-01
4.784800000e+00  0.0000000e+00  1.5745014e-12  1.8000045e-01
4.850200000e+00  0.0000000e+00  1.7122199e-12  2.1011457e-01
4.915600000e+00  0.0000000e+00  1.8851262e-12  2.5920978e-01
4.981000000e+00  0.0000000e+00  1.9897512e-12  2.8633576e-01
5.046400000e+00  0.0000000e+00  2.1016031e-12  3.1705293e-01
5.111800000e+00  0.0000000e+00  2.1832855e-12  3.3743156e-01
5.177200000e+00  0.0000000e+00  2.1985769e-12  3.3767763e-01
5.242600000e+00  0.0000000e+00  2.3054146e-12  3.7151639e-01
5.308000000e+00  0.0000000e+00  2.4074993e-12  4.0734599e-01
5.373400000e+00  0.0000000e+00  2.4291599e-12  4.1317573e-01
5.438800000e+00  0.0000000e+00  2.2724278e-12  3.5772624e-01
5.504200000e+00  0.0000000e+00  2.4511308e-12  4.2208565e-01
5.569600000e+00  0.0000000e+00  2.2343088e-12  3.4960258e-01
5.635000000e+00  0.0000000e+00  2.1789022e-12  3.3306689e-01
5.700400000e+00  0.0000000e+00  2.1688902e-12  3.3153344e-01
5.765800000e+00  0.0000000e+00  2.1743906e-12  3.3495396e-01
5.831200000e+00  0.0000000e+00  2.2128603e-12  3.5007041e-01
5.896600000e+00  0.0000000e+00  2.0954197e-12  3.1549563e-01
5.962000000e+00  0.0000000e+00  2.1330002e-12  3.2913035e-01
6.027400000e+00  0.0000000e+00  2.2491442e-12  3.6511478e-01
6.092800000e+00  0.0000000e+00  2.2442755e-12  3.6467580e-01
6.158200000e+00  0.0000000e+00  2.4213658e-12  4.2820077e-01
6.223600000e+00  0.0000000e+00  2.8334041e-12  5.9087441e-01
6.289000000e+00  0.0000000e+00  3.1205080e-12  7.2379234e-01
6.354400000e+00  0.0000000e+00  2.5787561e-12  4.9104057e-01
6.419800000e+00  0.0000000e+00  2.4675703e-12  4.4826814e-01
6.485200000e+00  0.0000000e+00  2.4511681e-12  4.4500684e-01
6.550600000e+00  0.0000000e+00  2.5050727e-12  4.6911225e-01
6.616000000e+00  0.0000000e+00  2.5595842e-12  4.9213483e-01
6.681400000e+00  0.0000000e+00  2.9313332e-12  6.5334705e-01
6.746800000e+00  0.0000000e+00  3.4433277e-12  9.1403672e-01
6.812200000e+00  0.0000000e+00  3.1910611e-12  7.8644845e-01
6.877600000e+00  0.0000000e+00  3.3990042e-12  9.0007501e-01
6.943000000e+00  0.0000000e+00  3.6085586e-12  1.0250526e+00
7.008400000e+00  0.0000000e+00  3.7072521e-12  1.0916340e+00
7.073800000e+00  0.0000000e+00  4.0260293e-12  1.3062160e+00
7.139200000e+00  0.0000000e+00  3.7463876e-12  1.1299854e+00
7.204600000e+00  0.0000000e+00  4.1434356e-12  1.4052475e+00
7.270000000e+00  0.0000000e+00  4.1632923e-12  1.4284179e+00
7.335400000e+00  0.0000000e+00  4.2523282e-12  1.5033143e+00
7.400800000e+00  0.0000000e+00  4.5910042e-12  1.7845648e+00
7.466200000e+00  0.0000000e+00  4.4203966e-12  1.6529806e+00
7.531600000e+00  0.0000000e+00  4.7865859e-12  1.9774542e+00
7.597000000e+00  0.0000000e+00  4.5980366e-12  1.8214157e+00
7.662400000e+00  0.0000000e+00  4.8850444e-12  2.0922653e+00
7.727800000e+00  0.0000000e+00  4.9148392e-12  2.1324769e+00
7.793200000e+00  0.0000000e+00  4.9344966e-12  2.1639996e+00
7.858600000e+00  0.0000000e+00  4.8658215e-12  2.1113304e+00
7.924000000e+00  0.0000000e+00  4.9709506e-12  2.2259518e+00
7.989400000e+00  0.0000000e+00  5.0648672e-12  2.3343364e+00
8.054800000e+00  0.0000000e+00  5.0795375e-12  2.3632495e+00
8.120200000e+00  0.0000000e+00  5.1305839e-12  2.4306828e+00
8.185600000e+00  0.0000000e+00  5.1347435e-12  2.4496241e+00
8.251000000e+00  0.0000000e+00  5.1572308e-12  2.4887430e+00
8.316400000e+00  0.0000000e+00  5.1910572e-12  2.5410568e+00
8.381800000e+00  0.0000000e+00  5.2181884e-12  2.5871930e+00
8.447200000e+00  0.0000000e+00  5.2265041e-12  2.6132521e+00
8.512600000e+00  0.0000000e+00  5.2164785e-12  2.6197979e+00
8.578000000e+00  0.0000000e+00  5.2355300e-12  2.6593918e+00
8.643400000e+00  0.0000000e+00  5.2439890e-12  2.6872931e+00
8.708800000e+00  0.0000000e+00  5.2390908e-12  2.7007067e+00
8.774200000e+00  0.0000000e+00  5.2316792e-12  2.7113608e+00
8.839600000e+00  0.0000000e+00  5.2050978e-12  2.7026057e+00
8.905000000e+00  0.0000000e+00  5.2035140e-12  2.7188008e+00
8.970400000e+00  0.0000000e+00  5.2346285e-12  2.7706040e+00
9.035800000e+00  0.0000000e+00  5.2812384e-12  2.8393097e+00
9.101200000e+00  0.0000000e+00  5.2820120e-12  2.8592486e+00
9.166600000e+00  0.0000000e+00  5.2655580e-12  2.8604532e+00
9.232000000e+00  0.0000000e+00  5.2565101e-12  2.8688767e+00
9.297400000e+00  0.0000000e+00  5.2800481e-12  2.9128438e+00
9.362800000e+00  0.0000000e+00  4.9205172e-12  2.5455206e+00
9.428200000e+00  0.0000000e+00  3.5477587e-12  1.3196644e+00
9.493600000e+00  0.0000000e+00  2.9403704e-12  8.9995519e-01
9.559000000e+00  0.0000000e+00  3.9952560e-12  1.7012303e+00
9.624400000e+00  0.0000000e+00  3.1209023e-12  1.0315305e+00
9.689800000e+00  0.0000000e+00  3.5389251e-12  1.3486337e+00
9.755200000e+00  0.0000000e+00  3.5723417e-12  1.3821075e+00
9.820600000e+00  0.0000000e+00  3.9035458e-12  1.6670549e+00
9.886000000e+00  0.0000000e+00  4.3477703e-12  2.0864534e+00
9.951400000e+00  0.0000000e+00  4.7979477e-12  2.5607448e+00
1.001680000e+01  0.0000000e+00  5.1125732e-12  2.9268639e+00
1.008220000e+01  0.0000000e+00  5.3241639e-12  3.1945500e+00
1.014760000e+01  0.0000000e+00  5.4086160e-12  3.3164474e+00
1.021300000e+01  0.0000000e+00  5.4458891e-12  3.3819140e+00
1.027840000e+01  0.0000000e+00  5.4482238e-12  3.4043544e+00
1.034380000e+01  0.0000000e+00  5.4523123e-12  3.4299278e+00
1.040920000e+01  0.0000000e+00  5.4547140e-12  3.4533313e+00
1.047460000e+01  0.0000000e+00  5.4439019e-12  3.4590338e+00
1.054000000e+01  0.0000000e+00  5.4368743e-12  3.4698140e+00
1.060540000e+01  0.0000000e+00  5.4333512e-12  3.4857663e+00
1.067080000e+01  0.0000000e+00  5.4276451e-12  3.4988382e+00
1.073620000e+01  0.0000000e+00  5.4202607e-12  3.5097565e+00
1.080160000e+01  0.0000000e+00  5.4098968e-12  3.5164744e+00
1.086700000e+01  0.0000000e+00  5.4008224e-12  3.5249791e+00
1.093240000e+01  0.0000000e+00  5.3905636e-12  3.5317908e+00
1.099780000e+01  0.0000000e+00  5.3766275e-12  3.5332146e+00
1.106320000e+01  0.0000000e+00  5.3658784e-12  3.5394071e+00
1.112860000e+01  0.0000000e+00  5.3521976e-12  3.5412322e+00
1.119400000e+01  0.0000000e+00  5.3384023e-12  3.5427291e+00
1.125940000e+01  0.0000000e+00  5.3203063e-12  3.5378643e+00
1.132480000e+01  0.0000000e+00  5.3087072e-12  3.5423115e+00
1.139020000e+01  0.0000000e+00  5.2944088e-12  3.5426674e+00
1.145560000e+01  0.0000000e+00  5.2792681e-12  3.5416127e+00
1.152100000e+01  0.0000000e+00  5.2651248e-12  3.5419107e+00
1.158640000e+01  0.0000000e+00  5.2493709e-12  3.5397447e+00
1.165180000e+01  0.0000000e+00  5.2336147e-12  3.5374271e+00
1.171720000e+01  0.0000000e+00  5.2100214e-12  3.5233236e+00
1.178260000e+01  0.0000000e+00  5.1985293e-12  3.5270377e+00
1.184800000e+01  0.0000000e+00  5.1843577e-12  3.5266561e+00
1.191340000e+01  0.0000000e+00  5.1665201e-12  3.5206754e+00
1.197880000e+01  0.0000000e+00  5.1508815e-12  3.5178051e+00
1.204420000e+01  0.0000000e+00  5.1332315e-12  3.5118162e+00
1.210960000e+01  0.0000000e+00  5.1129717e-12  3.5017850e+00
1.217500000e+01  0.0000000e+00  5.0976140e-12  3.4989798e+00
1.224040000e+01  0.0000000e+00  5.0784192e-12  3.4902872e+00
1.230580000e+01  0.0000000e+00  5.0571487e-12  3.4783588e+00
1.237120000e+01  0.0000000e+00  5.0348652e-12  3.4648728e+00
1.243660000e+01  0.0000000e+00  5.0137038e-12  3.4528285e+00
1.250200000e+01  0.0000000e+00  4.9844425e-12  3.4287300e+00
1.256740000e+01  0.0000000e+00  4.9642818e-12  3.4176972e+00
1.263280000e+01  0.0000000e+00  4.8949099e-12  3.3362025e+00
1.269820000e+01  0.0000000e+00  4.9379796e-12  3.4169551e+00
1.276360000e+01  0.0000000e+00  4.9048830e-12  3.3868914e+00
1.282900000e+01  0.0000000e+00  4.8840506e-12  3.3747867e+00
1.289440000e+01  0.0000000e+00  4.8602477e-12  3.3580677e+00
1.295980000e+01  0.0000000e+00  4.8289577e-12  3.3307858e+00
1.302520000e+01  0.0000000e+00  4.8041520e-12  3.3118567e+00
1.309060000e+01  0.0000000e+00  4.7622631e-12  3.2689477e+00
1.315600000e+01  0.0000000e+00  4.7227471e-12  3.2280933e+00
1.322140000e+01  0.0000000e+00  4.6391280e-12  3.1257836e+00
1.328680000e+01  0.0000000e+00  4.5742739e-12  3.0498499e+00
1.335220000e+01  0.0000000e+00  4.4694762e-12  2.9207906e+00
1.341760000e+01  0.0000000e+00  4.3733639e-12  2.8057266e+00
1.348300000e+01  0.0000000e+00  4.0214931e-12  2.3696360e+00
1.354840000e+01  0.0000000e+00  4.1193875e-12  2.5033492e+00
1.361380000e+01  0.0000000e+00  4.0549744e-12  2.4354037e+00
1.367920000e+01  0.0000000e+00  4.0264345e-12  2.4131077e+00
1.374460000e+01  0.0000000e+00  4.0976997e-12  2.5139651e+00
1.381000000e+01  0.0000000e+00  4.0108948e-12  2.4192494e+00
1.387540000e+01  0.0000000e+00  3.1604146e-12  1.4914473e+00
1.394080000e+01  0.0000000e+00  3.7649073e-12  2.1427010e+00
1.400620000e+01  0.0000000e+00  3.6842679e-12  2.0582798e+00
1.407160000e+01  0.0000000e+00  3.5546664e-12  1.9220882e+00
1.413700000e+01  0.0000000e+00  3.3945662e-12  1.7566796e+00
1.420240000e+01  0.0000000e+00  3.1852184e-12  1.5504527e+00
1.426780000e+01  0.0000000e+00  3.0174047e-12  1.3957835e+00
1.433320000e+01  0.0000000e+00  2.8969053e-12  1.2916069e+00
1.439860000e+01  0.0000000e+00  2.7521412e-12  1.1706469e+00
1.446400000e+01  0.0000000e+00  2.7062657e-12  1.1370722e+00
1.452940000e+01  0.0000000e+00  2.6650971e-12  1.1077623e+00
1.459480000e+01  0.0000000e+00  2.6068848e-12  1.0645738e+00
1.466020000e+01  0.0000000e+00  2.5906696e-12  1.0560716e+00
1.472560000e+01  0.0000000e+00  2.5809210e-12  1.0527956e+00
1.479100000e+01  0.0000000e+00  2.5480646e-12  1.0306396e+00
1.485640000e+01  0.0000000e+00  2.5535751e-12  1.0397133e+00
1.492180000e+01  0.0000000e+00  2.5161234e-12  1.0137851e+00
1.498720000e+01  0.0000000e+00  2.4451667e-12  9.6151587e-01
1.505260000e+01  0.0000000e+00  2.5295142e-12  1.0336546e+00
1.511800000e+01  0.0000000e+00  2.5240302e-12  1.0336467e+00
1.518340000e+01  0.0000000e+00  2.5442150e-12  1.0548414e+00
1.524880000e+01  0.0000000e+00  2.5411716e-12  1.0568562e+00
1.531420000e+01  0.0000000e+00  2.5277007e-12  1.0501297e+00
1.537960000e+01  0.0000000e+00  2.5123251e-12  1.0418086e+00
1.544500000e+01  0.0000000e+00  2.5745820e-12  1.0988117e+00
1.551040000e+01  0.0000000e+00  2.5828294e-12  1.1105595e+00
1.557580000e+01  0.0000000e+00  2.6289966e-12  1.1554922e+00
1.564120000e+01  0.0000000e+00  2.6941839e-12  1.2187085e+00
1.570660000e+01  0.0000000e+00  2.7165358e-12  1.2443405e+00
1.577200000e+01  0.0000000e+00  2.7880927e-12  1.3166645e+00
1.583740000e+01  0.0000000e+00  2.9014684e-12  1.4331482e+00
1.590280000e+01  0.0000000e+00  2.9940564e-12  1.5337374e+00
1.596820000e+01  0.0000000e+00  3.1594724e-12  1.7182083e+00
1.603360000e+01  0.0000000e+00  3.2196100e-12  1.7931970e+00
1.609900000e+01  0.0000000e+00  3.4843602e-12  2.1172728e+00
1.616440000e+01  0.0000000e+00  3.0209722e-12  1.5888657e+00
1.622980000e+01  0.0000000e+00  3.1076240e-12  1.6890841e+00
1.629520000e+01  0.0000000e+00  3.4027726e-12  2.0421523e+00
1.636060000e+01  0.0000000e+00  3.4967986e-12  2.1689911e+00
1.642600000e+01  0.0000000e+00  3.3680779e-12  2.0164108e+00
1.649140000e+01  0.0000000e+00  3.4715098e-12  2.1548010e+00
1.655680000e+01  0.0000000e+00  3.3960572e-12  2.0678534e+00
1.662220000e+01  0.0000000e+00  3.5213401e-12  2.2371949e+00
1.668760000e+01  0.0000000e+00  3.4646905e-12  2.1724747e+00
1.675300000e+01  0.0000000e+00  3.3609746e-12  2.0491144e+00
1.681840000e+01  0.0000000e+00  3.5021130e-12  2.2393075e+00
1.688380000e+01  0.0000000e+00  3.5186751e-12  2.2697978e+00
1.694920000e+01  0.0000000e+00  3.5723852e-12  2.3528872e+00
1.701460000e+01  0.0000000e+00  3.5884019e-12  2.3848302e+00
1.708000000e+01  0.0000000e+00  3.5979893e-12  2.4079243e+00
1.714540000e+01  0.0000000e+00  3.5978825e-12  2.4178273e+00
1.721080000e+01  0.0000000e+00  3.5102057e-12  2.3046099e+00
1.727620000e+01  0.0000000e+00  3.6100178e-12  2.4553591e+00
1.734160000e+01  0.0000000e+00  3.5164773e-12  2.3326969e+00
1.740700000e+01  0.0000000e+00  3.5829964e-12  2.4372912e+00
1.747240000e+01  0.0000000e+00  3.5641562e-12  2.4204451e+00
1.753780000e+01  0.0000000e+00  3.5070519e-12  2.3489141e+00
1.760320000e+01  0.0000000e+00  3.4658127e-12  2.3006301e+00
1.766860000e+01  0.0000000e+00  3.4905110e-12  2.3453890e+00
1.773400000e+01  0.0000000e+00  3.4500055e-12  2.2978299e+00
1.779940000e+01  0.0000000e+00  3.4903998e-12  2.3652521e+00
1.786480000e+01  0.0000000e+00  3.4773388e-12  2.3565115e+00
1.793020000e+01  0.0000000e+00  3.4571861e-12  2.3373602e+00
1.799560000e+01  0.0000000e+00  3.4201946e-12  2.2940213e+00
1.806100000e+01  0.0000000e+00  3.4045494e-12  2.2813280e+00
1.812640000e+01  0.0000000e+00  3.4035739e-12  2.2895867e+00
1.819180000e+01  0.0000000e+00  3.3495375e-12  2.2219601e+00
1.825720000e+01  0.0000000e+00  3.3186941e-12  2.1876793e+00
1.832260000e+01  0.0000000e+00  3.2187262e-12  2.0601687e+00
1.838800000e+01  0.0000000e+00  3.3220541e-12  2.2106939e+00
1.845340000e+01  0.0000000e+00  3.2847780e-12  2.1671989e+00
1.851880000e+01  0.0000000e+00  3.3046636e-12  2.2042433e+00
1.858420000e+01  0.0000000e+00  3.2909355e-12  2.1937852e+00
1.864960000e+01  0.0000000e+00  3.1962987e-12  2.0705010e+00
1.871500000e+01  0.0000000e+00  3.2586470e-12  2.1657601e+00
1.878040000e+01  0.0000000e+00  3.2463029e-12  2.1571510e+00
1.884580000e+01  0.0000000e+00  3.2308159e-12  2.1439545e+00
1.891120000e+01  0.0000000e+00  3.2104691e-12  2.1236519e+00
1.897660000e+01  0.0000000e+00  3.1333895e-12  2.0246238e+00
1.904200000e+01  0.0000000e+00  3.0838027e-12  1.9656820e+00
1.910740000e+01  0.0000000e+00  3.1654929e-12  2.0854120e+00
1.917280000e+01  0.0000000e+00  3.1491209e-12  2.0706315e+00
1.923820000e+01  0.0000000e+00  3.0511356e-12  1.9440100e+00
1.930360000e+01  0.0000000e+00  2.9857123e-12  1.8651219e+00
1.936900000e+01  0.0000000e+00  3.0345779e-12  1.9365759e+00
1.943440000e+01  0.0000000e+00  3.0861496e-12  2.0148800e+00
1.949980000e+01  0.0000000e+00  3.0745144e-12  2.0067137e+00
1.956520000e+01  0.0000000e+00  3.0406593e-12  1.9674194e+00
1.963060000e+01  0.0000000e+00  3.0407553e-12  1.9753689e+00
1.969600000e+01  0.0000000e+00  2.9322883e-12  1.8368027e+00
1.976140000e+01  0.0000000e+00  2.9478145e-12  1.8641584e+00
1.982680000e+01  0.0000000e+00  2.9855528e-12  1.9221828e+00
1.989220000e+01  0.0000000e+00  2.8865536e-12  1.7971306e+00
1.995760000e+01  0.0000000e+00  2.9238229e-12  1.8532465e+00
