# 3D spectroscopic simulation - Spatial binning of 5 (193 calculations)
# ------------------------------------------------------------------------
# Radiance spectrum
# NASA-GSFC Planetary Spectrum Generator (PSG) (Villanueva et al. 2018, 2022)
# Synthesized on Fri Jan 31 12:36:44 2025
# Doppler velocities [km/s] (vobs,vrot+vorb,vwidth,vrfl,vstr): -21.10000,-0.00005,0.00000,13.20544,0.00063
# ------------------------------------------------------------------------
# Spectra synthesized with the Planetary and Universal Model of Atmospheric Scattering (PUMAS, Villanueva et al. 2018, 2022)
# Multiple scattering method employing PSGDORT, NMAX:2 / LMAX:4 / gMAX:0.95
# Radiative transfer took 4.534 seconds
# ------------------------------------------------------------------------
# Spectral unit: Wavelength [um]
# Radiance unit: Spectral radiance [W/sr/m2/um]
# Wave/freq Total Noise Proxima-Cen-b
4.000000000e+00  0.0000000e+00  1.7843123e-12  3.9027642e-01
4.065400000e+00  0.0000000e+00  1.6585828e-12  2.8906117e-01
4.130800000e+00  0.0000000e+00  1.5439606e-12  2.1317312e-01
4.196200000e+00  0.0000000e+00  5.2791061e-13  1.7449011e-02
4.261600000e+00  0.0000000e+00  1.6317370e-13  1.2197630e-03
4.327000000e+00  0.0000000e+00  2.3874328e-13  2.6598892e-03
4.392400000e+00  0.0000000e+00  3.8780612e-13  7.2549200e-03
4.457800000e+00  0.0000000e+00  1.3311135e-12  1.1056807e-01
4.523200000e+00  0.0000000e+00  2.0736186e-12  3.1893076e-01
4.588600000e+00  0.0000000e+00  2.2135605e-12  3.6679446e-01
4.654000000e+00  0.0000000e+00  2.3216892e-12  4.0141846e-01
4.719400000e+00  0.0000000e+00  1.8613960e-12  2.1962720e-01
4.784800000e+00  0.0000000e+00  2.0554104e-12  2.7053708e-01
4.850200000e+00  0.0000000e+00  2.2564619e-12  3.3135450e-01
4.915600000e+00  0.0000000e+00  2.5636006e-12  4.4774697e-01
4.981000000e+00  0.0000000e+00  2.6540193e-12  4.7674718e-01
5.046400000e+00  0.0000000e+00  2.7390761e-12  5.0326665e-01
5.111800000e+00  0.0000000e+00  2.7544621e-12  4.9758875e-01
5.177200000e+00  0.0000000e+00  2.6902724e-12  4.6392362e-01
5.242600000e+00  0.0000000e+00  2.7743047e-12  4.9136091e-01
5.308000000e+00  0.0000000e+00  2.8705240e-12  5.2714449e-01
5.373400000e+00  0.0000000e+00  2.8535114e-12  5.1750342e-01
5.438800000e+00  0.0000000e+00  2.6398907e-12  4.3620275e-01
5.504200000e+00  0.0000000e+00  2.8192329e-12  5.0272723e-01
5.569600000e+00  0.0000000e+00  2.5634757e-12  4.1042227e-01
5.635000000e+00  0.0000000e+00  2.4911520e-12  3.8763739e-01
5.700400000e+00  0.0000000e+00  2.4641348e-12  3.8080015e-01
5.765800000e+00  0.0000000e+00  2.4600543e-12  3.8219673e-01
5.831200000e+00  0.0000000e+00  2.4924849e-12  3.9564007e-01
5.896600000e+00  0.0000000e+00  2.3843667e-12  3.6418370e-01
5.962000000e+00  0.0000000e+00  2.4204018e-12  3.7895734e-01
6.027400000e+00  0.0000000e+00  2.5175594e-12  4.1448314e-01
6.092800000e+00  0.0000000e+00  2.5137726e-12  4.1717468e-01
6.158200000e+00  0.0000000e+00  2.6696697e-12  4.7607559e-01
6.223600000e+00  0.0000000e+00  3.0272836e-12  6.2218075e-01
6.289000000e+00  0.0000000e+00  3.2807238e-12  7.4190662e-01
6.354400000e+00  0.0000000e+00  2.8050168e-12  5.4171843e-01
6.419800000e+00  0.0000000e+00  2.7046199e-12  5.0809504e-01
6.485200000e+00  0.0000000e+00  2.7066749e-12  5.1398929e-01
6.550600000e+00  0.0000000e+00  2.7666156e-12  5.4233663e-01
6.616000000e+00  0.0000000e+00  2.8192650e-12  5.6862765e-01
6.681400000e+00  0.0000000e+00  3.1328117e-12  7.0983274e-01
6.746800000e+00  0.0000000e+00  3.5858211e-12  9.4471981e-01
6.812200000e+00  0.0000000e+00  3.3705870e-12  8.3880140e-01
6.877600000e+00  0.0000000e+00  3.5590351e-12  9.4569882e-01
6.943000000e+00  0.0000000e+00  3.7484178e-12  1.0611435e+00
7.008400000e+00  0.0000000e+00  3.8409420e-12  1.1249667e+00
7.073800000e+00  0.0000000e+00  4.1331604e-12  1.3204023e+00
7.139200000e+00  0.0000000e+00  3.8769631e-12  1.1653965e+00
7.204600000e+00  0.0000000e+00  4.2399297e-12  1.4146225e+00
7.270000000e+00  0.0000000e+00  4.2601325e-12  1.4399625e+00
7.335400000e+00  0.0000000e+00  4.3408917e-12  1.5089809e+00
7.400800000e+00  0.0000000e+00  4.6481145e-12  1.7559461e+00
7.466200000e+00  0.0000000e+00  4.4929472e-12  1.6464969e+00
7.531600000e+00  0.0000000e+00  4.8275318e-12  1.9310304e+00
7.597000000e+00  0.0000000e+00  4.6583488e-12  1.8036030e+00
7.662400000e+00  0.0000000e+00  4.9155446e-12  2.0365168e+00
7.727800000e+00  0.0000000e+00  4.9438698e-12  2.0764283e+00
7.793200000e+00  0.0000000e+00  4.9622304e-12  2.1082124e+00
7.858600000e+00  0.0000000e+00  4.9007150e-12  2.0683195e+00
7.924000000e+00  0.0000000e+00  4.9960842e-12  2.1702560e+00
7.989400000e+00  0.0000000e+00  5.0789657e-12  2.2642248e+00
8.054800000e+00  0.0000000e+00  5.0944415e-12  2.2951881e+00
8.120200000e+00  0.0000000e+00  5.1413629e-12  2.3571724e+00
8.185600000e+00  0.0000000e+00  5.1479920e-12  2.3803370e+00
8.251000000e+00  0.0000000e+00  5.1693299e-12  2.4185441e+00
8.316400000e+00  0.0000000e+00  5.1996357e-12  2.4665147e+00
8.381800000e+00  0.0000000e+00  5.2231823e-12  2.5084623e+00
8.447200000e+00  0.0000000e+00  5.2306243e-12  2.5343315e+00
8.512600000e+00  0.0000000e+00  5.2209985e-12  2.5431041e+00
8.578000000e+00  0.0000000e+00  5.2346433e-12  2.5764430e+00
8.643400000e+00  0.0000000e+00  5.2393330e-12  2.6004691e+00
8.708800000e+00  0.0000000e+00  5.2317709e-12  2.6120057e+00
8.774200000e+00  0.0000000e+00  5.2224579e-12  2.6216144e+00
8.839600000e+00  0.0000000e+00  5.1888166e-12  2.6070200e+00
8.905000000e+00  0.0000000e+00  5.1871494e-12  2.6237851e+00
8.970400000e+00  0.0000000e+00  5.2203485e-12  2.6764994e+00
9.035800000e+00  0.0000000e+00  5.2722070e-12  2.7489832e+00
9.101200000e+00  0.0000000e+00  5.2718160e-12  2.7679186e+00
9.166600000e+00  0.0000000e+00  5.2524742e-12  2.7669669e+00
9.232000000e+00  0.0000000e+00  5.2424451e-12  2.7750813e+00
9.297400000e+00  0.0000000e+00  5.2695097e-12  2.8222448e+00
9.362800000e+00  0.0000000e+00  4.8542007e-12  2.4144702e+00
9.428200000e+00  0.0000000e+00  3.3782682e-12  1.1764533e+00
9.493600000e+00  0.0000000e+00  2.7941024e-12  8.0388233e-01
9.559000000e+00  0.0000000e+00  3.8662567e-12  1.5627331e+00
9.624400000e+00  0.0000000e+00  2.9772371e-12  9.2730988e-01
9.689800000e+00  0.0000000e+00  3.3657416e-12  1.2004763e+00
9.755200000e+00  0.0000000e+00  3.4024685e-12  1.2341868e+00
9.820600000e+00  0.0000000e+00  3.7417176e-12  1.5047491e+00
9.886000000e+00  0.0000000e+00  4.2178725e-12  1.9245067e+00
9.951400000e+00  0.0000000e+00  4.7137006e-12  2.4168461e+00
1.001680000e+01  0.0000000e+00  5.0689923e-12  2.8097668e+00
1.008220000e+01  0.0000000e+00  5.3108948e-12  3.1023352e+00
1.014760000e+01  0.0000000e+00  5.4092693e-12  3.2378247e+00
1.021300000e+01  0.0000000e+00  5.4541924e-12  3.3118934e+00
1.027840000e+01  0.0000000e+00  5.4575269e-12  3.3363554e+00
1.034380000e+01  0.0000000e+00  5.4612968e-12  3.3621638e+00
1.040920000e+01  0.0000000e+00  5.4633407e-12  3.3858597e+00
1.047460000e+01  0.0000000e+00  5.4523239e-12  3.3925034e+00
1.054000000e+01  0.0000000e+00  5.4453721e-12  3.4043881e+00
1.060540000e+01  0.0000000e+00  5.4414253e-12  3.4203375e+00
1.067080000e+01  0.0000000e+00  5.4353587e-12  3.4335101e+00
1.073620000e+01  0.0000000e+00  5.4277724e-12  3.4446707e+00
1.080160000e+01  0.0000000e+00  5.4175619e-12  3.4521914e+00
1.086700000e+01  0.0000000e+00  5.4082325e-12  3.4608099e+00
1.093240000e+01  0.0000000e+00  5.3978172e-12  3.4678746e+00
1.099780000e+01  0.0000000e+00  5.3844599e-12  3.4707673e+00
1.106320000e+01  0.0000000e+00  5.3731199e-12  3.4765285e+00
1.112860000e+01  0.0000000e+00  5.3594693e-12  3.4789520e+00
1.119400000e+01  0.0000000e+00  5.3456933e-12  3.4810499e+00
1.125940000e+01  0.0000000e+00  5.3285028e-12  3.4782516e+00
1.132480000e+01  0.0000000e+00  5.3163410e-12  3.4823308e+00
1.139020000e+01  0.0000000e+00  5.3020489e-12  3.4832712e+00
1.145560000e+01  0.0000000e+00  5.2871054e-12  3.4831209e+00
1.152100000e+01  0.0000000e+00  5.2728659e-12  3.4838290e+00
1.158640000e+01  0.0000000e+00  5.2572798e-12  3.4824965e+00
1.165180000e+01  0.0000000e+00  5.2416831e-12  3.4809983e+00
1.171720000e+01  0.0000000e+00  5.2203535e-12  3.4711416e+00
1.178260000e+01  0.0000000e+00  5.2076794e-12  3.4735184e+00
1.184800000e+01  0.0000000e+00  5.1930646e-12  3.4729826e+00
1.191340000e+01  0.0000000e+00  5.1757534e-12  3.4684290e+00
1.197880000e+01  0.0000000e+00  5.1599824e-12  3.4659192e+00
1.204420000e+01  0.0000000e+00  5.1425925e-12  3.4609419e+00
1.210960000e+01  0.0000000e+00  5.1233582e-12  3.4531647e+00
1.217500000e+01  0.0000000e+00  5.1073879e-12  3.4499641e+00
1.224040000e+01  0.0000000e+00  5.0884890e-12  3.4423760e+00
1.230580000e+01  0.0000000e+00  5.0679213e-12  3.4322368e+00
1.237120000e+01  0.0000000e+00  5.0461499e-12  3.4202964e+00
1.243660000e+01  0.0000000e+00  5.0256317e-12  3.4099371e+00
1.250200000e+01  0.0000000e+00  4.9983889e-12  3.3899294e+00
1.256740000e+01  0.0000000e+00  4.9793445e-12  3.3812320e+00
1.263280000e+01  0.0000000e+00  4.9068197e-12  3.2977449e+00
1.269820000e+01  0.0000000e+00  4.9490004e-12  3.3752768e+00
1.276360000e+01  0.0000000e+00  4.9171803e-12  3.3483336e+00
1.282900000e+01  0.0000000e+00  4.8954265e-12  3.3355411e+00
1.289440000e+01  0.0000000e+00  4.8714289e-12  3.3193493e+00
1.295980000e+01  0.0000000e+00  4.8386826e-12  3.2910211e+00
1.302520000e+01  0.0000000e+00  4.8147618e-12  3.2742120e+00
1.309060000e+01  0.0000000e+00  4.7718837e-12  3.2314123e+00
1.315600000e+01  0.0000000e+00  4.7341625e-12  3.1946233e+00
1.322140000e+01  0.0000000e+00  4.6505044e-12  3.0957160e+00
1.328680000e+01  0.0000000e+00  4.5871598e-12  3.0245343e+00
1.335220000e+01  0.0000000e+00  4.4822770e-12  2.8996103e+00
1.341760000e+01  0.0000000e+00  4.3864193e-12  2.7885843e+00
1.348300000e+01  0.0000000e+00  4.0397609e-12  2.3714966e+00
1.354840000e+01  0.0000000e+00  4.1346079e-12  2.4980269e+00
1.361380000e+01  0.0000000e+00  4.0710158e-12  2.4329265e+00
1.367920000e+01  0.0000000e+00  4.0387711e-12  2.4065985e+00
1.374460000e+01  0.0000000e+00  4.1100253e-12  2.5049548e+00
1.381000000e+01  0.0000000e+00  4.0154766e-12  2.4030180e+00
1.387540000e+01  0.0000000e+00  3.1833517e-12  1.5112131e+00
1.394080000e+01  0.0000000e+00  3.7791296e-12  2.1452116e+00
1.400620000e+01  0.0000000e+00  3.7059602e-12  2.0712156e+00
1.407160000e+01  0.0000000e+00  3.5810216e-12  1.9423062e+00
1.413700000e+01  0.0000000e+00  3.4347014e-12  1.7936974e+00
1.420240000e+01  0.0000000e+00  3.2363305e-12  1.5991553e+00
1.426780000e+01  0.0000000e+00  3.0757854e-12  1.4505375e+00
1.433320000e+01  0.0000000e+00  2.9522591e-12  1.3420579e+00
1.439860000e+01  0.0000000e+00  2.7851374e-12  1.1992280e+00
1.446400000e+01  0.0000000e+00  2.7303587e-12  1.1576133e+00
1.452940000e+01  0.0000000e+00  2.6769391e-12  1.1177150e+00
1.459480000e+01  0.0000000e+00  2.6089006e-12  1.0662481e+00
1.466020000e+01  0.0000000e+00  2.5900948e-12  1.0556052e+00
1.472560000e+01  0.0000000e+00  2.5785248e-12  1.0508403e+00
1.479100000e+01  0.0000000e+00  2.5405359e-12  1.0245041e+00
1.485640000e+01  0.0000000e+00  2.5500511e-12  1.0368284e+00
1.492180000e+01  0.0000000e+00  2.5039543e-12  1.0039070e+00
1.498720000e+01  0.0000000e+00  2.4437816e-12  9.6038120e-01
1.505260000e+01  0.0000000e+00  2.5268256e-12  1.0314588e+00
1.511800000e+01  0.0000000e+00  2.5191061e-12  1.0295738e+00
1.518340000e+01  0.0000000e+00  2.5432115e-12  1.0540241e+00
1.524880000e+01  0.0000000e+00  2.5409699e-12  1.0567093e+00
1.531420000e+01  0.0000000e+00  2.5249783e-12  1.0478556e+00
1.537960000e+01  0.0000000e+00  2.5114209e-12  1.0410315e+00
1.544500000e+01  0.0000000e+00  2.5868787e-12  1.1094020e+00
1.551040000e+01  0.0000000e+00  2.5974783e-12  1.1233086e+00
1.557580000e+01  0.0000000e+00  2.6571171e-12  1.1806218e+00
1.564120000e+01  0.0000000e+00  2.7367119e-12  1.2580053e+00
1.570660000e+01  0.0000000e+00  2.7590515e-12  1.2840574e+00
1.577200000e+01  0.0000000e+00  2.8361347e-12  1.3627920e+00
1.583740000e+01  0.0000000e+00  2.9514735e-12  1.4825297e+00
1.590280000e+01  0.0000000e+00  3.0396511e-12  1.5791542e+00
1.596820000e+01  0.0000000e+00  3.1972778e-12  1.7550394e+00
1.603360000e+01  0.0000000e+00  3.2531286e-12  1.8247122e+00
1.609900000e+01  0.0000000e+00  3.5093981e-12  2.1344394e+00
1.616440000e+01  0.0000000e+00  3.0459344e-12  1.6117694e+00
1.622980000e+01  0.0000000e+00  3.1375061e-12  1.7174816e+00
1.629520000e+01  0.0000000e+00  3.4290585e-12  2.0621134e+00
1.636060000e+01  0.0000000e+00  3.5200557e-12  2.1828808e+00
1.642600000e+01  0.0000000e+00  3.3936542e-12  2.0358353e+00
1.649140000e+01  0.0000000e+00  3.4947713e-12  2.1688468e+00
1.655680000e+01  0.0000000e+00  3.4210888e-12  2.0857056e+00
1.662220000e+01  0.0000000e+00  3.5446612e-12  2.2495677e+00
1.668760000e+01  0.0000000e+00  3.4892603e-12  2.1877597e+00
1.675300000e+01  0.0000000e+00  3.3850650e-12  2.0661775e+00
1.681840000e+01  0.0000000e+00  3.5292504e-12  2.2565650e+00
1.688380000e+01  0.0000000e+00  3.5539537e-12  2.2972480e+00
1.694920000e+01  0.0000000e+00  3.5975119e-12  2.3648896e+00
1.701460000e+01  0.0000000e+00  3.6116113e-12  2.3933895e+00
1.708000000e+01  0.0000000e+00  3.6229634e-12  2.4183391e+00
1.714540000e+01  0.0000000e+00  3.6224682e-12  2.4273980e+00
1.721080000e+01  0.0000000e+00  3.5524042e-12  2.3404066e+00
1.727620000e+01  0.0000000e+00  3.6340059e-12  2.4630745e+00
1.734160000e+01  0.0000000e+00  3.5544646e-12  2.3622779e+00
1.740700000e+01  0.0000000e+00  3.6074845e-12  2.4460011e+00
1.747240000e+01  0.0000000e+00  3.5886562e-12  2.4294712e+00
1.753780000e+01  0.0000000e+00  3.5405271e-12  2.3718733e+00
1.760320000e+01  0.0000000e+00  3.5047767e-12  2.3319221e+00
1.766860000e+01  0.0000000e+00  3.5195879e-12  2.3621062e+00
1.773400000e+01  0.0000000e+00  3.4850423e-12  2.3235885e+00
1.779940000e+01  0.0000000e+00  3.5122059e-12  2.3712093e+00
1.786480000e+01  0.0000000e+00  3.4976516e-12  2.3604443e+00
1.793020000e+01  0.0000000e+00  3.4784247e-12  2.3429380e+00
1.799560000e+01  0.0000000e+00  3.4459543e-12  2.3067716e+00
1.806100000e+01  0.0000000e+00  3.4298169e-12  2.2935516e+00
1.812640000e+01  0.0000000e+00  3.4250148e-12  2.2961834e+00
1.819180000e+01  0.0000000e+00  3.3794752e-12  2.2416957e+00
1.825720000e+01  0.0000000e+00  3.3522299e-12  2.2129243e+00
1.832260000e+01  0.0000000e+00  3.2672687e-12  2.1067804e+00
1.838800000e+01  0.0000000e+00  3.3458780e-12  2.2219075e+00
1.845340000e+01  0.0000000e+00  3.3143307e-12  2.1870154e+00
1.851880000e+01  0.0000000e+00  3.3260687e-12  2.2120315e+00
1.858420000e+01  0.0000000e+00  3.3112930e-12  2.2002281e+00
1.864960000e+01  0.0000000e+00  3.2340799e-12  2.1027288e+00
1.871500000e+01  0.0000000e+00  3.2790176e-12  2.1726304e+00
1.878040000e+01  0.0000000e+00  3.2648422e-12  2.1615339e+00
1.884580000e+01  0.0000000e+00  3.2490830e-12  2.1481383e+00
1.891120000e+01  0.0000000e+00  3.2312695e-12  2.1317202e+00
1.897660000e+01  0.0000000e+00  3.1667744e-12  2.0515424e+00
1.904200000e+01  0.0000000e+00  3.1250655e-12  2.0035688e+00
1.910740000e+01  0.0000000e+00  3.1866610e-12  2.0945351e+00
1.917280000e+01  0.0000000e+00  3.1705246e-12  2.0802992e+00
1.923820000e+01  0.0000000e+00  3.0900599e-12  1.9791504e+00
1.930360000e+01  0.0000000e+00  3.0330841e-12  1.9116380e+00
1.936900000e+01  0.0000000e+00  3.0705209e-12  1.9678555e+00
1.943440000e+01  0.0000000e+00  3.1090821e-12  2.0274103e+00
1.949980000e+01  0.0000000e+00  3.0955169e-12  2.0166262e+00
1.956520000e+01  0.0000000e+00  3.0670467e-12  1.9853410e+00
1.963060000e+01  0.0000000e+00  3.0632973e-12  1.9878114e+00
1.969600000e+01  0.0000000e+00  2.9741360e-12  1.8764223e+00
1.976140000e+01  0.0000000e+00  2.9841307e-12  1.8963923e+00
1.982680000e+01  0.0000000e+00  3.0117368e-12  1.9402367e+00
1.989220000e+01  0.0000000e+00  2.9266668e-12  1.8347991e+00
1.995760000e+01  0.0000000e+00  2.9553049e-12  1.8791076e+00
