# 3D spectroscopic simulation - Spatial binning of 5 (193 calculations)
# ------------------------------------------------------------------------
# Radiance spectrum
# NASA-GSFC Planetary Spectrum Generator (PSG) (Villanueva et al. 2018, 2022)
# Synthesized on Fri Jan 31 15:00:54 2025
# Doppler velocities [km/s] (vobs,vrot+vorb,vwidth,vrfl,vstr): -21.10000,-0.00008,0.00000,-0.00000,-0.00068
# ------------------------------------------------------------------------
# Spectra synthesized with the Planetary and Universal Model of Atmospheric Scattering (PUMAS, Villanueva et al. 2018, 2022)
# Multiple scattering method employing PSGDORT, NMAX:2 / LMAX:4 / gMAX:0.95
# Radiative transfer took 1.897 seconds
# ------------------------------------------------------------------------
# Spectral unit: Wavelength [um]
# Radiance unit: Spectral radiance [W/sr/m2/um]
# Wave/freq Total Noise Proxima-Cen-b
4.000000000e+00  0.0000000e+00  6.4635557e-13  5.2936626e-02
4.065400000e+00  0.0000000e+00  4.7104688e-13  2.7897387e-02
4.130800000e+00  0.0000000e+00  4.1617221e-13  2.2240169e-02
4.196200000e+00  0.0000000e+00  2.4573221e-13  5.8787128e-03
4.261600000e+00  0.0000000e+00  1.5356777e-13  1.0801768e-03
4.327000000e+00  0.0000000e+00  1.3640427e-13  1.1403925e-03
4.392400000e+00  0.0000000e+00  2.0183713e-13  3.4073280e-03
4.457800000e+00  0.0000000e+00  6.3924203e-13  4.2468721e-02
4.523200000e+00  0.0000000e+00  4.2949092e-13  3.5561353e-02
4.588600000e+00  0.0000000e+00  4.2210184e-13  3.7727064e-02
4.654000000e+00  0.0000000e+00  4.8859171e-13  4.3253135e-02
4.719400000e+00  0.0000000e+00  5.3984535e-13  4.4200859e-02
4.784800000e+00  0.0000000e+00  6.7748481e-13  6.0679642e-02
4.850200000e+00  0.0000000e+00  8.9735339e-13  8.8446117e-02
4.915600000e+00  0.0000000e+00  8.9087960e-13  9.3771118e-02
4.981000000e+00  0.0000000e+00  1.0551293e-12  1.1770508e-01
5.046400000e+00  0.0000000e+00  1.1630856e-12  1.3661186e-01
5.111800000e+00  0.0000000e+00  1.3743693e-12  1.8030316e-01
5.177200000e+00  0.0000000e+00  1.5459382e-12  2.1719936e-01
5.242600000e+00  0.0000000e+00  1.6848427e-12  2.5520955e-01
5.308000000e+00  0.0000000e+00  1.7953851e-12  2.8868382e-01
5.373400000e+00  0.0000000e+00  1.9348761e-12  3.3130159e-01
5.438800000e+00  0.0000000e+00  2.0525227e-12  3.7052166e-01
5.504200000e+00  0.0000000e+00  2.1446146e-12  4.0924803e-01
5.569600000e+00  0.0000000e+00  2.1044882e-12  3.9517229e-01
5.635000000e+00  0.0000000e+00  2.0838385e-12  3.8867109e-01
5.700400000e+00  0.0000000e+00  2.0770538e-12  3.8991771e-01
5.765800000e+00  0.0000000e+00  2.0849943e-12  3.9508584e-01
5.831200000e+00  0.0000000e+00  2.1321908e-12  4.1632341e-01
5.896600000e+00  0.0000000e+00  2.0062299e-12  3.6834403e-01
5.962000000e+00  0.0000000e+00  2.0376853e-12  3.8108421e-01
6.027400000e+00  0.0000000e+00  2.1602593e-12  4.2625348e-01
6.092800000e+00  0.0000000e+00  2.1591374e-12  4.2019434e-01
6.158200000e+00  0.0000000e+00  2.3781481e-12  5.0573049e-01
6.223600000e+00  0.0000000e+00  2.7944268e-12  6.9411583e-01
6.289000000e+00  0.0000000e+00  3.0713743e-12  8.3876579e-01
6.354400000e+00  0.0000000e+00  2.5552348e-12  5.7382690e-01
6.419800000e+00  0.0000000e+00  2.4126059e-12  5.0497909e-01
6.485200000e+00  0.0000000e+00  2.3901812e-12  4.9287519e-01
6.550600000e+00  0.0000000e+00  2.4427931e-12  5.1591331e-01
6.616000000e+00  0.0000000e+00  2.5012417e-12  5.3924749e-01
6.681400000e+00  0.0000000e+00  2.9567754e-12  7.5770820e-01
6.746800000e+00  0.0000000e+00  3.4965003e-12  1.0658230e+00
6.812200000e+00  0.0000000e+00  3.2602166e-12  9.1945051e-01
6.877600000e+00  0.0000000e+00  3.4689517e-12  1.0406810e+00
6.943000000e+00  0.0000000e+00  3.6678609e-12  1.1608752e+00
7.008400000e+00  0.0000000e+00  3.7942283e-12  1.2455175e+00
7.073800000e+00  0.0000000e+00  4.0294038e-12  1.4138813e+00
7.139200000e+00  0.0000000e+00  3.8466869e-12  1.2782535e+00
7.204600000e+00  0.0000000e+00  4.1476886e-12  1.5042473e+00
7.270000000e+00  0.0000000e+00  4.1808535e-12  1.5318953e+00
7.335400000e+00  0.0000000e+00  4.2357204e-12  1.5784679e+00
7.400800000e+00  0.0000000e+00  4.3659310e-12  1.7102108e+00
7.466200000e+00  0.0000000e+00  4.3665586e-12  1.6965231e+00
7.531600000e+00  0.0000000e+00  4.4390050e-12  1.8059923e+00
7.597000000e+00  0.0000000e+00  4.5209474e-12  1.8482717e+00
7.662400000e+00  0.0000000e+00  4.4723862e-12  1.8613808e+00
7.727800000e+00  0.0000000e+00  4.5354543e-12  1.9204538e+00
7.793200000e+00  0.0000000e+00  4.5883710e-12  1.9720605e+00
7.858600000e+00  0.0000000e+00  4.6529978e-12  2.0176311e+00
7.924000000e+00  0.0000000e+00  4.6710723e-12  2.0605734e+00
7.989400000e+00  0.0000000e+00  4.6401273e-12  2.0683442e+00
8.054800000e+00  0.0000000e+00  4.6890141e-12  2.1193600e+00
8.120200000e+00  0.0000000e+00  4.6879138e-12  2.1440714e+00
8.185600000e+00  0.0000000e+00  4.7562962e-12  2.2086745e+00
8.251000000e+00  0.0000000e+00  4.7816227e-12  2.2462629e+00
8.316400000e+00  0.0000000e+00  4.7813325e-12  2.2679891e+00
8.381800000e+00  0.0000000e+00  4.7945384e-12  2.2995987e+00
8.447200000e+00  0.0000000e+00  4.8228671e-12  2.3381085e+00
8.512600000e+00  0.0000000e+00  4.8700743e-12  2.3885941e+00
8.578000000e+00  0.0000000e+00  4.8605074e-12  2.4030991e+00
8.643400000e+00  0.0000000e+00  4.8592498e-12  2.4212562e+00
8.708800000e+00  0.0000000e+00  4.8759739e-12  2.4510027e+00
8.774200000e+00  0.0000000e+00  4.8933835e-12  2.4810990e+00
8.839600000e+00  0.0000000e+00  4.8835457e-12  2.4880586e+00
8.905000000e+00  0.0000000e+00  4.9007206e-12  2.5187726e+00
8.970400000e+00  0.0000000e+00  4.9115149e-12  2.5492546e+00
9.035800000e+00  0.0000000e+00  4.9421363e-12  2.5977463e+00
9.101200000e+00  0.0000000e+00  4.9495987e-12  2.6215476e+00
9.166600000e+00  0.0000000e+00  4.9631158e-12  2.6470040e+00
9.232000000e+00  0.0000000e+00  4.9935450e-12  2.6853834e+00
9.297400000e+00  0.0000000e+00  5.0217652e-12  2.7275177e+00
9.362800000e+00  0.0000000e+00  4.8874575e-12  2.5950103e+00
9.428200000e+00  0.0000000e+00  4.1944153e-12  1.9030485e+00
9.493600000e+00  0.0000000e+00  3.6796277e-12  1.4635206e+00
9.559000000e+00  0.0000000e+00  4.3654484e-12  2.0970743e+00
9.624400000e+00  0.0000000e+00  3.8207463e-12  1.6058043e+00
9.689800000e+00  0.0000000e+00  4.1610088e-12  1.9188711e+00
9.755200000e+00  0.0000000e+00  4.1972753e-12  1.9648081e+00
9.820600000e+00  0.0000000e+00  4.4192387e-12  2.1966789e+00
9.886000000e+00  0.0000000e+00  4.6640325e-12  2.4702834e+00
9.951400000e+00  0.0000000e+00  4.8609242e-12  2.7096117e+00
1.001680000e+01  0.0000000e+00  4.9764585e-12  2.8670054e+00
1.008220000e+01  0.0000000e+00  5.0444975e-12  2.9726743e+00
1.014760000e+01  0.0000000e+00  5.0769004e-12  3.0297998e+00
1.021300000e+01  0.0000000e+00  5.0988712e-12  3.0712235e+00
1.027840000e+01  0.0000000e+00  5.1091320e-12  3.0970969e+00
1.034380000e+01  0.0000000e+00  5.0943767e-12  3.1036984e+00
1.040920000e+01  0.0000000e+00  5.0789661e-12  3.1099167e+00
1.047460000e+01  0.0000000e+00  5.0949544e-12  3.1375329e+00
1.054000000e+01  0.0000000e+00  5.0964974e-12  3.1548301e+00
1.060540000e+01  0.0000000e+00  5.0880768e-12  3.1641403e+00
1.067080000e+01  0.0000000e+00  5.0757229e-12  3.1697524e+00
1.073620000e+01  0.0000000e+00  5.0612368e-12  3.1729955e+00
1.080160000e+01  0.0000000e+00  5.0512309e-12  3.1794224e+00
1.086700000e+01  0.0000000e+00  5.0397753e-12  3.1840391e+00
1.093240000e+01  0.0000000e+00  5.0286952e-12  3.1884028e+00
1.099780000e+01  0.0000000e+00  5.0253146e-12  3.1993937e+00
1.106320000e+01  0.0000000e+00  5.0079248e-12  3.1968816e+00
1.112860000e+01  0.0000000e+00  4.9968199e-12  3.1998622e+00
1.119400000e+01  0.0000000e+00  4.9855135e-12  3.2024669e+00
1.125940000e+01  0.0000000e+00  4.9811229e-12  3.2109463e+00
1.132480000e+01  0.0000000e+00  4.9649441e-12  3.2088063e+00
1.139020000e+01  0.0000000e+00  4.9526671e-12  3.2098050e+00
1.145560000e+01  0.0000000e+00  4.9415287e-12  3.2115972e+00
1.152100000e+01  0.0000000e+00  4.9274875e-12  3.2104691e+00
1.158640000e+01  0.0000000e+00  4.9147480e-12  3.2099402e+00
1.165180000e+01  0.0000000e+00  4.9007449e-12  3.2081535e+00
1.171720000e+01  0.0000000e+00  4.9055614e-12  3.2244994e+00
1.178260000e+01  0.0000000e+00  4.8796881e-12  3.2104364e+00
1.184800000e+01  0.0000000e+00  4.8605726e-12  3.2030580e+00
1.191340000e+01  0.0000000e+00  4.8499493e-12  3.2037843e+00
1.197880000e+01  0.0000000e+00  4.8325424e-12  3.1975317e+00
1.204420000e+01  0.0000000e+00  4.8210306e-12  3.1966315e+00
1.210960000e+01  0.0000000e+00  4.8114982e-12  3.1977916e+00
1.217500000e+01  0.0000000e+00  4.7934546e-12  3.1900406e+00
1.224040000e+01  0.0000000e+00  4.7834840e-12  3.1898231e+00
1.230580000e+01  0.0000000e+00  4.7758529e-12  3.1916654e+00
1.237120000e+01  0.0000000e+00  4.7659240e-12  3.1907611e+00
1.243660000e+01  0.0000000e+00  4.7552850e-12  3.1896592e+00
1.250200000e+01  0.0000000e+00  4.7468309e-12  3.1900553e+00
1.256740000e+01  0.0000000e+00  4.7332393e-12  3.1863193e+00
1.263280000e+01  0.0000000e+00  4.7480791e-12  3.1937624e+00
1.269820000e+01  0.0000000e+00  4.6761651e-12  3.1481277e+00
1.276360000e+01  0.0000000e+00  4.6723279e-12  3.1517668e+00
1.282900000e+01  0.0000000e+00  4.6576246e-12  3.1454322e+00
1.289440000e+01  0.0000000e+00  4.6443575e-12  3.1402093e+00
1.295980000e+01  0.0000000e+00  4.6366175e-12  3.1389363e+00
1.302520000e+01  0.0000000e+00  4.6322239e-12  3.1423422e+00
1.309060000e+01  0.0000000e+00  4.6196961e-12  3.1333894e+00
1.315600000e+01  0.0000000e+00  4.6232064e-12  3.1414313e+00
1.322140000e+01  0.0000000e+00  4.6073355e-12  3.1215112e+00
1.328680000e+01  0.0000000e+00  4.5728167e-12  3.0811302e+00
1.335220000e+01  0.0000000e+00  4.5065106e-12  2.9981114e+00
1.341760000e+01  0.0000000e+00  4.4332471e-12  2.9090427e+00
1.348300000e+01  0.0000000e+00  4.0878923e-12  2.4662152e+00
1.354840000e+01  0.0000000e+00  4.2051526e-12  2.6296629e+00
1.361380000e+01  0.0000000e+00  4.1360851e-12  2.5538049e+00
1.367920000e+01  0.0000000e+00  4.1205801e-12  2.5473228e+00
1.374460000e+01  0.0000000e+00  4.1958605e-12  2.6572395e+00
1.381000000e+01  0.0000000e+00  4.1372120e-12  2.5947668e+00
1.387540000e+01  0.0000000e+00  3.1094007e-12  1.4478476e+00
1.394080000e+01  0.0000000e+00  3.8566373e-12  2.2633330e+00
1.400620000e+01  0.0000000e+00  3.7486275e-12  2.1440937e+00
1.407160000e+01  0.0000000e+00  3.6062204e-12  1.9892569e+00
1.413700000e+01  0.0000000e+00  3.4019897e-12  1.7724432e+00
1.420240000e+01  0.0000000e+00  3.1490103e-12  1.5205321e+00
1.426780000e+01  0.0000000e+00  2.9358142e-12  1.3243613e+00
1.433320000e+01  0.0000000e+00  2.7744236e-12  1.1862913e+00
1.439860000e+01  0.0000000e+00  2.5800723e-12  1.0290010e+00
1.446400000e+01  0.0000000e+00  2.5215013e-12  9.8704877e-01
1.452940000e+01  0.0000000e+00  2.4724508e-12  9.5326075e-01
1.459480000e+01  0.0000000e+00  2.4366706e-12  9.3010330e-01
1.466020000e+01  0.0000000e+00  2.4259454e-12  9.2606595e-01
1.472560000e+01  0.0000000e+00  2.4202396e-12  9.2587336e-01
1.479100000e+01  0.0000000e+00  2.4038141e-12  9.1737098e-01
1.485640000e+01  0.0000000e+00  2.4038125e-12  9.2143299e-01
1.492180000e+01  0.0000000e+00  2.3860163e-12  9.1176563e-01
1.498720000e+01  0.0000000e+00  2.3429225e-12  8.8280224e-01
1.505260000e+01  0.0000000e+00  2.3874881e-12  9.2097192e-01
1.511800000e+01  0.0000000e+00  2.3815094e-12  9.2028708e-01
1.518340000e+01  0.0000000e+00  2.3902202e-12  9.3109288e-01
1.524880000e+01  0.0000000e+00  2.3865325e-12  9.3220682e-01
1.531420000e+01  0.0000000e+00  2.3787560e-12  9.3008681e-01
1.537960000e+01  0.0000000e+00  2.3679892e-12  9.2553430e-01
1.544500000e+01  0.0000000e+00  2.4091465e-12  9.6203482e-01
1.551040000e+01  0.0000000e+00  2.4156552e-12  9.7137402e-01
1.557580000e+01  0.0000000e+00  2.4691494e-12  1.0193151e+00
1.564120000e+01  0.0000000e+00  2.5529658e-12  1.0949019e+00
1.570660000e+01  0.0000000e+00  2.5943180e-12  1.1358286e+00
1.577200000e+01  0.0000000e+00  2.6923494e-12  1.2296470e+00
1.583740000e+01  0.0000000e+00  2.8430117e-12  1.3794250e+00
1.590280000e+01  0.0000000e+00  2.9600649e-12  1.5037759e+00
1.596820000e+01  0.0000000e+00  3.1579960e-12  1.7239784e+00
1.603360000e+01  0.0000000e+00  3.2273710e-12  1.8104094e+00
1.609900000e+01  0.0000000e+00  3.5286831e-12  2.1851934e+00
1.616440000e+01  0.0000000e+00  3.0045341e-12  1.5768073e+00
1.622980000e+01  0.0000000e+00  3.1052479e-12  1.6932244e+00
1.629520000e+01  0.0000000e+00  3.4420017e-12  2.1021663e+00
1.636060000e+01  0.0000000e+00  3.5451179e-12  2.2439165e+00
1.642600000e+01  0.0000000e+00  3.4024195e-12  2.0698186e+00
1.649140000e+01  0.0000000e+00  3.5154712e-12  2.2239224e+00
1.655680000e+01  0.0000000e+00  3.4320022e-12  2.1246005e+00
1.662220000e+01  0.0000000e+00  3.5633007e-12  2.3061896e+00
1.668760000e+01  0.0000000e+00  3.5029662e-12  2.2350847e+00
1.675300000e+01  0.0000000e+00  3.3968521e-12  2.1051138e+00
1.681840000e+01  0.0000000e+00  3.5359391e-12  2.2985626e+00
1.688380000e+01  0.0000000e+00  3.5581955e-12  2.3393215e+00
1.694920000e+01  0.0000000e+00  3.5818447e-12  2.3831201e+00
1.701460000e+01  0.0000000e+00  3.5871611e-12  2.4013285e+00
1.708000000e+01  0.0000000e+00  3.5848011e-12  2.4102278e+00
1.714540000e+01  0.0000000e+00  3.5770431e-12  2.4104954e+00
1.721080000e+01  0.0000000e+00  3.5293582e-12  2.3515616e+00
1.727620000e+01  0.0000000e+00  3.5562351e-12  2.4077750e+00
1.734160000e+01  0.0000000e+00  3.5097516e-12  2.3473647e+00
1.740700000e+01  0.0000000e+00  3.5124488e-12  2.3703316e+00
1.747240000e+01  0.0000000e+00  3.4918287e-12  2.3506632e+00
1.753780000e+01  0.0000000e+00  3.4720256e-12  2.3295428e+00
1.760320000e+01  0.0000000e+00  3.4617543e-12  2.3220226e+00
1.766860000e+01  0.0000000e+00  3.4249624e-12  2.2860656e+00
1.773400000e+01  0.0000000e+00  3.4060021e-12  2.2669056e+00
1.779940000e+01  0.0000000e+00  3.3888511e-12  2.2606355e+00
1.786480000e+01  0.0000000e+00  3.3626323e-12  2.2357653e+00
1.793020000e+01  0.0000000e+00  3.3521700e-12  2.2288748e+00
1.799560000e+01  0.0000000e+00  3.3433217e-12  2.2207921e+00
1.806100000e+01  0.0000000e+00  3.3256825e-12  2.2056255e+00
1.812640000e+01  0.0000000e+00  3.3090477e-12  2.1940821e+00
1.819180000e+01  0.0000000e+00  3.3126722e-12  2.1994669e+00
1.825720000e+01  0.0000000e+00  3.3091738e-12  2.2004349e+00
1.832260000e+01  0.0000000e+00  3.2487808e-12  2.1192146e+00
1.838800000e+01  0.0000000e+00  3.2589017e-12  2.1523440e+00
1.845340000e+01  0.0000000e+00  3.2337156e-12  2.1254899e+00
1.851880000e+01  0.0000000e+00  3.2215876e-12  2.1227365e+00
1.858420000e+01  0.0000000e+00  3.2044062e-12  2.1075593e+00
1.864960000e+01  0.0000000e+00  3.1879118e-12  2.0815023e+00
1.871500000e+01  0.0000000e+00  3.1781664e-12  2.0868405e+00
1.878040000e+01  0.0000000e+00  3.1522342e-12  2.0609119e+00
1.884580000e+01  0.0000000e+00  3.1378791e-12  2.0489194e+00
1.891120000e+01  0.0000000e+00  3.1395588e-12  2.0565161e+00
1.897660000e+01  0.0000000e+00  3.1333730e-12  2.0455209e+00
1.904200000e+01  0.0000000e+00  3.0908276e-12  1.9938689e+00
1.910740000e+01  0.0000000e+00  3.0999927e-12  2.0250347e+00
1.917280000e+01  0.0000000e+00  3.0863490e-12  2.0133755e+00
1.923820000e+01  0.0000000e+00  3.0708019e-12  1.9888074e+00
1.930360000e+01  0.0000000e+00  3.0223370e-12  1.9283270e+00
1.936900000e+01  0.0000000e+00  3.0542014e-12  1.9816419e+00
1.943440000e+01  0.0000000e+00  3.0394155e-12  1.9778258e+00
1.949980000e+01  0.0000000e+00  3.0087817e-12  1.9452397e+00
1.956520000e+01  0.0000000e+00  3.0100385e-12  1.9497291e+00
1.963060000e+01  0.0000000e+00  2.9934834e-12  1.9367878e+00
1.969600000e+01  0.0000000e+00  2.9509742e-12  1.8775957e+00
1.976140000e+01  0.0000000e+00  2.9585791e-12  1.8965104e+00
1.982680000e+01  0.0000000e+00  2.9685404e-12  1.9220884e+00
1.989220000e+01  0.0000000e+00  2.9213021e-12  1.8573254e+00
1.995760000e+01  0.0000000e+00  2.9204582e-12  1.8676788e+00
