# 3D spectroscopic simulation - Spatial binning of 5 (194 calculations)
# ------------------------------------------------------------------------
# Radiance spectrum
# NASA-GSFC Planetary Spectrum Generator (PSG) (Villanueva et al. 2018, 2022)
# Synthesized on Fri Jan 31 08:50:19 2025
# Doppler velocities [km/s] (vobs,vrot+vorb,vwidth,vrfl,vstr): -21.10000,-0.00018,0.00000,0.00000,-0.00025
# ------------------------------------------------------------------------
# Spectra synthesized with the Planetary and Universal Model of Atmospheric Scattering (PUMAS, Villanueva et al. 2018, 2022)
# Multiple scattering method employing PSGDORT, NMAX:2 / LMAX:4 / gMAX:0.95
# Radiative transfer took 3.990 seconds
# ------------------------------------------------------------------------
# Spectral unit: Wavelength [um]
# Radiance unit: Spectral radiance [W/sr/m2/um]
# Wave/freq Total Noise Proxima-Cen-b
4.000000000e+00  0.0000000e+00  6.0842186e-13  7.4296102e-02
4.065400000e+00  0.0000000e+00  7.4291399e-13  4.0743639e-02
4.130800000e+00  0.0000000e+00  8.8217517e-13  3.8836909e-02
4.196200000e+00  0.0000000e+00  5.0458133e-13  1.1641338e-02
4.261600000e+00  0.0000000e+00  1.4776225e-13  1.0006869e-03
4.327000000e+00  0.0000000e+00  2.0537928e-13  1.9806269e-03
4.392400000e+00  0.0000000e+00  4.1033824e-13  8.3558153e-03
4.457800000e+00  0.0000000e+00  1.2205326e-12  7.2555457e-02
4.523200000e+00  0.0000000e+00  9.7370987e-13  7.3184313e-02
4.588600000e+00  0.0000000e+00  8.3210315e-13  8.7401117e-02
4.654000000e+00  0.0000000e+00  8.0281935e-13  9.5919448e-02
4.719400000e+00  0.0000000e+00  8.5248993e-13  7.0115773e-02
4.784800000e+00  0.0000000e+00  1.0380091e-12  8.5447275e-02
4.850200000e+00  0.0000000e+00  1.3056207e-12  1.0668154e-01
4.915600000e+00  0.0000000e+00  1.0130763e-12  1.0495250e-01
4.981000000e+00  0.0000000e+00  1.0035433e-12  1.0726835e-01
5.046400000e+00  0.0000000e+00  9.9243532e-13  1.0948857e-01
5.111800000e+00  0.0000000e+00  1.1778229e-12  1.1854245e-01
5.177200000e+00  0.0000000e+00  1.4495683e-12  1.4556566e-01
5.242600000e+00  0.0000000e+00  1.5154384e-12  1.5859471e-01
5.308000000e+00  0.0000000e+00  1.4794656e-12  1.6257375e-01
5.373400000e+00  0.0000000e+00  1.6577163e-12  1.9527572e-01
5.438800000e+00  0.0000000e+00  2.0366665e-12  2.7682507e-01
5.504200000e+00  0.0000000e+00  2.0000869e-12  2.7685724e-01
5.569600000e+00  0.0000000e+00  2.2765531e-12  3.4385185e-01
5.635000000e+00  0.0000000e+00  2.3690008e-12  3.6848259e-01
5.700400000e+00  0.0000000e+00  2.4577918e-12  3.9942075e-01
5.765800000e+00  0.0000000e+00  2.4988816e-12  4.1222003e-01
5.831200000e+00  0.0000000e+00  2.5826825e-12  4.4560915e-01
5.896600000e+00  0.0000000e+00  2.5882019e-12  4.4405323e-01
5.962000000e+00  0.0000000e+00  2.6530475e-12  4.6969549e-01
6.027400000e+00  0.0000000e+00  2.7458036e-12  5.0483437e-01
6.092800000e+00  0.0000000e+00  2.7869581e-12  5.2319467e-01
6.158200000e+00  0.0000000e+00  2.9571752e-12  5.9818349e-01
6.223600000e+00  0.0000000e+00  3.1050215e-12  6.7176632e-01
6.289000000e+00  0.0000000e+00  3.1829352e-12  7.1904666e-01
6.354400000e+00  0.0000000e+00  3.1236843e-12  6.8393602e-01
6.419800000e+00  0.0000000e+00  3.0651599e-12  6.6159602e-01
6.485200000e+00  0.0000000e+00  3.0503380e-12  6.6240171e-01
6.550600000e+00  0.0000000e+00  3.0878683e-12  6.8737620e-01
6.616000000e+00  0.0000000e+00  3.1234327e-12  7.0964755e-01
6.681400000e+00  0.0000000e+00  3.3753969e-12  8.4687439e-01
6.746800000e+00  0.0000000e+00  3.4793628e-12  9.3596356e-01
6.812200000e+00  0.0000000e+00  3.4737856e-12  9.2624634e-01
6.877600000e+00  0.0000000e+00  3.4875540e-12  9.5309520e-01
6.943000000e+00  0.0000000e+00  3.4377716e-12  9.4551729e-01
7.008400000e+00  0.0000000e+00  3.4804253e-12  9.9854640e-01
7.073800000e+00  0.0000000e+00  3.2744575e-12  9.1631422e-01
7.139200000e+00  0.0000000e+00  3.5495571e-12  1.0512604e+00
7.204600000e+00  0.0000000e+00  3.2937259e-12  9.4664936e-01
7.270000000e+00  0.0000000e+00  3.3337553e-12  9.7594041e-01
7.335400000e+00  0.0000000e+00  3.2846140e-12  9.5400855e-01
7.400800000e+00  0.0000000e+00  2.7328043e-12  6.9381938e-01
7.466200000e+00  0.0000000e+00  3.2291121e-12  9.5265379e-01
7.531600000e+00  0.0000000e+00  2.4331820e-12  5.7276401e-01
7.597000000e+00  0.0000000e+00  3.1342247e-12  9.3627412e-01
7.662400000e+00  0.0000000e+00  2.3178539e-12  5.2009823e-01
7.727800000e+00  0.0000000e+00  2.4107120e-12  5.6797548e-01
7.793200000e+00  0.0000000e+00  2.5035630e-12  6.1440172e-01
7.858600000e+00  0.0000000e+00  2.8616501e-12  7.9806183e-01
7.924000000e+00  0.0000000e+00  2.6411559e-12  6.8944260e-01
7.989400000e+00  0.0000000e+00  2.3597165e-12  5.4602746e-01
8.054800000e+00  0.0000000e+00  2.4533715e-12  5.9732640e-01
8.120200000e+00  0.0000000e+00  2.3343074e-12  5.4376729e-01
8.185600000e+00  0.0000000e+00  2.4949824e-12  6.3125470e-01
8.251000000e+00  0.0000000e+00  2.5197724e-12  6.4673144e-01
8.316400000e+00  0.0000000e+00  2.4534989e-12  6.1201854e-01
8.381800000e+00  0.0000000e+00  2.4254606e-12  5.9817880e-01
8.447200000e+00  0.0000000e+00  2.4851475e-12  6.3005833e-01
8.512600000e+00  0.0000000e+00  2.6253987e-12  7.0804326e-01
8.578000000e+00  0.0000000e+00  2.5517919e-12  6.6578184e-01
8.643400000e+00  0.0000000e+00  2.5294768e-12  6.5251908e-01
8.708800000e+00  0.0000000e+00  2.5760851e-12  6.7749339e-01
8.774200000e+00  0.0000000e+00  2.6335542e-12  7.0975606e-01
8.839600000e+00  0.0000000e+00  2.6444191e-12  7.1086542e-01
8.905000000e+00  0.0000000e+00  2.6905522e-12  7.4142400e-01
8.970400000e+00  0.0000000e+00  2.6672167e-12  7.3554063e-01
9.035800000e+00  0.0000000e+00  2.6782335e-12  7.5242094e-01
9.101200000e+00  0.0000000e+00  2.6992980e-12  7.6667114e-01
9.166600000e+00  0.0000000e+00  2.7769838e-12  8.1109110e-01
9.232000000e+00  0.0000000e+00  2.9223600e-12  8.9750615e-01
9.297400000e+00  0.0000000e+00  3.0067866e-12  9.5444705e-01
9.362800000e+00  0.0000000e+00  3.1225886e-12  9.9905870e-01
9.428200000e+00  0.0000000e+00  3.1232823e-12  9.9154335e-01
9.493600000e+00  0.0000000e+00  2.8682627e-12  8.4417808e-01
9.559000000e+00  0.0000000e+00  3.0477342e-12  9.5870230e-01
9.624400000e+00  0.0000000e+00  2.8775070e-12  8.6017430e-01
9.689800000e+00  0.0000000e+00  3.1301330e-12  1.0230116e+00
9.755200000e+00  0.0000000e+00  3.1579219e-12  1.0482532e+00
9.820600000e+00  0.0000000e+00  3.2482852e-12  1.1163929e+00
9.886000000e+00  0.0000000e+00  3.2756640e-12  1.1452088e+00
9.951400000e+00  0.0000000e+00  3.2247383e-12  1.1238548e+00
1.001680000e+01  0.0000000e+00  3.1207502e-12  1.0714260e+00
1.008220000e+01  0.0000000e+00  3.0046546e-12  1.0192396e+00
1.014760000e+01  0.0000000e+00  2.9761629e-12  1.0233338e+00
1.021300000e+01  0.0000000e+00  2.9925044e-12  1.0562427e+00
1.027840000e+01  0.0000000e+00  3.0362234e-12  1.0943780e+00
1.034380000e+01  0.0000000e+00  2.9649733e-12  1.0548641e+00
1.040920000e+01  0.0000000e+00  2.8938960e-12  1.0166077e+00
1.047460000e+01  0.0000000e+00  2.9882830e-12  1.0836273e+00
1.054000000e+01  0.0000000e+00  3.0136584e-12  1.1077733e+00
1.060540000e+01  0.0000000e+00  2.9964417e-12  1.1019402e+00
1.067080000e+01  0.0000000e+00  2.9670923e-12  1.0890057e+00
1.073620000e+01  0.0000000e+00  2.9368023e-12  1.0752492e+00
1.080160000e+01  0.0000000e+00  2.9283358e-12  1.0773091e+00
1.086700000e+01  0.0000000e+00  2.9189729e-12  1.0763500e+00
1.093240000e+01  0.0000000e+00  2.9151309e-12  1.0790069e+00
1.099780000e+01  0.0000000e+00  2.9370701e-12  1.1030460e+00
1.106320000e+01  0.0000000e+00  2.9195976e-12  1.0936529e+00
1.112860000e+01  0.0000000e+00  2.9222847e-12  1.1013666e+00
1.119400000e+01  0.0000000e+00  2.9242500e-12  1.1085970e+00
1.125940000e+01  0.0000000e+00  2.9514638e-12  1.1374451e+00
1.132480000e+01  0.0000000e+00  2.9372335e-12  1.1307394e+00
1.139020000e+01  0.0000000e+00  2.9380735e-12  1.1369014e+00
1.145560000e+01  0.0000000e+00  2.9432524e-12  1.1468957e+00
1.152100000e+01  0.0000000e+00  2.9391626e-12  1.1488878e+00
1.158640000e+01  0.0000000e+00  2.9425202e-12  1.1569509e+00
1.165180000e+01  0.0000000e+00  2.9409190e-12  1.1614256e+00
1.171720000e+01  0.0000000e+00  2.9999083e-12  1.2203205e+00
1.178260000e+01  0.0000000e+00  2.9628339e-12  1.1921364e+00
1.184800000e+01  0.0000000e+00  2.9462422e-12  1.1827585e+00
1.191340000e+01  0.0000000e+00  2.9565238e-12  1.1977424e+00
1.197880000e+01  0.0000000e+00  2.9471889e-12  1.1948058e+00
1.204420000e+01  0.0000000e+00  2.9586591e-12  1.2092425e+00
1.210960000e+01  0.0000000e+00  2.9753281e-12  1.2308444e+00
1.217500000e+01  0.0000000e+00  2.9669264e-12  1.2266696e+00
1.224040000e+01  0.0000000e+00  2.9882020e-12  1.2488126e+00
1.230580000e+01  0.0000000e+00  3.0207556e-12  1.2812355e+00
1.237120000e+01  0.0000000e+00  3.0500741e-12  1.3105384e+00
1.243660000e+01  0.0000000e+00  3.0718995e-12  1.3351086e+00
1.250200000e+01  0.0000000e+00  3.1097053e-12  1.3770681e+00
1.256740000e+01  0.0000000e+00  3.1143991e-12  1.3901735e+00
1.263280000e+01  0.0000000e+00  3.5138584e-12  1.7278811e+00
1.269820000e+01  0.0000000e+00  3.0068504e-12  1.3020504e+00
1.276360000e+01  0.0000000e+00  3.0705756e-12  1.3634315e+00
1.282900000e+01  0.0000000e+00  3.0809253e-12  1.3756876e+00
1.289440000e+01  0.0000000e+00  3.1005170e-12  1.3978426e+00
1.295980000e+01  0.0000000e+00  3.1623390e-12  1.4538792e+00
1.302520000e+01  0.0000000e+00  3.2351599e-12  1.5253502e+00
1.309060000e+01  0.0000000e+00  3.3348494e-12  1.6183424e+00
1.315600000e+01  0.0000000e+00  3.5184251e-12  1.8000320e+00
1.322140000e+01  0.0000000e+00  3.7612454e-12  2.0505453e+00
1.328680000e+01  0.0000000e+00  3.9033976e-12  2.2081338e+00
1.335220000e+01  0.0000000e+00  4.0383214e-12  2.3624667e+00
1.341760000e+01  0.0000000e+00  4.1128862e-12  2.4547869e+00
1.348300000e+01  0.0000000e+00  4.1335103e-12  2.4787006e+00
1.354840000e+01  0.0000000e+00  4.2085102e-12  2.5838802e+00
1.361380000e+01  0.0000000e+00  4.1552688e-12  2.5299094e+00
1.367920000e+01  0.0000000e+00  4.1305615e-12  2.5124949e+00
1.374460000e+01  0.0000000e+00  4.1718384e-12  2.5758800e+00
1.381000000e+01  0.0000000e+00  4.1280559e-12  2.5351438e+00
1.387540000e+01  0.0000000e+00  3.2287272e-12  1.5554810e+00
1.394080000e+01  0.0000000e+00  3.9999368e-12  2.4012007e+00
1.400620000e+01  0.0000000e+00  3.9230351e-12  2.3204758e+00
1.407160000e+01  0.0000000e+00  3.8056922e-12  2.1958089e+00
1.413700000e+01  0.0000000e+00  3.6022466e-12  1.9768761e+00
1.420240000e+01  0.0000000e+00  3.3231573e-12  1.6904608e+00
1.426780000e+01  0.0000000e+00  3.0870203e-12  1.4650397e+00
1.433320000e+01  0.0000000e+00  2.9113330e-12  1.3081806e+00
1.439860000e+01  0.0000000e+00  2.6806823e-12  1.1123571e+00
1.446400000e+01  0.0000000e+00  2.6101092e-12  1.0588844e+00
1.452940000e+01  0.0000000e+00  2.5407591e-12  1.0073828e+00
1.459480000e+01  0.0000000e+00  2.4799764e-12  9.6369032e-01
1.466020000e+01  0.0000000e+00  2.4640207e-12  9.5553475e-01
1.472560000e+01  0.0000000e+00  2.4551953e-12  9.5291776e-01
1.479100000e+01  0.0000000e+00  2.4306602e-12  9.3802314e-01
1.485640000e+01  0.0000000e+00  2.4337047e-12  9.4456008e-01
1.492180000e+01  0.0000000e+00  2.4067272e-12  9.2768724e-01
1.498720000e+01  0.0000000e+00  2.3451289e-12  8.8447987e-01
1.505260000e+01  0.0000000e+00  2.4153138e-12  9.4260440e-01
1.511800000e+01  0.0000000e+00  2.4094831e-12  9.4210627e-01
1.518340000e+01  0.0000000e+00  2.4246449e-12  9.5821385e-01
1.524880000e+01  0.0000000e+00  2.4216426e-12  9.5996007e-01
1.531420000e+01  0.0000000e+00  2.4120584e-12  9.5642668e-01
1.537960000e+01  0.0000000e+00  2.4006017e-12  9.5135258e-01
1.544500000e+01  0.0000000e+00  2.4727862e-12  1.0142160e+00
1.551040000e+01  0.0000000e+00  2.4830223e-12  1.0270717e+00
1.557580000e+01  0.0000000e+00  2.5573774e-12  1.0947715e+00
1.564120000e+01  0.0000000e+00  2.6642590e-12  1.1943058e+00
1.570660000e+01  0.0000000e+00  2.7064286e-12  1.2377173e+00
1.577200000e+01  0.0000000e+00  2.8193164e-12  1.3495699e+00
1.583740000e+01  0.0000000e+00  2.9903404e-12  1.5255187e+00
1.590280000e+01  0.0000000e+00  3.1191219e-12  1.6664486e+00
1.596820000e+01  0.0000000e+00  3.3256310e-12  1.9010871e+00
1.603360000e+01  0.0000000e+00  3.3753999e-12  1.9651979e+00
1.609900000e+01  0.0000000e+00  3.6080826e-12  2.2535757e+00
1.616440000e+01  0.0000000e+00  3.1367814e-12  1.7104954e+00
1.622980000e+01  0.0000000e+00  3.2413858e-12  1.8339890e+00
1.629520000e+01  0.0000000e+00  3.5420330e-12  2.1982437e+00
1.636060000e+01  0.0000000e+00  3.5950001e-12  2.2742036e+00
1.642600000e+01  0.0000000e+00  3.4837147e-12  2.1431585e+00
1.649140000e+01  0.0000000e+00  3.5370086e-12  2.2190634e+00
1.655680000e+01  0.0000000e+00  3.4702508e-12  2.1436654e+00
1.662220000e+01  0.0000000e+00  3.4993471e-12  2.1914918e+00
1.668760000e+01  0.0000000e+00  3.4588292e-12  2.1485685e+00
1.675300000e+01  0.0000000e+00  3.4249579e-12  2.1131841e+00
1.681840000e+01  0.0000000e+00  3.3985132e-12  2.0945610e+00
1.688380000e+01  0.0000000e+00  3.3607628e-12  2.0626345e+00
1.694920000e+01  0.0000000e+00  3.2586668e-12  1.9498233e+00
1.701460000e+01  0.0000000e+00  3.2089291e-12  1.9010609e+00
1.708000000e+01  0.0000000e+00  3.1232299e-12  1.8141246e+00
1.714540000e+01  0.0000000e+00  3.0740289e-12  1.7675811e+00
1.721080000e+01  0.0000000e+00  3.1322368e-12  1.8556559e+00
1.727620000e+01  0.0000000e+00  2.8679575e-12  1.5664126e+00
1.734160000e+01  0.0000000e+00  2.9774802e-12  1.6985061e+00
1.740700000e+01  0.0000000e+00  2.7452017e-12  1.4554726e+00
1.747240000e+01  0.0000000e+00  2.7351617e-12  1.4493658e+00
1.753780000e+01  0.0000000e+00  2.7880727e-12  1.5241695e+00
1.760320000e+01  0.0000000e+00  2.8519230e-12  1.6052869e+00
1.766860000e+01  0.0000000e+00  2.6727009e-12  1.4082823e+00
1.773400000e+01  0.0000000e+00  2.7083492e-12  1.4568537e+00
1.779940000e+01  0.0000000e+00  2.5396030e-12  1.2792645e+00
1.786480000e+01  0.0000000e+00  2.4904757e-12  1.2339446e+00
1.793020000e+01  0.0000000e+00  2.5014200e-12  1.2508442e+00
1.799560000e+01  0.0000000e+00  2.5647600e-12  1.3227220e+00
1.806100000e+01  0.0000000e+00  2.5437129e-12  1.3060554e+00
1.812640000e+01  0.0000000e+00  2.4872708e-12  1.2509871e+00
1.819180000e+01  0.0000000e+00  2.6379472e-12  1.4207806e+00
1.825720000e+01  0.0000000e+00  2.7045310e-12  1.5023019e+00
1.832260000e+01  0.0000000e+00  2.8527129e-12  1.6573766e+00
1.838800000e+01  0.0000000e+00  2.5495139e-12  1.3273879e+00
1.845340000e+01  0.0000000e+00  2.5501208e-12  1.3419887e+00
1.851880000e+01  0.0000000e+00  2.4401691e-12  1.2307555e+00
1.858420000e+01  0.0000000e+00  2.4214221e-12  1.2144721e+00
1.864960000e+01  0.0000000e+00  2.6411284e-12  1.4550183e+00
1.871500000e+01  0.0000000e+00  2.4162897e-12  1.2180223e+00
1.878040000e+01  0.0000000e+00  2.3715656e-12  1.1743060e+00
1.884580000e+01  0.0000000e+00  2.3628076e-12  1.1692481e+00
1.891120000e+01  0.0000000e+00  2.4034399e-12  1.2185645e+00
1.897660000e+01  0.0000000e+00  2.6131063e-12  1.4501911e+00
1.904200000e+01  0.0000000e+00  2.6401261e-12  1.4774388e+00
1.910740000e+01  0.0000000e+00  2.3811502e-12  1.2095300e+00
1.917280000e+01  0.0000000e+00  2.3799494e-12  1.2121195e+00
1.923820000e+01  0.0000000e+00  2.6367659e-12  1.4984247e+00
1.930360000e+01  0.0000000e+00  2.7011113e-12  1.5697769e+00
1.936900000e+01  0.0000000e+00  2.6092650e-12  1.4799724e+00
1.943440000e+01  0.0000000e+00  2.3811157e-12  1.2331244e+00
1.949980000e+01  0.0000000e+00  2.3214845e-12  1.1711838e+00
1.956520000e+01  0.0000000e+00  2.4176816e-12  1.2808620e+00
1.963060000e+01  0.0000000e+00  2.3477228e-12  1.2087647e+00
1.969600000e+01  0.0000000e+00  2.5572959e-12  1.4334744e+00
1.976140000e+01  0.0000000e+00  2.5039803e-12  1.3834319e+00
1.982680000e+01  0.0000000e+00  2.3939514e-12  1.2752351e+00
1.989220000e+01  0.0000000e+00  2.5869527e-12  1.4856110e+00
1.995760000e+01  0.0000000e+00  2.4337515e-12  1.3192723e+00
