# 3D spectroscopic simulation - Spatial binning of 5 (193 calculations)
# ------------------------------------------------------------------------
# Radiance spectrum
# NASA-GSFC Planetary Spectrum Generator (PSG) (Villanueva et al. 2018, 2022)
# Synthesized on Fri Jan 31 12:16:13 2025
# Doppler velocities [km/s] (vobs,vrot+vorb,vwidth,vrfl,vstr): -21.10000,0.00010,0.00000,6.22216,-0.00109
# ------------------------------------------------------------------------
# Spectra synthesized with the Planetary and Universal Model of Atmospheric Scattering (PUMAS, Villanueva et al. 2018, 2022)
# Multiple scattering method employing PSGDORT, NMAX:2 / LMAX:4 / gMAX:0.95
# Radiative transfer took 4.982 seconds
# ------------------------------------------------------------------------
# Spectral unit: Wavelength [um]
# Radiance unit: Spectral radiance [W/sr/m2/um]
# Wave/freq Total Noise Proxima-Cen-b
4.000000000e+00  0.0000000e+00  8.3406615e-13  4.7348103e-02
4.065400000e+00  0.0000000e+00  8.1267510e-13  4.3895189e-02
4.130800000e+00  0.0000000e+00  8.5890418e-13  4.7331243e-02
4.196200000e+00  0.0000000e+00  3.6615817e-13  7.6207597e-03
4.261600000e+00  0.0000000e+00  1.7535906e-13  1.4290978e-03
4.327000000e+00  0.0000000e+00  2.3173710e-13  2.5012511e-03
4.392400000e+00  0.0000000e+00  3.6284724e-13  6.2886279e-03
4.457800000e+00  0.0000000e+00  9.2497464e-13  5.4890665e-02
4.523200000e+00  0.0000000e+00  1.2220667e-12  1.0832403e-01
4.588600000e+00  0.0000000e+00  1.3043991e-12  1.2549453e-01
4.654000000e+00  0.0000000e+00  1.3818534e-12  1.4177920e-01
4.719400000e+00  0.0000000e+00  1.3133689e-12  1.1953643e-01
4.784800000e+00  0.0000000e+00  1.4446019e-12  1.4535396e-01
4.850200000e+00  0.0000000e+00  1.5526752e-12  1.7021587e-01
4.915600000e+00  0.0000000e+00  1.6946171e-12  2.0934384e-01
4.981000000e+00  0.0000000e+00  1.7810624e-12  2.3186219e-01
5.046400000e+00  0.0000000e+00  1.8757824e-12  2.5629073e-01
5.111800000e+00  0.0000000e+00  1.9678599e-12  2.7831098e-01
5.177200000e+00  0.0000000e+00  1.9819630e-12  2.8125709e-01
5.242600000e+00  0.0000000e+00  2.1004986e-12  3.1279880e-01
5.308000000e+00  0.0000000e+00  2.2000299e-12  3.4553260e-01
5.373400000e+00  0.0000000e+00  2.2640733e-12  3.5778945e-01
5.438800000e+00  0.0000000e+00  2.2436478e-12  3.2989712e-01
5.504200000e+00  0.0000000e+00  2.3746383e-12  3.8271886e-01
5.569600000e+00  0.0000000e+00  2.2804209e-12  3.3221613e-01
5.635000000e+00  0.0000000e+00  2.2570917e-12  3.2237438e-01
5.700400000e+00  0.0000000e+00  2.2590430e-12  3.2104797e-01
5.765800000e+00  0.0000000e+00  2.2717508e-12  3.2714408e-01
5.831200000e+00  0.0000000e+00  2.3144170e-12  3.4197722e-01
5.896600000e+00  0.0000000e+00  2.1981344e-12  3.1005095e-01
5.962000000e+00  0.0000000e+00  2.2345253e-12  3.2371874e-01
6.027400000e+00  0.0000000e+00  2.3540975e-12  3.6339901e-01
6.092800000e+00  0.0000000e+00  2.3435623e-12  3.6363431e-01
6.158200000e+00  0.0000000e+00  2.5066868e-12  4.2085741e-01
6.223600000e+00  0.0000000e+00  2.9429754e-12  5.9137388e-01
6.289000000e+00  0.0000000e+00  3.2446580e-12  7.3196210e-01
6.354400000e+00  0.0000000e+00  2.6479569e-12  4.8402815e-01
6.419800000e+00  0.0000000e+00  2.5316405e-12  4.4624929e-01
6.485200000e+00  0.0000000e+00  2.5245247e-12  4.4820072e-01
6.550600000e+00  0.0000000e+00  2.5778963e-12  4.7203047e-01
6.616000000e+00  0.0000000e+00  2.6367931e-12  4.9860823e-01
6.681400000e+00  0.0000000e+00  2.9807684e-12  6.4419378e-01
6.746800000e+00  0.0000000e+00  3.5330771e-12  9.2202322e-01
6.812200000e+00  0.0000000e+00  3.2522809e-12  7.8327527e-01
6.877600000e+00  0.0000000e+00  3.4825900e-12  9.0937749e-01
6.943000000e+00  0.0000000e+00  3.6999972e-12  1.0397326e+00
7.008400000e+00  0.0000000e+00  3.7981877e-12  1.1060946e+00
7.073800000e+00  0.0000000e+00  4.1328682e-12  1.3316566e+00
7.139200000e+00  0.0000000e+00  3.8206833e-12  1.1370044e+00
7.204600000e+00  0.0000000e+00  4.2448354e-12  1.4296001e+00
7.270000000e+00  0.0000000e+00  4.2641394e-12  1.4538500e+00
7.335400000e+00  0.0000000e+00  4.3486450e-12  1.5264901e+00
7.400800000e+00  0.0000000e+00  4.6769861e-12  1.7971592e+00
7.466200000e+00  0.0000000e+00  4.5139337e-12  1.6753080e+00
7.531600000e+00  0.0000000e+00  4.8692503e-12  1.9868520e+00
7.597000000e+00  0.0000000e+00  4.7028951e-12  1.8537597e+00
7.662400000e+00  0.0000000e+00  4.9609352e-12  2.0963871e+00
7.727800000e+00  0.0000000e+00  4.9988792e-12  2.1446478e+00
7.793200000e+00  0.0000000e+00  5.0261130e-12  2.1840935e+00
7.858600000e+00  0.0000000e+00  4.9660718e-12  2.1420919e+00
7.924000000e+00  0.0000000e+00  5.0679277e-12  2.2530774e+00
7.989400000e+00  0.0000000e+00  5.1537977e-12  2.3530985e+00
8.054800000e+00  0.0000000e+00  5.1738622e-12  2.3883957e+00
8.120200000e+00  0.0000000e+00  5.2224906e-12  2.4536711e+00
8.185600000e+00  0.0000000e+00  5.2363349e-12  2.4837079e+00
8.251000000e+00  0.0000000e+00  5.2606480e-12  2.5256484e+00
8.316400000e+00  0.0000000e+00  5.2922290e-12  2.5763451e+00
8.381800000e+00  0.0000000e+00  5.3187431e-12  2.6225656e+00
8.447200000e+00  0.0000000e+00  5.3292702e-12  2.6522119e+00
8.512600000e+00  0.0000000e+00  5.3233957e-12  2.6648779e+00
8.578000000e+00  0.0000000e+00  5.3392248e-12  2.7020966e+00
8.643400000e+00  0.0000000e+00  5.3447274e-12  2.7280343e+00
8.708800000e+00  0.0000000e+00  5.3393314e-12  2.7424371e+00
8.774200000e+00  0.0000000e+00  5.3316000e-12  2.7542499e+00
8.839600000e+00  0.0000000e+00  5.2991558e-12  2.7410543e+00
8.905000000e+00  0.0000000e+00  5.2973304e-12  2.7581771e+00
8.970400000e+00  0.0000000e+00  5.3301145e-12  2.8122440e+00
9.035800000e+00  0.0000000e+00  5.3817670e-12  2.8866061e+00
9.101200000e+00  0.0000000e+00  5.3812002e-12  2.9062293e+00
9.166600000e+00  0.0000000e+00  5.3626393e-12  2.9066028e+00
9.232000000e+00  0.0000000e+00  5.3529379e-12  2.9154702e+00
9.297400000e+00  0.0000000e+00  5.3787298e-12  2.9623364e+00
9.362800000e+00  0.0000000e+00  4.9727174e-12  2.5533306e+00
9.428200000e+00  0.0000000e+00  3.4483143e-12  1.2321398e+00
9.493600000e+00  0.0000000e+00  2.8155840e-12  8.1849812e-01
9.559000000e+00  0.0000000e+00  3.9485855e-12  1.6403845e+00
9.624400000e+00  0.0000000e+00  3.0088929e-12  9.5066338e-01
9.689800000e+00  0.0000000e+00  3.4312763e-12  1.2537181e+00
9.755200000e+00  0.0000000e+00  3.4669509e-12  1.2874415e+00
9.820600000e+00  0.0000000e+00  3.8259711e-12  1.5818822e+00
9.886000000e+00  0.0000000e+00  4.3198521e-12  2.0313745e+00
9.951400000e+00  0.0000000e+00  4.8248066e-12  2.5492476e+00
1.001680000e+01  0.0000000e+00  5.1780478e-12  2.9516789e+00
1.008220000e+01  0.0000000e+00  5.4162192e-12  3.2470521e+00
1.014760000e+01  0.0000000e+00  5.5119665e-12  3.3818156e+00
1.021300000e+01  0.0000000e+00  5.5558872e-12  3.4556824e+00
1.027840000e+01  0.0000000e+00  5.5611367e-12  3.4827822e+00
1.034380000e+01  0.0000000e+00  5.5659632e-12  3.5104006e+00
1.040920000e+01  0.0000000e+00  5.5689815e-12  3.5358152e+00
1.047460000e+01  0.0000000e+00  5.5604647e-12  3.5457258e+00
1.054000000e+01  0.0000000e+00  5.5550065e-12  3.5598121e+00
1.060540000e+01  0.0000000e+00  5.5516086e-12  3.5769773e+00
1.067080000e+01  0.0000000e+00  5.5463471e-12  3.5916960e+00
1.073620000e+01  0.0000000e+00  5.5392884e-12  3.6040471e+00
1.080160000e+01  0.0000000e+00  5.5297881e-12  3.6129513e+00
1.086700000e+01  0.0000000e+00  5.5206254e-12  3.6222939e+00
1.093240000e+01  0.0000000e+00  5.5103212e-12  3.6299820e+00
1.099780000e+01  0.0000000e+00  5.4978782e-12  3.6344600e+00
1.106320000e+01  0.0000000e+00  5.4863870e-12  3.6405008e+00
1.112860000e+01  0.0000000e+00  5.4732482e-12  3.6440031e+00
1.119400000e+01  0.0000000e+00  5.4599440e-12  3.6471158e+00
1.125940000e+01  0.0000000e+00  5.4439088e-12  3.6461173e+00
1.132480000e+01  0.0000000e+00  5.4316817e-12  3.6505662e+00
1.139020000e+01  0.0000000e+00  5.4176365e-12  3.6521977e+00
1.145560000e+01  0.0000000e+00  5.4029853e-12  3.6527645e+00
1.152100000e+01  0.0000000e+00  5.3887454e-12  3.6538263e+00
1.158640000e+01  0.0000000e+00  5.3732289e-12  3.6528955e+00
1.165180000e+01  0.0000000e+00  5.3576266e-12  3.6516922e+00
1.171720000e+01  0.0000000e+00  5.3377883e-12  3.6439354e+00
1.178260000e+01  0.0000000e+00  5.3240594e-12  3.6452861e+00
1.184800000e+01  0.0000000e+00  5.3089184e-12  3.6443615e+00
1.191340000e+01  0.0000000e+00  5.2917730e-12  3.6402534e+00
1.197880000e+01  0.0000000e+00  5.2755474e-12  3.6373865e+00
1.204420000e+01  0.0000000e+00  5.2580460e-12  3.6324571e+00
1.210960000e+01  0.0000000e+00  5.2390516e-12  3.6251216e+00
1.217500000e+01  0.0000000e+00  5.2224294e-12  3.6212882e+00
1.224040000e+01  0.0000000e+00  5.2033848e-12  3.6136260e+00
1.230580000e+01  0.0000000e+00  5.1828047e-12  3.6035253e+00
1.237120000e+01  0.0000000e+00  5.1607718e-12  3.5912243e+00
1.243660000e+01  0.0000000e+00  5.1400118e-12  3.5805777e+00
1.250200000e+01  0.0000000e+00  5.1119758e-12  3.5591488e+00
1.256740000e+01  0.0000000e+00  5.0922931e-12  3.5496021e+00
1.263280000e+01  0.0000000e+00  5.0164607e-12  3.4597387e+00
1.269820000e+01  0.0000000e+00  5.0609503e-12  3.5430146e+00
1.276360000e+01  0.0000000e+00  5.0286414e-12  3.5149688e+00
1.282900000e+01  0.0000000e+00  5.0066939e-12  3.5019963e+00
1.289440000e+01  0.0000000e+00  4.9820090e-12  3.4847464e+00
1.295980000e+01  0.0000000e+00  4.9488119e-12  3.4555025e+00
1.302520000e+01  0.0000000e+00  4.9238484e-12  3.4369699e+00
1.309060000e+01  0.0000000e+00  4.8793853e-12  3.3912009e+00
1.315600000e+01  0.0000000e+00  4.8384425e-12  3.3488598e+00
1.322140000e+01  0.0000000e+00  4.7482774e-12  3.2383977e+00
1.328680000e+01  0.0000000e+00  4.6762302e-12  3.1531806e+00
1.335220000e+01  0.0000000e+00  4.5584738e-12  3.0076909e+00
1.341760000e+01  0.0000000e+00  4.4500025e-12  2.8774155e+00
1.348300000e+01  0.0000000e+00  4.0550071e-12  2.3929024e+00
1.354840000e+01  0.0000000e+00  4.1636869e-12  2.5377496e+00
1.361380000e+01  0.0000000e+00  4.0930696e-12  2.4632913e+00
1.367920000e+01  0.0000000e+00  4.0617670e-12  2.4380863e+00
1.374460000e+01  0.0000000e+00  4.1400291e-12  2.5462704e+00
1.381000000e+01  0.0000000e+00  4.0445340e-12  2.4423740e+00
1.387540000e+01  0.0000000e+00  3.1536984e-12  1.4832355e+00
1.394080000e+01  0.0000000e+00  3.7732454e-12  2.1404637e+00
1.400620000e+01  0.0000000e+00  3.6862377e-12  2.0503732e+00
1.407160000e+01  0.0000000e+00  3.5461597e-12  1.9050482e+00
1.413700000e+01  0.0000000e+00  3.3872619e-12  1.7442207e+00
1.420240000e+01  0.0000000e+00  3.1855391e-12  1.5487461e+00
1.426780000e+01  0.0000000e+00  3.0291014e-12  1.4061779e+00
1.433320000e+01  0.0000000e+00  2.9104013e-12  1.3037275e+00
1.439860000e+01  0.0000000e+00  2.7516747e-12  1.1703414e+00
1.446400000e+01  0.0000000e+00  2.7004596e-12  1.1322516e+00
1.452940000e+01  0.0000000e+00  2.6474803e-12  1.0931958e+00
1.459480000e+01  0.0000000e+00  2.5769422e-12  1.0402250e+00
1.466020000e+01  0.0000000e+00  2.5591989e-12  1.0305222e+00
1.472560000e+01  0.0000000e+00  2.5462813e-12  1.0246664e+00
1.479100000e+01  0.0000000e+00  2.5105527e-12  1.0004070e+00
1.485640000e+01  0.0000000e+00  2.5182536e-12  1.0110706e+00
1.492180000e+01  0.0000000e+00  2.4776512e-12  9.8287086e-01
1.498720000e+01  0.0000000e+00  2.4213075e-12  9.4273651e-01
1.505260000e+01  0.0000000e+00  2.4931158e-12  1.0040398e+00
1.511800000e+01  0.0000000e+00  2.4901051e-12  1.0059547e+00
1.518340000e+01  0.0000000e+00  2.5111899e-12  1.0275871e+00
1.524880000e+01  0.0000000e+00  2.5094053e-12  1.0305599e+00
1.531420000e+01  0.0000000e+00  2.4955031e-12  1.0234799e+00
1.537960000e+01  0.0000000e+00  2.4842183e-12  1.0185537e+00
1.544500000e+01  0.0000000e+00  2.5606133e-12  1.0869179e+00
1.551040000e+01  0.0000000e+00  2.5698336e-12  1.0994316e+00
1.557580000e+01  0.0000000e+00  2.6276535e-12  1.1543966e+00
1.564120000e+01  0.0000000e+00  2.7041139e-12  1.2278662e+00
1.570660000e+01  0.0000000e+00  2.7242718e-12  1.2515021e+00
1.577200000e+01  0.0000000e+00  2.7980107e-12  1.3259104e+00
1.583740000e+01  0.0000000e+00  2.9083024e-12  1.4389142e+00
1.590280000e+01  0.0000000e+00  2.9964985e-12  1.5341666e+00
1.596820000e+01  0.0000000e+00  3.1632614e-12  1.7178546e+00
1.603360000e+01  0.0000000e+00  3.2283989e-12  1.7974255e+00
1.609900000e+01  0.0000000e+00  3.5144086e-12  2.1424906e+00
1.616440000e+01  0.0000000e+00  3.0184297e-12  1.5828539e+00
1.622980000e+01  0.0000000e+00  3.1159259e-12  1.6941812e+00
1.629520000e+01  0.0000000e+00  3.4295020e-12  2.0642428e+00
1.636060000e+01  0.0000000e+00  3.5347623e-12  2.2036128e+00
1.642600000e+01  0.0000000e+00  3.3955302e-12  2.0397113e+00
1.649140000e+01  0.0000000e+00  3.5124581e-12  2.1934284e+00
1.655680000e+01  0.0000000e+00  3.4314334e-12  2.1003833e+00
1.662220000e+01  0.0000000e+00  3.5740794e-12  2.2902618e+00
1.668760000e+01  0.0000000e+00  3.5143377e-12  2.2221742e+00
1.675300000e+01  0.0000000e+00  3.3998237e-12  2.0864267e+00
1.681840000e+01  0.0000000e+00  3.5639305e-12  2.3045631e+00
1.688380000e+01  0.0000000e+00  3.5875503e-12  2.3441105e+00
1.694920000e+01  0.0000000e+00  3.6488847e-12  2.4375514e+00
1.701460000e+01  0.0000000e+00  3.6686336e-12  2.4746865e+00
1.708000000e+01  0.0000000e+00  3.6828894e-12  2.5043295e+00
1.714540000e+01  0.0000000e+00  3.6854942e-12  2.5181859e+00
1.721080000e+01  0.0000000e+00  3.5883015e-12  2.3912470e+00
1.727620000e+01  0.0000000e+00  3.7039791e-12  2.5649699e+00
1.734160000e+01  0.0000000e+00  3.6011873e-12  2.4289074e+00
1.740700000e+01  0.0000000e+00  3.6775082e-12  2.5480013e+00
1.747240000e+01  0.0000000e+00  3.6574658e-12  2.5295775e+00
1.753780000e+01  0.0000000e+00  3.5969259e-12  2.4528623e+00
1.760320000e+01  0.0000000e+00  3.5540339e-12  2.4020389e+00
1.766860000e+01  0.0000000e+00  3.5794285e-12  2.4483413e+00
1.773400000e+01  0.0000000e+00  3.5371961e-12  2.3981726e+00
1.779940000e+01  0.0000000e+00  3.5811537e-12  2.4713098e+00
1.786480000e+01  0.0000000e+00  3.5668518e-12  2.4609777e+00
1.793020000e+01  0.0000000e+00  3.5469924e-12  2.4423102e+00
1.799560000e+01  0.0000000e+00  3.5084981e-12  2.3966859e+00
1.806100000e+01  0.0000000e+00  3.4921550e-12  2.3830861e+00
1.812640000e+01  0.0000000e+00  3.4920092e-12  2.3927689e+00
1.819180000e+01  0.0000000e+00  3.4353341e-12  2.3210912e+00
1.825720000e+01  0.0000000e+00  3.4033061e-12  2.2849961e+00
1.832260000e+01  0.0000000e+00  3.2908320e-12  2.1396305e+00
1.838800000e+01  0.0000000e+00  3.4071122e-12  2.3092150e+00
1.845340000e+01  0.0000000e+00  3.3676731e-12  2.2625125e+00
1.851880000e+01  0.0000000e+00  3.3907833e-12  2.3045093e+00
1.858420000e+01  0.0000000e+00  3.3761355e-12  2.2928481e+00
1.864960000e+01  0.0000000e+00  3.2730581e-12  2.1570565e+00
1.871500000e+01  0.0000000e+00  3.3433464e-12  2.2642571e+00
1.878040000e+01  0.0000000e+00  3.3290252e-12  2.2529707e+00
1.884580000e+01  0.0000000e+00  3.3129177e-12  2.2389554e+00
1.891120000e+01  0.0000000e+00  3.2941619e-12  2.2208472e+00
1.897660000e+01  0.0000000e+00  3.2076562e-12  2.1081811e+00
1.904200000e+01  0.0000000e+00  3.1576954e-12  2.0484841e+00
1.910740000e+01  0.0000000e+00  3.2479869e-12  2.1810586e+00
1.917280000e+01  0.0000000e+00  3.2307333e-12  2.1650785e+00
1.923820000e+01  0.0000000e+00  3.1222588e-12  2.0232624e+00
1.930360000e+01  0.0000000e+00  3.0473575e-12  1.9313600e+00
1.936900000e+01  0.0000000e+00  3.1060310e-12  2.0164176e+00
1.943440000e+01  0.0000000e+00  3.1674835e-12  2.1090524e+00
1.949980000e+01  0.0000000e+00  3.1538130e-12  2.0981289e+00
1.956520000e+01  0.0000000e+00  3.1195100e-12  2.0580122e+00
1.963060000e+01  0.0000000e+00  3.1198095e-12  2.0663797e+00
1.969600000e+01  0.0000000e+00  2.9991734e-12  1.9103585e+00
1.976140000e+01  0.0000000e+00  3.0191118e-12  1.9438731e+00
1.982680000e+01  0.0000000e+00  3.0651228e-12  2.0137542e+00
1.989220000e+01  0.0000000e+00  2.9485727e-12  1.8642727e+00
1.995760000e+01  0.0000000e+00  2.9973574e-12  1.9362754e+00
