# 3D spectroscopic simulation - Spatial binning of 5 (194 calculations)
# ------------------------------------------------------------------------
# Radiance spectrum
# NASA-GSFC Planetary Spectrum Generator (PSG) (Villanueva et al. 2018, 2022)
# Synthesized on Fri Jan 31 15:13:14 2025
# Doppler velocities [km/s] (vobs,vrot+vorb,vwidth,vrfl,vstr): -21.10000,-0.00019,0.00000,-0.00000,-0.00113
# ------------------------------------------------------------------------
# Spectra synthesized with the Planetary and Universal Model of Atmospheric Scattering (PUMAS, Villanueva et al. 2018, 2022)
# Multiple scattering method employing PSGDORT, NMAX:2 / LMAX:4 / gMAX:0.95
# Radiative transfer took 3.251 seconds
# ------------------------------------------------------------------------
# Spectral unit: Wavelength [um]
# Radiance unit: Spectral radiance [W/sr/m2/um]
# Wave/freq Total Noise Proxima-Cen-b
4.000000000e+00  0.0000000e+00  3.5626677e-12  8.2211243e-01
4.065400000e+00  0.0000000e+00  3.1814356e-12  6.3041334e-01
4.130800000e+00  0.0000000e+00  2.8385699e-12  4.8192406e-01
4.196200000e+00  0.0000000e+00  8.8104392e-13  4.3036273e-02
4.261600000e+00  0.0000000e+00  1.5107501e-13  1.0456228e-03
4.327000000e+00  0.0000000e+00  2.0627754e-13  2.0478273e-03
4.392400000e+00  0.0000000e+00  4.7673798e-13  1.2741505e-02
4.457800000e+00  0.0000000e+00  1.9807227e-12  2.1061138e-01
4.523200000e+00  0.0000000e+00  2.8673908e-12  5.1180199e-01
4.588600000e+00  0.0000000e+00  2.9052735e-12  5.5582936e-01
4.654000000e+00  0.0000000e+00  2.9164516e-12  5.7067820e-01
4.719400000e+00  0.0000000e+00  2.6717000e-12  4.7801266e-01
4.784800000e+00  0.0000000e+00  2.7806266e-12  5.0238985e-01
4.850200000e+00  0.0000000e+00  2.8429009e-12  4.9874028e-01
4.915600000e+00  0.0000000e+00  2.9782331e-12  5.9662325e-01
4.981000000e+00  0.0000000e+00  2.9987952e-12  6.1039072e-01
5.046400000e+00  0.0000000e+00  3.0211296e-12  6.3135170e-01
5.111800000e+00  0.0000000e+00  3.0459663e-12  6.1974092e-01
5.177200000e+00  0.0000000e+00  3.0264230e-12  5.8787823e-01
5.242600000e+00  0.0000000e+00  3.0965360e-12  6.1833597e-01
5.308000000e+00  0.0000000e+00  3.1469106e-12  6.5105250e-01
5.373400000e+00  0.0000000e+00  3.1648718e-12  6.4781605e-01
5.438800000e+00  0.0000000e+00  3.0971175e-12  5.9392422e-01
5.504200000e+00  0.0000000e+00  3.2298910e-12  6.6439378e-01
5.569600000e+00  0.0000000e+00  3.0859681e-12  5.9290693e-01
5.635000000e+00  0.0000000e+00  3.0288484e-12  5.7422797e-01
5.700400000e+00  0.0000000e+00  3.0180410e-12  5.7526720e-01
5.765800000e+00  0.0000000e+00  3.0079203e-12  5.7842590e-01
5.831200000e+00  0.0000000e+00  3.0596755e-12  6.0640350e-01
5.896600000e+00  0.0000000e+00  2.8834846e-12  5.4468072e-01
5.962000000e+00  0.0000000e+00  2.9100770e-12  5.6147755e-01
6.027400000e+00  0.0000000e+00  3.0316481e-12  6.1573674e-01
6.092800000e+00  0.0000000e+00  2.9952599e-12  6.0826773e-01
6.158200000e+00  0.0000000e+00  3.2410667e-12  7.2116488e-01
6.223600000e+00  0.0000000e+00  3.6729689e-12  9.3968627e-01
6.289000000e+00  0.0000000e+00  3.9395594e-12  1.1004833e+00
6.354400000e+00  0.0000000e+00  3.3628304e-12  8.0136474e-01
6.419800000e+00  0.0000000e+00  3.1527805e-12  7.1133128e-01
6.485200000e+00  0.0000000e+00  3.0943399e-12  6.9332356e-01
6.550600000e+00  0.0000000e+00  3.1390521e-12  7.2089574e-01
6.616000000e+00  0.0000000e+00  3.1793099e-12  7.4635404e-01
6.681400000e+00  0.0000000e+00  3.6920513e-12  1.0165133e+00
6.746800000e+00  0.0000000e+00  4.2189951e-12  1.3525034e+00
6.812200000e+00  0.0000000e+00  3.9613312e-12  1.1963588e+00
6.877600000e+00  0.0000000e+00  4.1316817e-12  1.3179568e+00
6.943000000e+00  0.0000000e+00  4.2711293e-12  1.4296478e+00
7.008400000e+00  0.0000000e+00  4.3832836e-12  1.5245060e+00
7.073800000e+00  0.0000000e+00  4.5158944e-12  1.6597232e+00
7.139200000e+00  0.0000000e+00  4.3946324e-12  1.5559618e+00
7.204600000e+00  0.0000000e+00  4.5806505e-12  1.7421805e+00
7.270000000e+00  0.0000000e+00  4.5994822e-12  1.7693025e+00
7.335400000e+00  0.0000000e+00  4.6151517e-12  1.8024468e+00
7.400800000e+00  0.0000000e+00  4.5919788e-12  1.8782111e+00
7.466200000e+00  0.0000000e+00  4.6872479e-12  1.9059575e+00
7.531600000e+00  0.0000000e+00  4.5520490e-12  1.9374769e+00
7.597000000e+00  0.0000000e+00  4.7706128e-12  2.0321858e+00
7.662400000e+00  0.0000000e+00  4.5287023e-12  1.9760060e+00
7.727800000e+00  0.0000000e+00  4.5866045e-12  2.0289581e+00
7.793200000e+00  0.0000000e+00  4.6376059e-12  2.0763520e+00
7.858600000e+00  0.0000000e+00  4.7665170e-12  2.1447008e+00
7.924000000e+00  0.0000000e+00  4.7167188e-12  2.1586435e+00
7.989400000e+00  0.0000000e+00  4.6141745e-12  2.1421656e+00
8.054800000e+00  0.0000000e+00  4.6677316e-12  2.1912906e+00
8.120200000e+00  0.0000000e+00  4.6315012e-12  2.2031629e+00
8.185600000e+00  0.0000000e+00  4.7161833e-12  2.2682733e+00
8.251000000e+00  0.0000000e+00  4.7359842e-12  2.3017205e+00
8.316400000e+00  0.0000000e+00  4.7137052e-12  2.3140586e+00
8.381800000e+00  0.0000000e+00  4.7102965e-12  2.3365292e+00
8.447200000e+00  0.0000000e+00  4.7413659e-12  2.3730369e+00
8.512600000e+00  0.0000000e+00  4.8062994e-12  2.4262979e+00
8.578000000e+00  0.0000000e+00  4.7747029e-12  2.4305379e+00
8.643400000e+00  0.0000000e+00  4.7632062e-12  2.4430539e+00
8.708800000e+00  0.0000000e+00  4.7818237e-12  2.4706974e+00
8.774200000e+00  0.0000000e+00  4.8044851e-12  2.5005067e+00
8.839600000e+00  0.0000000e+00  4.7918648e-12  2.5047039e+00
8.905000000e+00  0.0000000e+00  4.8119544e-12  2.5340672e+00
8.970400000e+00  0.0000000e+00  4.8144943e-12  2.5601496e+00
9.035800000e+00  0.0000000e+00  4.8415227e-12  2.6054890e+00
9.101200000e+00  0.0000000e+00  4.8488178e-12  2.6277163e+00
9.166600000e+00  0.0000000e+00  4.8718643e-12  2.6557269e+00
9.232000000e+00  0.0000000e+00  4.9218534e-12  2.7016797e+00
9.297400000e+00  0.0000000e+00  4.9607575e-12  2.7480427e+00
9.362800000e+00  0.0000000e+00  4.8504493e-12  2.6262419e+00
9.428200000e+00  0.0000000e+00  4.2113015e-12  1.9494267e+00
9.493600000e+00  0.0000000e+00  3.7038077e-12  1.5024986e+00
9.559000000e+00  0.0000000e+00  4.3548567e-12  2.1316202e+00
9.624400000e+00  0.0000000e+00  3.8305773e-12  1.6406683e+00
9.689800000e+00  0.0000000e+00  4.1754462e-12  1.9622222e+00
9.755200000e+00  0.0000000e+00  4.2114083e-12  2.0084312e+00
9.820600000e+00  0.0000000e+00  4.4257876e-12  2.2401710e+00
9.886000000e+00  0.0000000e+00  4.6529203e-12  2.5076659e+00
9.951400000e+00  0.0000000e+00  4.8256977e-12  2.7352539e+00
1.001680000e+01  0.0000000e+00  4.9146357e-12  2.8769170e+00
1.008220000e+01  0.0000000e+00  4.9558892e-12  2.9656776e+00
1.014760000e+01  0.0000000e+00  4.9765347e-12  3.0141878e+00
1.021300000e+01  0.0000000e+00  4.9946924e-12  3.0520330e+00
1.027840000e+01  0.0000000e+00  5.0074421e-12  3.0772771e+00
1.034380000e+01  0.0000000e+00  4.9771095e-12  3.0733049e+00
1.040920000e+01  0.0000000e+00  4.9461437e-12  3.0689311e+00
1.047460000e+01  0.0000000e+00  4.9736391e-12  3.1002743e+00
1.054000000e+01  0.0000000e+00  4.9764226e-12  3.1162614e+00
1.060540000e+01  0.0000000e+00  4.9628122e-12  3.1210655e+00
1.067080000e+01  0.0000000e+00  4.9447294e-12  3.1222517e+00
1.073620000e+01  0.0000000e+00  4.9255325e-12  3.1220178e+00
1.080160000e+01  0.0000000e+00  4.9147565e-12  3.1272247e+00
1.086700000e+01  0.0000000e+00  4.9020848e-12  3.1303054e+00
1.093240000e+01  0.0000000e+00  4.8911195e-12  3.1340963e+00
1.099780000e+01  0.0000000e+00  4.8917187e-12  3.1463423e+00
1.106320000e+01  0.0000000e+00  4.8726493e-12  3.1425574e+00
1.112860000e+01  0.0000000e+00  4.8627801e-12  3.1455953e+00
1.119400000e+01  0.0000000e+00  4.8524849e-12  3.1480822e+00
1.125940000e+01  0.0000000e+00  4.8533338e-12  3.1589012e+00
1.132480000e+01  0.0000000e+00  4.8353683e-12  3.1549613e+00
1.139020000e+01  0.0000000e+00  4.8239939e-12  3.1558061e+00
1.145560000e+01  0.0000000e+00  4.8145022e-12  3.1578931e+00
1.152100000e+01  0.0000000e+00  4.8005127e-12  3.1560750e+00
1.158640000e+01  0.0000000e+00  4.7891243e-12  3.1556834e+00
1.165180000e+01  0.0000000e+00  4.7757779e-12  3.1536257e+00
1.171720000e+01  0.0000000e+00  4.7901736e-12  3.1744613e+00
1.178260000e+01  0.0000000e+00  4.7598908e-12  3.1575917e+00
1.184800000e+01  0.0000000e+00  4.7391237e-12  3.1486428e+00
1.191340000e+01  0.0000000e+00  4.7307975e-12  3.1498981e+00
1.197880000e+01  0.0000000e+00  4.7130952e-12  3.1429654e+00
1.204420000e+01  0.0000000e+00  4.7042042e-12  3.1429688e+00
1.210960000e+01  0.0000000e+00  4.6985912e-12  3.1459950e+00
1.217500000e+01  0.0000000e+00  4.6801314e-12  3.1373048e+00
1.224040000e+01  0.0000000e+00  4.6744883e-12  3.1391410e+00
1.230580000e+01  0.0000000e+00  4.6733858e-12  3.1445890e+00
1.237120000e+01  0.0000000e+00  4.6699093e-12  3.1475564e+00
1.243660000e+01  0.0000000e+00  4.6642527e-12  3.1491747e+00
1.250200000e+01  0.0000000e+00  4.6658454e-12  3.1567859e+00
1.256740000e+01  0.0000000e+00  4.6544436e-12  3.1542939e+00
1.263280000e+01  0.0000000e+00  4.7402686e-12  3.2189086e+00
1.269820000e+01  0.0000000e+00  4.5802987e-12  3.1021253e+00
1.276360000e+01  0.0000000e+00  4.5896828e-12  3.1146803e+00
1.282900000e+01  0.0000000e+00  4.5767925e-12  3.1086972e+00
1.289440000e+01  0.0000000e+00  4.5678128e-12  3.1060279e+00
1.295980000e+01  0.0000000e+00  4.5709904e-12  3.1123940e+00
1.302520000e+01  0.0000000e+00  4.5802336e-12  3.1263715e+00
1.309060000e+01  0.0000000e+00  4.5882735e-12  3.1346218e+00
1.315600000e+01  0.0000000e+00  4.6257336e-12  3.1724756e+00
1.322140000e+01  0.0000000e+00  4.6576933e-12  3.1981290e+00
1.328680000e+01  0.0000000e+00  4.6545699e-12  3.1896667e+00
1.335220000e+01  0.0000000e+00  4.6219366e-12  3.1420764e+00
1.341760000e+01  0.0000000e+00  4.5710625e-12  3.0769013e+00
1.348300000e+01  0.0000000e+00  4.2554779e-12  2.6597128e+00
1.354840000e+01  0.0000000e+00  4.3856993e-12  2.8431076e+00
1.361380000e+01  0.0000000e+00  4.3134336e-12  2.7617079e+00
1.367920000e+01  0.0000000e+00  4.2962706e-12  2.7536576e+00
1.374460000e+01  0.0000000e+00  4.3723670e-12  2.8683589e+00
1.381000000e+01  0.0000000e+00  4.3114702e-12  2.8022381e+00
1.387540000e+01  0.0000000e+00  3.1962498e-12  1.5290291e+00
1.394080000e+01  0.0000000e+00  4.0226881e-12  2.4531935e+00
1.400620000e+01  0.0000000e+00  3.9075212e-12  2.3223918e+00
1.407160000e+01  0.0000000e+00  3.7513704e-12  2.1480399e+00
1.413700000e+01  0.0000000e+00  3.5231539e-12  1.8989684e+00
1.420240000e+01  0.0000000e+00  3.2402672e-12  1.6098054e+00
1.426780000e+01  0.0000000e+00  3.0041136e-12  1.3872166e+00
1.433320000e+01  0.0000000e+00  2.8280366e-12  1.2331519e+00
1.439860000e+01  0.0000000e+00  2.6102493e-12  1.0534693e+00
1.446400000e+01  0.0000000e+00  2.5444999e-12  1.0052875e+00
1.452940000e+01  0.0000000e+00  2.4863879e-12  9.6406683e-01
1.459480000e+01  0.0000000e+00  2.4429554e-12  9.3487618e-01
1.466020000e+01  0.0000000e+00  2.4307500e-12  9.2970052e-01
1.472560000e+01  0.0000000e+00  2.4241061e-12  9.2879109e-01
1.479100000e+01  0.0000000e+00  2.4060040e-12  9.1900268e-01
1.485640000e+01  0.0000000e+00  2.4067075e-12  9.2361305e-01
1.492180000e+01  0.0000000e+00  2.3868737e-12  9.1238713e-01
1.498720000e+01  0.0000000e+00  2.3397735e-12  8.8041672e-01
1.505260000e+01  0.0000000e+00  2.3900624e-12  9.2292104e-01
1.511800000e+01  0.0000000e+00  2.3841551e-12  9.2229538e-01
1.518340000e+01  0.0000000e+00  2.3942657e-12  9.3420871e-01
1.524880000e+01  0.0000000e+00  2.3907667e-12  9.3548010e-01
1.531420000e+01  0.0000000e+00  2.3827402e-12  9.3316925e-01
1.537960000e+01  0.0000000e+00  2.3721351e-12  9.2875047e-01
1.544500000e+01  0.0000000e+00  2.4233307e-12  9.7344399e-01
1.551040000e+01  0.0000000e+00  2.4311525e-12  9.8393509e-01
1.557580000e+01  0.0000000e+00  2.4945141e-12  1.0405626e+00
1.564120000e+01  0.0000000e+00  2.5910562e-12  1.1282239e+00
1.570660000e+01  0.0000000e+00  2.6364763e-12  1.1734634e+00
1.577200000e+01  0.0000000e+00  2.7462263e-12  1.2798275e+00
1.583740000e+01  0.0000000e+00  2.9148465e-12  1.4502746e+00
1.590280000e+01  0.0000000e+00  3.0453340e-12  1.5913787e+00
1.596820000e+01  0.0000000e+00  3.2687147e-12  1.8448324e+00
1.603360000e+01  0.0000000e+00  3.3452603e-12  1.9416691e+00
1.609900000e+01  0.0000000e+00  3.6716011e-12  2.3563591e+00
1.616440000e+01  0.0000000e+00  3.0980036e-12  1.6748457e+00
1.622980000e+01  0.0000000e+00  3.2074943e-12  1.8043731e+00
1.629520000e+01  0.0000000e+00  3.5814833e-12  2.2677796e+00
1.636060000e+01  0.0000000e+00  3.6882166e-12  2.4179586e+00
1.642600000e+01  0.0000000e+00  3.5347125e-12  2.2261232e+00
1.649140000e+01  0.0000000e+00  3.6509705e-12  2.3882726e+00
1.655680000e+01  0.0000000e+00  3.5603575e-12  2.2777748e+00
1.662220000e+01  0.0000000e+00  3.6878641e-12  2.4588844e+00
1.668760000e+01  0.0000000e+00  3.6246394e-12  2.3828346e+00
1.675300000e+01  0.0000000e+00  3.5179189e-12  2.2498614e+00
1.681840000e+01  0.0000000e+00  3.6447127e-12  2.4323727e+00
1.688380000e+01  0.0000000e+00  3.6656121e-12  2.4732170e+00
1.694920000e+01  0.0000000e+00  3.6585443e-12  2.4803160e+00
1.701460000e+01  0.0000000e+00  3.6528575e-12  2.4861792e+00
1.708000000e+01  0.0000000e+00  3.6359217e-12  2.4789928e+00
1.714540000e+01  0.0000000e+00  3.6193990e-12  2.4696220e+00
1.721080000e+01  0.0000000e+00  3.6099358e-12  2.4583300e+00
1.727620000e+01  0.0000000e+00  3.5613637e-12  2.4272372e+00
1.734160000e+01  0.0000000e+00  3.5576316e-12  2.4157497e+00
1.740700000e+01  0.0000000e+00  3.5001529e-12  2.3725134e+00
1.747240000e+01  0.0000000e+00  3.4805320e-12  2.3542215e+00
1.753780000e+01  0.0000000e+00  3.4850204e-12  2.3605443e+00
1.760320000e+01  0.0000000e+00  3.4959840e-12  2.3771414e+00
1.766860000e+01  0.0000000e+00  3.4168940e-12  2.2944467e+00
1.773400000e+01  0.0000000e+00  3.4152193e-12  2.2952387e+00
1.779940000e+01  0.0000000e+00  3.3515552e-12  2.2389556e+00
1.786480000e+01  0.0000000e+00  3.3176248e-12  2.2068834e+00
1.793020000e+01  0.0000000e+00  3.3115993e-12  2.2039743e+00
1.799560000e+01  0.0000000e+00  3.3223560e-12  2.2157717e+00
1.806100000e+01  0.0000000e+00  3.3027098e-12  2.1985280e+00
1.812640000e+01  0.0000000e+00  3.2721320e-12  2.1720824e+00
1.819180000e+01  0.0000000e+00  3.3156499e-12  2.2189870e+00
1.825720000e+01  0.0000000e+00  3.3317441e-12  2.2420650e+00
1.832260000e+01  0.0000000e+00  3.3222180e-12  2.2171347e+00
1.838800000e+01  0.0000000e+00  3.2448858e-12  2.1521374e+00
1.845340000e+01  0.0000000e+00  3.2304848e-12  2.1387528e+00
1.851880000e+01  0.0000000e+00  3.1883737e-12  2.1037521e+00
1.858420000e+01  0.0000000e+00  3.1687271e-12  2.0858082e+00
1.864960000e+01  0.0000000e+00  3.2189065e-12  2.1313127e+00
1.871500000e+01  0.0000000e+00  3.1448054e-12  2.0668928e+00
1.878040000e+01  0.0000000e+00  3.1125319e-12  2.0351099e+00
1.884580000e+01  0.0000000e+00  3.0983460e-12  2.0230825e+00
1.891120000e+01  0.0000000e+00  3.1096319e-12  2.0394377e+00
1.897660000e+01  0.0000000e+00  3.1640172e-12  2.0938730e+00
1.904200000e+01  0.0000000e+00  3.1343304e-12  2.0551706e+00
1.910740000e+01  0.0000000e+00  3.0715329e-12  2.0088855e+00
1.917280000e+01  0.0000000e+00  3.0601171e-12  1.9993511e+00
1.923820000e+01  0.0000000e+00  3.1198504e-12  2.0580477e+00
1.930360000e+01  0.0000000e+00  3.0975237e-12  2.0265052e+00
1.936900000e+01  0.0000000e+00  3.0995345e-12  2.0467607e+00
1.943440000e+01  0.0000000e+00  3.0215514e-12  1.9719233e+00
1.949980000e+01  0.0000000e+00  2.9819746e-12  1.9306309e+00
1.956520000e+01  0.0000000e+00  3.0087316e-12  1.9619676e+00
1.963060000e+01  0.0000000e+00  2.9762185e-12  1.9313086e+00
1.969600000e+01  0.0000000e+00  3.0023617e-12  1.9467536e+00
1.976140000e+01  0.0000000e+00  2.9939901e-12  1.9480000e+00
1.982680000e+01  0.0000000e+00  2.9687689e-12  1.9350630e+00
1.989220000e+01  0.0000000e+00  2.9853173e-12  1.9417569e+00
1.995760000e+01  0.0000000e+00  2.9403438e-12  1.9012534e+00
