# 3D spectroscopic simulation - Spatial binning of 5 (192 calculations)
# ------------------------------------------------------------------------
# Radiance spectrum
# NASA-GSFC Planetary Spectrum Generator (PSG) (Villanueva et al. 2018, 2022)
# Synthesized on Wed Apr  2 08:20:01 2025
# Doppler velocities [km/s] (vobs,vrot+vorb,vwidth,vrfl,vstr): -21.10000,0.00015,0.00000,-5.38848,0.00113
# ------------------------------------------------------------------------
# Spectra synthesized with the Planetary and Universal Model of Atmospheric Scattering (PUMAS, Villanueva et al. 2018, 2022)
# Multiple scattering method employing PSGDORT, NMAX:2 / LMAX:4 / gMAX:0.95
# Radiative transfer took 1.954 seconds
# ------------------------------------------------------------------------
# Spectral unit: Wavelength [um]
# Radiance unit: Spectral radiance [W/sr/m2/um]
# Wave/freq Total Noise Proxima-Cen-b
4.000000000e+00  0.0000000e+00  2.6604087e-12  4.0585332e-01
4.065400000e+00  0.0000000e+00  2.3104741e-12  3.0027509e-01
4.130800000e+00  0.0000000e+00  1.9956359e-12  2.1782265e-01
4.196200000e+00  0.0000000e+00  5.6516497e-13  1.5437106e-02
4.261600000e+00  0.0000000e+00  1.6258636e-13  1.2126438e-03
4.327000000e+00  0.0000000e+00  2.3028609e-13  2.4705150e-03
4.392400000e+00  0.0000000e+00  3.7613225e-13  6.7985937e-03
4.457800000e+00  0.0000000e+00  1.4203109e-12  1.0297718e-01
4.523200000e+00  0.0000000e+00  2.3984783e-12  3.1455529e-01
4.588600000e+00  0.0000000e+00  2.5460065e-12  3.5831008e-01
4.654000000e+00  0.0000000e+00  2.6296680e-12  3.8402999e-01
4.719400000e+00  0.0000000e+00  2.1138440e-12  2.4913728e-01
4.784800000e+00  0.0000000e+00  2.2993171e-12  2.9628471e-01
4.850200000e+00  0.0000000e+00  2.4422160e-12  3.3360920e-01
4.915600000e+00  0.0000000e+00  2.7747922e-12  4.3760879e-01
4.981000000e+00  0.0000000e+00  2.8385412e-12  4.6079380e-01
5.046400000e+00  0.0000000e+00  2.9145592e-12  4.9050212e-01
5.111800000e+00  0.0000000e+00  2.8852238e-12  4.8179253e-01
5.177200000e+00  0.0000000e+00  2.7845875e-12  4.5038535e-01
5.242600000e+00  0.0000000e+00  2.8550371e-12  4.7773691e-01
5.308000000e+00  0.0000000e+00  2.9432924e-12  5.1300111e-01
5.373400000e+00  0.0000000e+00  2.9034720e-12  5.0239905e-01
5.438800000e+00  0.0000000e+00  2.6491906e-12  4.1867696e-01
5.504200000e+00  0.0000000e+00  2.8458312e-12  4.9042215e-01
5.569600000e+00  0.0000000e+00  2.5811837e-12  4.0497124e-01
5.635000000e+00  0.0000000e+00  2.5153919e-12  3.8842781e-01
5.700400000e+00  0.0000000e+00  2.4963352e-12  3.8660710e-01
5.765800000e+00  0.0000000e+00  2.4985552e-12  3.9173002e-01
5.831200000e+00  0.0000000e+00  2.5385762e-12  4.0899334e-01
5.896600000e+00  0.0000000e+00  2.4295123e-12  3.7850094e-01
5.962000000e+00  0.0000000e+00  2.4684271e-12  3.9497194e-01
6.027400000e+00  0.0000000e+00  2.5681998e-12  4.3218685e-01
6.092800000e+00  0.0000000e+00  2.5650218e-12  4.3569045e-01
6.158200000e+00  0.0000000e+00  2.7317887e-12  4.9979640e-01
6.223600000e+00  0.0000000e+00  3.1011025e-12  6.5224563e-01
6.289000000e+00  0.0000000e+00  3.3615559e-12  7.7638499e-01
6.354400000e+00  0.0000000e+00  2.8692138e-12  5.6848738e-01
6.419800000e+00  0.0000000e+00  2.7585969e-12  5.3048758e-01
6.485200000e+00  0.0000000e+00  2.7584188e-12  5.3568129e-01
6.550600000e+00  0.0000000e+00  2.8203966e-12  5.6548332e-01
6.616000000e+00  0.0000000e+00  2.8719286e-12  5.9198521e-01
6.681400000e+00  0.0000000e+00  3.2064742e-12  7.4551592e-01
6.746800000e+00  0.0000000e+00  3.6771831e-12  9.9275103e-01
6.812200000e+00  0.0000000e+00  3.4533688e-12  8.8186321e-01
6.877600000e+00  0.0000000e+00  3.6462153e-12  9.9307836e-01
6.943000000e+00  0.0000000e+00  3.8389618e-12  1.1122504e+00
7.008400000e+00  0.0000000e+00  3.9374790e-12  1.1813125e+00
7.073800000e+00  0.0000000e+00  4.2341050e-12  1.3824260e+00
7.139200000e+00  0.0000000e+00  3.9727225e-12  1.2233956e+00
7.204600000e+00  0.0000000e+00  4.3438541e-12  1.4815120e+00
7.270000000e+00  0.0000000e+00  4.3650599e-12  1.5087805e+00
7.335400000e+00  0.0000000e+00  4.4468158e-12  1.5802242e+00
7.400800000e+00  0.0000000e+00  4.7643455e-12  1.8385956e+00
7.466200000e+00  0.0000000e+00  4.6042212e-12  1.7252602e+00
7.531600000e+00  0.0000000e+00  4.9503294e-12  2.0233479e+00
7.597000000e+00  0.0000000e+00  4.7737299e-12  1.8892156e+00
7.662400000e+00  0.0000000e+00  5.0416851e-12  2.1352104e+00
7.727800000e+00  0.0000000e+00  5.0697057e-12  2.1764806e+00
7.793200000e+00  0.0000000e+00  5.0881284e-12  2.2097149e+00
7.858600000e+00  0.0000000e+00  5.0227481e-12  2.1666471e+00
7.924000000e+00  0.0000000e+00  5.1211339e-12  2.2735776e+00
7.989400000e+00  0.0000000e+00  5.2089714e-12  2.3745709e+00
8.054800000e+00  0.0000000e+00  5.2239297e-12  2.4063731e+00
8.120200000e+00  0.0000000e+00  5.2727023e-12  2.4720419e+00
8.185600000e+00  0.0000000e+00  5.2778552e-12  2.4949668e+00
8.251000000e+00  0.0000000e+00  5.2994811e-12  2.5349521e+00
8.316400000e+00  0.0000000e+00  5.3311864e-12  2.5859848e+00
8.381800000e+00  0.0000000e+00  5.3554259e-12  2.6301396e+00
8.447200000e+00  0.0000000e+00  5.3625957e-12  2.6569945e+00
8.512600000e+00  0.0000000e+00  5.3512891e-12  2.6649164e+00
8.578000000e+00  0.0000000e+00  5.3662868e-12  2.7010940e+00
8.643400000e+00  0.0000000e+00  5.3712681e-12  2.7267101e+00
8.708800000e+00  0.0000000e+00  5.3630276e-12  2.7384800e+00
8.774200000e+00  0.0000000e+00  5.3528899e-12  2.7480942e+00
8.839600000e+00  0.0000000e+00  5.3186586e-12  2.7332686e+00
8.905000000e+00  0.0000000e+00  5.3152684e-12  2.7491872e+00
8.970400000e+00  0.0000000e+00  5.3490903e-12  2.8044821e+00
9.035800000e+00  0.0000000e+00  5.4016166e-12  2.8799284e+00
9.101200000e+00  0.0000000e+00  5.4007396e-12  2.8994566e+00
9.166600000e+00  0.0000000e+00  5.3805892e-12  2.8983085e+00
9.232000000e+00  0.0000000e+00  5.3692824e-12  2.9058301e+00
9.297400000e+00  0.0000000e+00  5.3956766e-12  2.9538083e+00
9.362800000e+00  0.0000000e+00  4.9755324e-12  2.5315437e+00
9.428200000e+00  0.0000000e+00  3.4335030e-12  1.2127883e+00
9.493600000e+00  0.0000000e+00  2.8066599e-12  8.1046234e-01
9.559000000e+00  0.0000000e+00  3.9389787e-12  1.6190093e+00
9.624400000e+00  0.0000000e+00  3.0009798e-12  9.4132215e-01
9.689800000e+00  0.0000000e+00  3.4136224e-12  1.2327004e+00
9.755200000e+00  0.0000000e+00  3.4508544e-12  1.2672975e+00
9.820600000e+00  0.0000000e+00  3.8106330e-12  1.5574678e+00
9.886000000e+00  0.0000000e+00  4.3109467e-12  2.0061758e+00
9.951400000e+00  0.0000000e+00  4.8261740e-12  2.5288980e+00
1.001680000e+01  0.0000000e+00  5.1906631e-12  2.9415157e+00
1.008220000e+01  0.0000000e+00  5.4364672e-12  3.2456830e+00
1.014760000e+01  0.0000000e+00  5.5347308e-12  3.3842547e+00
1.021300000e+01  0.0000000e+00  5.5784391e-12  3.4586557e+00
1.027840000e+01  0.0000000e+00  5.5810784e-12  3.4830385e+00
1.034380000e+01  0.0000000e+00  5.5849348e-12  3.5097629e+00
1.040920000e+01  0.0000000e+00  5.5868644e-12  3.5341058e+00
1.047460000e+01  0.0000000e+00  5.5749459e-12  3.5400973e+00
1.054000000e+01  0.0000000e+00  5.5673226e-12  3.5517440e+00
1.060540000e+01  0.0000000e+00  5.5630834e-12  3.5680294e+00
1.067080000e+01  0.0000000e+00  5.5564413e-12  3.5810849e+00
1.073620000e+01  0.0000000e+00  5.5483059e-12  3.5921497e+00
1.080160000e+01  0.0000000e+00  5.5374042e-12  3.5993653e+00
1.086700000e+01  0.0000000e+00  5.5274069e-12  3.6077342e+00
1.093240000e+01  0.0000000e+00  5.5163425e-12  3.6145534e+00
1.099780000e+01  0.0000000e+00  5.5021644e-12  3.6169077e+00
1.106320000e+01  0.0000000e+00  5.4902870e-12  3.6225168e+00
1.112860000e+01  0.0000000e+00  5.4759514e-12  3.6245388e+00
1.119400000e+01  0.0000000e+00  5.4614648e-12  3.6261866e+00
1.125940000e+01  0.0000000e+00  5.4434801e-12  3.6227587e+00
1.132480000e+01  0.0000000e+00  5.4306646e-12  3.6264695e+00
1.139020000e+01  0.0000000e+00  5.4156448e-12  3.6268978e+00
1.145560000e+01  0.0000000e+00  5.3999423e-12  3.6261752e+00
1.152100000e+01  0.0000000e+00  5.3849509e-12  3.6263175e+00
1.158640000e+01  0.0000000e+00  5.3685646e-12  3.6243266e+00
1.165180000e+01  0.0000000e+00  5.3521671e-12  3.6221577e+00
1.171720000e+01  0.0000000e+00  5.3298301e-12  3.6112690e+00
1.178260000e+01  0.0000000e+00  5.3164987e-12  3.6131888e+00
1.184800000e+01  0.0000000e+00  5.3011231e-12  3.6120139e+00
1.191340000e+01  0.0000000e+00  5.2829832e-12  3.6066858e+00
1.197880000e+01  0.0000000e+00  5.2664273e-12  3.6034740e+00
1.204420000e+01  0.0000000e+00  5.2482002e-12  3.5976858e+00
1.210960000e+01  0.0000000e+00  5.2281849e-12  3.5891451e+00
1.217500000e+01  0.0000000e+00  5.2113749e-12  3.5851233e+00
1.224040000e+01  0.0000000e+00  5.1915749e-12  3.5765793e+00
1.230580000e+01  0.0000000e+00  5.1700631e-12  3.5653985e+00
1.237120000e+01  0.0000000e+00  5.1473221e-12  3.5523424e+00
1.243660000e+01  0.0000000e+00  5.1258310e-12  3.5408874e+00
1.250200000e+01  0.0000000e+00  5.0975157e-12  3.5195426e+00
1.256740000e+01  0.0000000e+00  5.0777808e-12  3.5101749e+00
1.263280000e+01  0.0000000e+00  5.0000653e-12  3.4187889e+00
1.269820000e+01  0.0000000e+00  5.0463150e-12  3.5031658e+00
1.276360000e+01  0.0000000e+00  5.0132419e-12  3.4744955e+00
1.282900000e+01  0.0000000e+00  4.9906648e-12  3.4607072e+00
1.289440000e+01  0.0000000e+00  4.9656464e-12  3.4431984e+00
1.295980000e+01  0.0000000e+00  4.9316698e-12  3.4130873e+00
1.302520000e+01  0.0000000e+00  4.9063219e-12  3.3944123e+00
1.309060000e+01  0.0000000e+00  4.8614176e-12  3.3485638e+00
1.315600000e+01  0.0000000e+00  4.8206725e-12  3.3074883e+00
1.322140000e+01  0.0000000e+00  4.7319079e-12  3.2006765e+00
1.328680000e+01  0.0000000e+00  4.6633085e-12  3.1218836e+00
1.335220000e+01  0.0000000e+00  4.5509822e-12  2.9859519e+00
1.341760000e+01  0.0000000e+00  4.4479598e-12  2.8647112e+00
1.348300000e+01  0.0000000e+00  4.0777172e-12  2.4159057e+00
1.354840000e+01  0.0000000e+00  4.1780528e-12  2.5496801e+00
1.361380000e+01  0.0000000e+00  4.1103773e-12  2.4793210e+00
1.367920000e+01  0.0000000e+00  4.0779717e-12  2.4525856e+00
1.374460000e+01  0.0000000e+00  4.1537660e-12  2.5573327e+00
1.381000000e+01  0.0000000e+00  4.0570665e-12  2.4518973e+00
1.387540000e+01  0.0000000e+00  3.1768072e-12  1.5052000e+00
1.394080000e+01  0.0000000e+00  3.8045035e-12  2.1742990e+00
1.400620000e+01  0.0000000e+00  3.7245670e-12  2.0925273e+00
1.407160000e+01  0.0000000e+00  3.5918038e-12  1.9547566e+00
1.413700000e+01  0.0000000e+00  3.4349644e-12  1.7946540e+00
1.420240000e+01  0.0000000e+00  3.2250867e-12  1.5884240e+00
1.426780000e+01  0.0000000e+00  3.0548757e-12  1.4309620e+00
1.433320000e+01  0.0000000e+00  2.9245969e-12  1.3169718e+00
1.439860000e+01  0.0000000e+00  2.7534486e-12  1.1719629e+00
1.446400000e+01  0.0000000e+00  2.6983089e-12  1.1304607e+00
1.452940000e+01  0.0000000e+00  2.6458490e-12  1.0917196e+00
1.459480000e+01  0.0000000e+00  2.5805127e-12  1.0430050e+00
1.466020000e+01  0.0000000e+00  2.5628902e-12  1.0334010e+00
1.472560000e+01  0.0000000e+00  2.5512883e-12  1.0286073e+00
1.479100000e+01  0.0000000e+00  2.5151073e-12  1.0040192e+00
1.485640000e+01  0.0000000e+00  2.5236386e-12  1.0153435e+00
1.492180000e+01  0.0000000e+00  2.4818525e-12  9.8624349e-01
1.498720000e+01  0.0000000e+00  2.4100694e-12  9.3406136e-01
1.505260000e+01  0.0000000e+00  2.5000800e-12  1.0096178e+00
1.511800000e+01  0.0000000e+00  2.4938726e-12  1.0089743e+00
1.518340000e+01  0.0000000e+00  2.5163761e-12  1.0317481e+00
1.524880000e+01  0.0000000e+00  2.5141294e-12  1.0343491e+00
1.531420000e+01  0.0000000e+00  2.4994106e-12  1.0266274e+00
1.537960000e+01  0.0000000e+00  2.4864306e-12  1.0203352e+00
1.544500000e+01  0.0000000e+00  2.5589043e-12  1.0854432e+00
1.551040000e+01  0.0000000e+00  2.5690485e-12  1.0987257e+00
1.557580000e+01  0.0000000e+00  2.6284252e-12  1.1551478e+00
1.564120000e+01  0.0000000e+00  2.7088073e-12  1.2323844e+00
1.570660000e+01  0.0000000e+00  2.7342303e-12  1.2609998e+00
1.577200000e+01  0.0000000e+00  2.8150052e-12  1.3425718e+00
1.583740000e+01  0.0000000e+00  2.9369574e-12  1.4681664e+00
1.590280000e+01  0.0000000e+00  3.0311863e-12  1.5707160e+00
1.596820000e+01  0.0000000e+00  3.1993219e-12  1.7578016e+00
1.603360000e+01  0.0000000e+00  3.2600578e-12  1.8329365e+00
1.609900000e+01  0.0000000e+00  3.5343649e-12  2.1647535e+00
1.616440000e+01  0.0000000e+00  3.0469269e-12  1.6131396e+00
1.622980000e+01  0.0000000e+00  3.1427937e-12  1.7236528e+00
1.629520000e+01  0.0000000e+00  3.4510623e-12  2.0886479e+00
1.636060000e+01  0.0000000e+00  3.5490627e-12  2.2185756e+00
1.642600000e+01  0.0000000e+00  3.4149234e-12  2.0613928e+00
1.649140000e+01  0.0000000e+00  3.5241368e-12  2.2049590e+00
1.655680000e+01  0.0000000e+00  3.4462661e-12  2.1162584e+00
1.662220000e+01  0.0000000e+00  3.5795989e-12  2.2932087e+00
1.668760000e+01  0.0000000e+00  3.5216523e-12  2.2278636e+00
1.675300000e+01  0.0000000e+00  3.4122950e-12  2.0993258e+00
1.681840000e+01  0.0000000e+00  3.5675603e-12  2.3048301e+00
1.688380000e+01  0.0000000e+00  3.5971276e-12  2.3523908e+00
1.694920000e+01  0.0000000e+00  3.6430979e-12  2.4236256e+00
1.701460000e+01  0.0000000e+00  3.6593196e-12  2.4552821e+00
1.708000000e+01  0.0000000e+00  3.6728980e-12  2.4835820e+00
1.714540000e+01  0.0000000e+00  3.6736248e-12  2.4944715e+00
1.721080000e+01  0.0000000e+00  3.6032055e-12  2.4068057e+00
1.727620000e+01  0.0000000e+00  3.6883022e-12  2.5349402e+00
1.734160000e+01  0.0000000e+00  3.6060134e-12  2.4298930e+00
1.740700000e+01  0.0000000e+00  3.6621469e-12  2.5184122e+00
1.747240000e+01  0.0000000e+00  3.6430384e-12  2.5014773e+00
1.753780000e+01  0.0000000e+00  3.5933318e-12  2.4413961e+00
1.760320000e+01  0.0000000e+00  3.5563393e-12  2.3995041e+00
1.766860000e+01  0.0000000e+00  3.5723348e-12  2.4315517e+00
1.773400000e+01  0.0000000e+00  3.5370736e-12  2.3918440e+00
1.779940000e+01  0.0000000e+00  3.5656262e-12  2.4417019e+00
1.786480000e+01  0.0000000e+00  3.5510081e-12  2.4308350e+00
1.793020000e+01  0.0000000e+00  3.5313049e-12  2.4125969e+00
1.799560000e+01  0.0000000e+00  3.4976677e-12  2.3746249e+00
1.806100000e+01  0.0000000e+00  3.4811842e-12  2.3608783e+00
1.812640000e+01  0.0000000e+00  3.4765177e-12  2.3637330e+00
1.819180000e+01  0.0000000e+00  3.4291185e-12  2.3064357e+00
1.825720000e+01  0.0000000e+00  3.4011901e-12  2.2765923e+00
1.832260000e+01  0.0000000e+00  3.3123889e-12  2.1646959e+00
1.838800000e+01  0.0000000e+00  3.3950210e-12  2.2858621e+00
1.845340000e+01  0.0000000e+00  3.3628968e-12  2.2500559e+00
1.851880000e+01  0.0000000e+00  3.3753974e-12  2.2762653e+00
1.858420000e+01  0.0000000e+00  3.3602884e-12  2.2639636e+00
1.864960000e+01  0.0000000e+00  3.2798517e-12  2.1615838e+00
1.871500000e+01  0.0000000e+00  3.3273655e-12  2.2353808e+00
1.878040000e+01  0.0000000e+00  3.3130102e-12  2.2240117e+00
1.884580000e+01  0.0000000e+00  3.2968393e-12  2.2100016e+00
1.891120000e+01  0.0000000e+00  3.2784297e-12  2.1926835e+00
1.897660000e+01  0.0000000e+00  3.2111334e-12  2.1083367e+00
1.904200000e+01  0.0000000e+00  3.1671435e-12  2.0571489e+00
1.910740000e+01  0.0000000e+00  3.2326531e-12  2.1537866e+00
1.917280000e+01  0.0000000e+00  3.2160938e-12  2.1389302e+00
1.923820000e+01  0.0000000e+00  3.1322849e-12  2.0328570e+00
1.930360000e+01  0.0000000e+00  3.0725427e-12  1.9614060e+00
1.936900000e+01  0.0000000e+00  3.1129206e-12  2.0217428e+00
1.943440000e+01  0.0000000e+00  3.1534439e-12  2.0842081e+00
1.949980000e+01  0.0000000e+00  3.1397861e-12  2.0732496e+00
1.956520000e+01  0.0000000e+00  3.1104718e-12  2.0407133e+00
1.963060000e+01  0.0000000e+00  3.1065574e-12  2.0429357e+00
1.969600000e+01  0.0000000e+00  3.0130897e-12  1.9253070e+00
1.976140000e+01  0.0000000e+00  3.0241331e-12  1.9467121e+00
1.982680000e+01  0.0000000e+00  3.0538866e-12  1.9936178e+00
1.989220000e+01  0.0000000e+00  2.9651386e-12  1.8829041e+00
1.995760000e+01  0.0000000e+00  2.9954368e-12  1.9295310e+00
