# 3D spectroscopic simulation - Spatial binning of 5 (194 calculations)
# ------------------------------------------------------------------------
# Radiance spectrum
# NASA-GSFC Planetary Spectrum Generator (PSG) (Villanueva et al. 2018, 2022)
# Synthesized on Thu Jan 30 18:34:55 2025
# Doppler velocities [km/s] (vobs,vrot+vorb,vwidth,vrfl,vstr): -21.10000,0.00034,0.00000,0.00000,0.00124
# ------------------------------------------------------------------------
# Spectra synthesized with the Planetary and Universal Model of Atmospheric Scattering (PUMAS, Villanueva et al. 2018, 2022)
# Multiple scattering method employing PSGDORT, NMAX:2 / LMAX:4 / gMAX:0.95
# Radiative transfer took 4.967 seconds
# ------------------------------------------------------------------------
# Spectral unit: Wavelength [um]
# Radiance unit: Spectral radiance [W/sr/m2/um]
# Wave/freq Total Noise Proxima-Cen-b
4.000000000e+00  0.0000000e+00  2.2863435e-12  4.5993407e-01
4.065400000e+00  0.0000000e+00  2.1748692e-12  3.6621240e-01
4.130800000e+00  0.0000000e+00  2.0888831e-12  3.0110943e-01
4.196200000e+00  0.0000000e+00  8.0875272e-13  3.6723962e-02
4.261600000e+00  0.0000000e+00  1.5294759e-13  1.0720960e-03
4.327000000e+00  0.0000000e+00  1.9895371e-13  1.8541090e-03
4.392400000e+00  0.0000000e+00  4.4956848e-13  1.0450094e-02
4.457800000e+00  0.0000000e+00  1.8387804e-12  1.8522376e-01
4.523200000e+00  0.0000000e+00  2.1245100e-12  3.2224084e-01
4.588600000e+00  0.0000000e+00  2.0565627e-12  3.3595005e-01
4.654000000e+00  0.0000000e+00  2.0481779e-12  3.4358717e-01
4.719400000e+00  0.0000000e+00  1.9200010e-12  2.8631588e-01
4.784800000e+00  0.0000000e+00  2.0816060e-12  3.1268277e-01
4.850200000e+00  0.0000000e+00  2.2586478e-12  3.3288917e-01
4.915600000e+00  0.0000000e+00  2.1796415e-12  3.6509808e-01
4.981000000e+00  0.0000000e+00  2.1752368e-12  3.6832143e-01
5.046400000e+00  0.0000000e+00  2.1794566e-12  3.7764008e-01
5.111800000e+00  0.0000000e+00  2.2648902e-12  3.7506233e-01
5.177200000e+00  0.0000000e+00  2.3543697e-12  3.6914396e-01
5.242600000e+00  0.0000000e+00  2.4199172e-12  3.8882923e-01
5.308000000e+00  0.0000000e+00  2.4249325e-12  4.0328315e-01
5.373400000e+00  0.0000000e+00  2.4888697e-12  4.1094026e-01
5.438800000e+00  0.0000000e+00  2.5536694e-12  4.0722930e-01
5.504200000e+00  0.0000000e+00  2.6386209e-12  4.4753939e-01
5.569600000e+00  0.0000000e+00  2.5840578e-12  4.1706056e-01
5.635000000e+00  0.0000000e+00  2.5459665e-12  4.0555112e-01
5.700400000e+00  0.0000000e+00  2.5445782e-12  4.0871276e-01
5.765800000e+00  0.0000000e+00  2.5331663e-12  4.0817586e-01
5.831200000e+00  0.0000000e+00  2.5747400e-12  4.2708158e-01
5.896600000e+00  0.0000000e+00  2.4174182e-12  3.7988502e-01
5.962000000e+00  0.0000000e+00  2.4491504e-12  3.9423111e-01
6.027400000e+00  0.0000000e+00  2.5777816e-12  4.3964161e-01
6.092800000e+00  0.0000000e+00  2.5555117e-12  4.3720938e-01
6.158200000e+00  0.0000000e+00  2.7706820e-12  5.1957403e-01
6.223600000e+00  0.0000000e+00  3.2021321e-12  7.0003612e-01
6.289000000e+00  0.0000000e+00  3.4652136e-12  8.3194858e-01
6.354400000e+00  0.0000000e+00  2.9075797e-12  5.8972578e-01
6.419800000e+00  0.0000000e+00  2.7438570e-12  5.3205379e-01
6.485200000e+00  0.0000000e+00  2.6875596e-12  5.1712009e-01
6.550600000e+00  0.0000000e+00  2.7236007e-12  5.3684472e-01
6.616000000e+00  0.0000000e+00  2.7638915e-12  5.5751241e-01
6.681400000e+00  0.0000000e+00  3.1936522e-12  7.4973516e-01
6.746800000e+00  0.0000000e+00  3.6765590e-12  1.0118425e+00
6.812200000e+00  0.0000000e+00  3.4200161e-12  8.7970593e-01
6.877600000e+00  0.0000000e+00  3.5805172e-12  9.7716521e-01
6.943000000e+00  0.0000000e+00  3.6851519e-12  1.0498858e+00
7.008400000e+00  0.0000000e+00  3.7714036e-12  1.1191892e+00
7.073800000e+00  0.0000000e+00  3.8532567e-12  1.1970413e+00
7.139200000e+00  0.0000000e+00  3.7864637e-12  1.1455334e+00
7.204600000e+00  0.0000000e+00  3.9032656e-12  1.2535574e+00
7.270000000e+00  0.0000000e+00  3.9205809e-12  1.2740232e+00
7.335400000e+00  0.0000000e+00  3.9251744e-12  1.2904682e+00
7.400800000e+00  0.0000000e+00  3.7658920e-12  1.2539195e+00
7.466200000e+00  0.0000000e+00  3.9710289e-12  1.3559339e+00
7.531600000e+00  0.0000000e+00  3.6573052e-12  1.2502854e+00
7.597000000e+00  0.0000000e+00  4.0157370e-12  1.4329577e+00
7.662400000e+00  0.0000000e+00  3.6017004e-12  1.2530425e+00
7.727800000e+00  0.0000000e+00  3.6808998e-12  1.3072819e+00
7.793200000e+00  0.0000000e+00  3.7449545e-12  1.3503821e+00
7.858600000e+00  0.0000000e+00  3.9388585e-12  1.4529710e+00
7.924000000e+00  0.0000000e+00  3.8407281e-12  1.4257514e+00
7.989400000e+00  0.0000000e+00  3.6813116e-12  1.3637105e+00
8.054800000e+00  0.0000000e+00  3.7496623e-12  1.4119102e+00
8.120200000e+00  0.0000000e+00  3.6854879e-12  1.3992321e+00
8.185600000e+00  0.0000000e+00  3.7985753e-12  1.4707665e+00
8.251000000e+00  0.0000000e+00  3.8217818e-12  1.4972000e+00
8.316400000e+00  0.0000000e+00  3.7843278e-12  1.4913969e+00
8.381800000e+00  0.0000000e+00  3.7740661e-12  1.5009178e+00
8.447200000e+00  0.0000000e+00  3.8169033e-12  1.5355283e+00
8.512600000e+00  0.0000000e+00  3.9109075e-12  1.5984021e+00
8.578000000e+00  0.0000000e+00  3.8643665e-12  1.5846711e+00
8.643400000e+00  0.0000000e+00  3.8498454e-12  1.5884304e+00
8.708800000e+00  0.0000000e+00  3.8802092e-12  1.6160684e+00
8.774200000e+00  0.0000000e+00  3.9170555e-12  1.6477880e+00
8.839600000e+00  0.0000000e+00  3.9107907e-12  1.6506350e+00
8.905000000e+00  0.0000000e+00  3.9430714e-12  1.6824451e+00
8.970400000e+00  0.0000000e+00  3.9371331e-12  1.6955847e+00
9.035800000e+00  0.0000000e+00  3.9621471e-12  1.7306966e+00
9.101200000e+00  0.0000000e+00  3.9759101e-12  1.7508764e+00
9.166600000e+00  0.0000000e+00  4.0253460e-12  1.7906432e+00
9.232000000e+00  0.0000000e+00  4.1222513e-12  1.8627877e+00
9.297400000e+00  0.0000000e+00  4.1828503e-12  1.9174843e+00
9.362800000e+00  0.0000000e+00  4.1297525e-12  1.8520848e+00
9.428200000e+00  0.0000000e+00  3.7490160e-12  1.4879281e+00
9.493600000e+00  0.0000000e+00  3.3746966e-12  1.2039167e+00
9.559000000e+00  0.0000000e+00  3.7981208e-12  1.5678217e+00
9.624400000e+00  0.0000000e+00  3.4321367e-12  1.2703605e+00
9.689800000e+00  0.0000000e+00  3.7245169e-12  1.5066522e+00
9.755200000e+00  0.0000000e+00  3.7598689e-12  1.5451033e+00
9.820600000e+00  0.0000000e+00  3.9132218e-12  1.6920477e+00
9.886000000e+00  0.0000000e+00  4.0557362e-12  1.8458524e+00
9.951400000e+00  0.0000000e+00  4.1462684e-12  1.9654128e+00
1.001680000e+01  0.0000000e+00  4.1728319e-12  2.0296343e+00
1.008220000e+01  0.0000000e+00  4.1657815e-12  2.0631568e+00
1.014760000e+01  0.0000000e+00  4.1771467e-12  2.0976349e+00
1.021300000e+01  0.0000000e+00  4.2019150e-12  2.1378285e+00
1.027840000e+01  0.0000000e+00  4.2283312e-12  2.1698681e+00
1.034380000e+01  0.0000000e+00  4.1769402e-12  2.1459786e+00
1.040920000e+01  0.0000000e+00  4.1260083e-12  2.1233841e+00
1.047460000e+01  0.0000000e+00  4.1834590e-12  2.1733500e+00
1.054000000e+01  0.0000000e+00  4.1956836e-12  2.1933670e+00
1.060540000e+01  0.0000000e+00  4.1803175e-12  2.1935524e+00
1.067080000e+01  0.0000000e+00  4.1561576e-12  2.1873748e+00
1.073620000e+01  0.0000000e+00  4.1303504e-12  2.1795974e+00
1.080160000e+01  0.0000000e+00  4.1186044e-12  2.1819754e+00
1.086700000e+01  0.0000000e+00  4.1070207e-12  2.1837432e+00
1.093240000e+01  0.0000000e+00  4.0986683e-12  2.1873589e+00
1.099780000e+01  0.0000000e+00  4.1075951e-12  2.2047538e+00
1.106320000e+01  0.0000000e+00  4.0887613e-12  2.1988198e+00
1.112860000e+01  0.0000000e+00  4.0835862e-12  2.2039723e+00
1.119400000e+01  0.0000000e+00  4.0779548e-12  2.2087192e+00
1.125940000e+01  0.0000000e+00  4.0882155e-12  2.2261537e+00
1.132480000e+01  0.0000000e+00  4.0723558e-12  2.2224398e+00
1.139020000e+01  0.0000000e+00  4.0659158e-12  2.2261468e+00
1.145560000e+01  0.0000000e+00  4.0621590e-12  2.2319644e+00
1.152100000e+01  0.0000000e+00  4.0524201e-12  2.2327374e+00
1.158640000e+01  0.0000000e+00  4.0472397e-12  2.2368606e+00
1.165180000e+01  0.0000000e+00  4.0385820e-12  2.2382376e+00
1.171720000e+01  0.0000000e+00  4.0708737e-12  2.2753650e+00
1.178260000e+01  0.0000000e+00  4.0378363e-12  2.2546569e+00
1.184800000e+01  0.0000000e+00  4.0191957e-12  2.2468660e+00
1.191340000e+01  0.0000000e+00  4.0185526e-12  2.2547992e+00
1.197880000e+01  0.0000000e+00  4.0045143e-12  2.2506721e+00
1.204420000e+01  0.0000000e+00  4.0047353e-12  2.2584292e+00
1.210960000e+01  0.0000000e+00  4.0069839e-12  2.2686096e+00
1.217500000e+01  0.0000000e+00  3.9942245e-12  2.2646259e+00
1.224040000e+01  0.0000000e+00  4.0004203e-12  2.2769474e+00
1.230580000e+01  0.0000000e+00  4.0136082e-12  2.2954317e+00
1.237120000e+01  0.0000000e+00  4.0234008e-12  2.3105295e+00
1.243660000e+01  0.0000000e+00  4.0296459e-12  2.3237952e+00
1.250200000e+01  0.0000000e+00  4.0435730e-12  2.3441073e+00
1.256740000e+01  0.0000000e+00  4.0375007e-12  2.3472778e+00
1.263280000e+01  0.0000000e+00  4.2685216e-12  2.5607126e+00
1.269820000e+01  0.0000000e+00  3.9516260e-12  2.2838701e+00
1.276360000e+01  0.0000000e+00  3.9826343e-12  2.3177688e+00
1.282900000e+01  0.0000000e+00  3.9817049e-12  2.3234351e+00
1.289440000e+01  0.0000000e+00  3.9862634e-12  2.3344935e+00
1.295980000e+01  0.0000000e+00  4.0168345e-12  2.3678035e+00
1.302520000e+01  0.0000000e+00  4.0558038e-12  2.4126460e+00
1.309060000e+01  0.0000000e+00  4.1041878e-12  2.4647653e+00
1.315600000e+01  0.0000000e+00  4.2056579e-12  2.5751514e+00
1.322140000e+01  0.0000000e+00  4.3274404e-12  2.7110986e+00
1.328680000e+01  0.0000000e+00  4.3810053e-12  2.7780567e+00
1.335220000e+01  0.0000000e+00  4.4122518e-12  2.8196353e+00
1.341760000e+01  0.0000000e+00  4.4090879e-12  2.8233540e+00
1.348300000e+01  0.0000000e+00  4.2222464e-12  2.5961292e+00
1.354840000e+01  0.0000000e+00  4.3362588e-12  2.7523627e+00
1.361380000e+01  0.0000000e+00  4.2656327e-12  2.6757351e+00
1.367920000e+01  0.0000000e+00  4.2453098e-12  2.6634129e+00
1.374460000e+01  0.0000000e+00  4.3090387e-12  2.7574931e+00
1.381000000e+01  0.0000000e+00  4.2614101e-12  2.7108410e+00
1.387540000e+01  0.0000000e+00  3.2037720e-12  1.5332002e+00
1.394080000e+01  0.0000000e+00  4.0288288e-12  2.4453584e+00
1.400620000e+01  0.0000000e+00  3.9209380e-12  2.3260632e+00
1.407160000e+01  0.0000000e+00  3.7749007e-12  2.1662143e+00
1.413700000e+01  0.0000000e+00  3.5447650e-12  1.9168744e+00
1.420240000e+01  0.0000000e+00  3.2541187e-12  1.6208341e+00
1.426780000e+01  0.0000000e+00  3.0103870e-12  1.3917472e+00
1.433320000e+01  0.0000000e+00  2.8308050e-12  1.2350083e+00
1.439860000e+01  0.0000000e+00  2.6142867e-12  1.0566478e+00
1.446400000e+01  0.0000000e+00  2.5493154e-12  1.0090615e+00
1.452940000e+01  0.0000000e+00  2.4940595e-12  9.6998253e-01
1.459480000e+01  0.0000000e+00  2.4558345e-12  9.4468276e-01
1.466020000e+01  0.0000000e+00  2.4442084e-12  9.3994731e-01
1.472560000e+01  0.0000000e+00  2.4392920e-12  9.4037265e-01
1.479100000e+01  0.0000000e+00  2.4232691e-12  9.3216936e-01
1.485640000e+01  0.0000000e+00  2.4224284e-12  9.3564083e-01
1.492180000e+01  0.0000000e+00  2.4052620e-12  9.2645166e-01
1.498720000e+01  0.0000000e+00  2.3493408e-12  8.8764643e-01
1.505260000e+01  0.0000000e+00  2.4066541e-12  9.3570116e-01
1.511800000e+01  0.0000000e+00  2.3995761e-12  9.3420368e-01
1.518340000e+01  0.0000000e+00  2.4089056e-12  9.4558240e-01
1.524880000e+01  0.0000000e+00  2.4046461e-12  9.4629006e-01
1.531420000e+01  0.0000000e+00  2.3972668e-12  9.4451069e-01
1.537960000e+01  0.0000000e+00  2.3845614e-12  9.3846089e-01
1.544500000e+01  0.0000000e+00  2.4307311e-12  9.7937428e-01
1.551040000e+01  0.0000000e+00  2.4382738e-12  9.8967476e-01
1.557580000e+01  0.0000000e+00  2.4981755e-12  1.0435650e+00
1.564120000e+01  0.0000000e+00  2.5924557e-12  1.1292431e+00
1.570660000e+01  0.0000000e+00  2.6393581e-12  1.1757061e+00
1.577200000e+01  0.0000000e+00  2.7501738e-12  1.2828026e+00
1.583740000e+01  0.0000000e+00  2.9227892e-12  1.4565845e+00
1.590280000e+01  0.0000000e+00  3.0570560e-12  1.6010468e+00
1.596820000e+01  0.0000000e+00  3.2803218e-12  1.8527129e+00
1.603360000e+01  0.0000000e+00  3.3497761e-12  1.9399704e+00
1.609900000e+01  0.0000000e+00  3.6486178e-12  2.3120179e+00
1.616440000e+01  0.0000000e+00  3.1077323e-12  1.6813916e+00
1.622980000e+01  0.0000000e+00  3.2134851e-12  1.8058829e+00
1.629520000e+01  0.0000000e+00  3.5659853e-12  2.2351962e+00
1.636060000e+01  0.0000000e+00  3.6563113e-12  2.3595449e+00
1.642600000e+01  0.0000000e+00  3.5151125e-12  2.1886721e+00
1.649140000e+01  0.0000000e+00  3.6098059e-12  2.3177650e+00
1.655680000e+01  0.0000000e+00  3.5255343e-12  2.2187763e+00
1.662220000e+01  0.0000000e+00  3.6170417e-12  2.3455201e+00
1.668760000e+01  0.0000000e+00  3.5616646e-12  2.2826846e+00
1.675300000e+01  0.0000000e+00  3.4862024e-12  2.1953162e+00
1.681840000e+01  0.0000000e+00  3.5461809e-12  2.2818875e+00
1.688380000e+01  0.0000000e+00  3.5232724e-12  2.2628606e+00
1.694920000e+01  0.0000000e+00  3.5048436e-12  2.2521751e+00
1.701460000e+01  0.0000000e+00  3.4869665e-12  2.2404573e+00
1.708000000e+01  0.0000000e+00  3.4391903e-12  2.1928171e+00
1.714540000e+01  0.0000000e+00  3.4118697e-12  2.1692521e+00
1.721080000e+01  0.0000000e+00  3.3835581e-12  2.1404827e+00
1.727620000e+01  0.0000000e+00  3.2959181e-12  2.0565478e+00
1.734160000e+01  0.0000000e+00  3.3036328e-12  2.0657063e+00
1.740700000e+01  0.0000000e+00  3.2066777e-12  1.9726242e+00
1.747240000e+01  0.0000000e+00  3.1910965e-12  1.9598891e+00
1.753780000e+01  0.0000000e+00  3.1922506e-12  1.9684362e+00
1.760320000e+01  0.0000000e+00  3.2133164e-12  1.9994193e+00
1.766860000e+01  0.0000000e+00  3.1095619e-12  1.8872538e+00
1.773400000e+01  0.0000000e+00  3.1096175e-12  1.8921222e+00
1.779940000e+01  0.0000000e+00  3.0319729e-12  1.8180112e+00
1.786480000e+01  0.0000000e+00  2.9931502e-12  1.7821724e+00
1.793020000e+01  0.0000000e+00  2.9932721e-12  1.7870163e+00
1.799560000e+01  0.0000000e+00  3.0150599e-12  1.8128034e+00
1.806100000e+01  0.0000000e+00  2.9948265e-12  1.7961748e+00
1.812640000e+01  0.0000000e+00  2.9625118e-12  1.7679466e+00
1.819180000e+01  0.0000000e+00  3.0347104e-12  1.8508668e+00
1.825720000e+01  0.0000000e+00  3.0646776e-12  1.8908540e+00
1.832260000e+01  0.0000000e+00  3.0839960e-12  1.9029918e+00
1.838800000e+01  0.0000000e+00  2.9663204e-12  1.7844027e+00
1.845340000e+01  0.0000000e+00  2.9434164e-12  1.7657879e+00
1.851880000e+01  0.0000000e+00  2.8926264e-12  1.7203874e+00
1.858420000e+01  0.0000000e+00  2.8748879e-12  1.7053320e+00
1.864960000e+01  0.0000000e+00  2.9554519e-12  1.7903863e+00
1.871500000e+01  0.0000000e+00  2.8596649e-12  1.6976779e+00
1.878040000e+01  0.0000000e+00  2.8225299e-12  1.6614540e+00
1.884580000e+01  0.0000000e+00  2.8107793e-12  1.6529873e+00
1.891120000e+01  0.0000000e+00  2.8319954e-12  1.6809370e+00
1.897660000e+01  0.0000000e+00  2.9198384e-12  1.7781652e+00
1.904200000e+01  0.0000000e+00  2.9017111e-12  1.7562781e+00
1.910740000e+01  0.0000000e+00  2.8001504e-12  1.6601350e+00
1.917280000e+01  0.0000000e+00  2.7923145e-12  1.6554288e+00
1.923820000e+01  0.0000000e+00  2.8951900e-12  1.7699562e+00
1.930360000e+01  0.0000000e+00  2.8868501e-12  1.7591575e+00
1.936900000e+01  0.0000000e+00  2.8777582e-12  1.7625399e+00
1.943440000e+01  0.0000000e+00  2.7712745e-12  1.6510388e+00
1.949980000e+01  0.0000000e+00  2.7212361e-12  1.5983870e+00
1.956520000e+01  0.0000000e+00  2.7692263e-12  1.6552094e+00
1.963060000e+01  0.0000000e+00  2.7276417e-12  1.6143501e+00
1.969600000e+01  0.0000000e+00  2.7836089e-12  1.6700891e+00
1.976140000e+01  0.0000000e+00  2.7703765e-12  1.6643159e+00
1.982680000e+01  0.0000000e+00  2.7390587e-12  1.6418775e+00
1.989220000e+01  0.0000000e+00  2.7870163e-12  1.6913457e+00
1.995760000e+01  0.0000000e+00  2.7227453e-12  1.6252440e+00
