# 3D spectroscopic simulation - Spatial binning of 5 (193 calculations)
# ------------------------------------------------------------------------
# Radiance spectrum
# NASA-GSFC Planetary Spectrum Generator (PSG) (Villanueva et al. 2018, 2022)
# Synthesized on Fri Jan 31 14:46:36 2025
# Doppler velocities [km/s] (vobs,vrot+vorb,vwidth,vrfl,vstr): -21.10000,0.00013,0.00000,-0.00000,0.00064
# ------------------------------------------------------------------------
# Spectra synthesized with the Planetary and Universal Model of Atmospheric Scattering (PUMAS, Villanueva et al. 2018, 2022)
# Multiple scattering method employing PSGDORT, NMAX:2 / LMAX:4 / gMAX:0.95
# Radiative transfer took 5.711 seconds
# ------------------------------------------------------------------------
# Spectral unit: Wavelength [um]
# Radiance unit: Spectral radiance [W/sr/m2/um]
# Wave/freq Total Noise Proxima-Cen-b
4.000000000e+00  0.0000000e+00  2.3296908e-13  1.6196653e-02
4.065400000e+00  0.0000000e+00  2.1412314e-13  1.1153830e-02
4.130800000e+00  0.0000000e+00  2.0706602e-13  1.0603236e-02
4.196200000e+00  0.0000000e+00  1.0757599e-13  2.1344652e-03
4.261600000e+00  0.0000000e+00  1.5517852e-13  1.1033250e-03
4.327000000e+00  0.0000000e+00  1.3317087e-13  1.0939831e-03
4.392400000e+00  0.0000000e+00  1.3393150e-13  1.7916616e-03
4.457800000e+00  0.0000000e+00  3.3331222e-13  1.8186167e-02
4.523200000e+00  0.0000000e+00  2.3092502e-13  1.5077194e-02
4.588600000e+00  0.0000000e+00  2.1729742e-13  1.4085779e-02
4.654000000e+00  0.0000000e+00  2.3429028e-13  1.6072930e-02
4.719400000e+00  0.0000000e+00  2.6020425e-13  1.7141150e-02
4.784800000e+00  0.0000000e+00  3.3685396e-13  2.5460411e-02
4.850200000e+00  0.0000000e+00  4.9750490e-13  4.1366431e-02
4.915600000e+00  0.0000000e+00  4.6569696e-13  3.9751974e-02
4.981000000e+00  0.0000000e+00  6.1302841e-13  5.5125559e-02
5.046400000e+00  0.0000000e+00  7.5683165e-13  7.2523390e-02
5.111800000e+00  0.0000000e+00  1.0084519e-12  1.0632000e-01
5.177200000e+00  0.0000000e+00  1.1821276e-12  1.3339405e-01
5.242600000e+00  0.0000000e+00  1.3467830e-12  1.6516759e-01
5.308000000e+00  0.0000000e+00  1.4703598e-12  1.9249372e-01
5.373400000e+00  0.0000000e+00  1.5684463e-12  2.1766432e-01
5.438800000e+00  0.0000000e+00  1.5425839e-12  2.1634525e-01
5.504200000e+00  0.0000000e+00  1.6902733e-12  2.5591404e-01
5.569600000e+00  0.0000000e+00  1.5329060e-12  2.1765687e-01
5.635000000e+00  0.0000000e+00  1.4980488e-12  2.0755523e-01
5.700400000e+00  0.0000000e+00  1.4978347e-12  2.0525679e-01
5.765800000e+00  0.0000000e+00  1.5332471e-12  2.1055514e-01
5.831200000e+00  0.0000000e+00  1.5844075e-12  2.2213515e-01
5.896600000e+00  0.0000000e+00  1.5057327e-12  1.9559693e-01
5.962000000e+00  0.0000000e+00  1.5695027e-12  2.0778121e-01
6.027400000e+00  0.0000000e+00  1.7032728e-12  2.4154579e-01
6.092800000e+00  0.0000000e+00  1.7061304e-12  2.4139079e-01
6.158200000e+00  0.0000000e+00  1.8782062e-12  2.9314183e-01
6.223600000e+00  0.0000000e+00  2.3296652e-12  4.4662049e-01
6.289000000e+00  0.0000000e+00  2.6426279e-12  5.7545544e-01
6.354400000e+00  0.0000000e+00  2.0458740e-12  3.4813055e-01
6.419800000e+00  0.0000000e+00  1.9358090e-12  3.0973426e-01
6.485200000e+00  0.0000000e+00  1.9209756e-12  3.0384376e-01
6.550600000e+00  0.0000000e+00  1.9786099e-12  3.2158204e-01
6.616000000e+00  0.0000000e+00  2.0460931e-12  3.4126383e-01
6.681400000e+00  0.0000000e+00  2.4318429e-12  4.8378976e-01
6.746800000e+00  0.0000000e+00  3.0016563e-12  7.3580642e-01
6.812200000e+00  0.0000000e+00  2.7336268e-12  6.0546158e-01
6.877600000e+00  0.0000000e+00  2.9697981e-12  7.1503565e-01
6.943000000e+00  0.0000000e+00  3.1978493e-12  8.3345025e-01
7.008400000e+00  0.0000000e+00  3.3017786e-12  8.9308770e-01
7.073800000e+00  0.0000000e+00  3.6215558e-12  1.0895049e+00
7.139200000e+00  0.0000000e+00  3.3511675e-12  9.2576478e-01
7.204600000e+00  0.0000000e+00  3.7438497e-12  1.1767714e+00
7.270000000e+00  0.0000000e+00  3.7674601e-12  1.1968453e+00
7.335400000e+00  0.0000000e+00  3.8519791e-12  1.2601169e+00
7.400800000e+00  0.0000000e+00  4.1054935e-12  1.4667414e+00
7.466200000e+00  0.0000000e+00  4.0106682e-12  1.3871258e+00
7.531600000e+00  0.0000000e+00  4.2471503e-12  1.6070106e+00
7.597000000e+00  0.0000000e+00  4.1867471e-12  1.5410016e+00
7.662400000e+00  0.0000000e+00  4.3147139e-12  1.6868276e+00
7.727800000e+00  0.0000000e+00  4.3679206e-12  1.7362410e+00
7.793200000e+00  0.0000000e+00  4.4080461e-12  1.7752834e+00
7.858600000e+00  0.0000000e+00  4.4061993e-12  1.7673399e+00
7.924000000e+00  0.0000000e+00  4.4732355e-12  1.8472068e+00
7.989400000e+00  0.0000000e+00  4.5078442e-12  1.9046519e+00
8.054800000e+00  0.0000000e+00  4.5403136e-12  1.9412945e+00
8.120200000e+00  0.0000000e+00  4.5640155e-12  1.9844093e+00
8.185600000e+00  0.0000000e+00  4.6032484e-12  2.0235435e+00
8.251000000e+00  0.0000000e+00  4.6290746e-12  2.0599318e+00
8.316400000e+00  0.0000000e+00  4.6469833e-12  2.0953103e+00
8.381800000e+00  0.0000000e+00  4.6723009e-12  2.1355496e+00
8.447200000e+00  0.0000000e+00  4.6948922e-12  2.1679076e+00
8.512600000e+00  0.0000000e+00  4.7217367e-12  2.1993766e+00
8.578000000e+00  0.0000000e+00  4.7329768e-12  2.2301713e+00
8.643400000e+00  0.0000000e+00  4.7428262e-12  2.2571211e+00
8.708800000e+00  0.0000000e+00  4.7578572e-12  2.2842687e+00
8.774200000e+00  0.0000000e+00  4.7712118e-12  2.3095100e+00
8.839600000e+00  0.0000000e+00  4.7694647e-12  2.3231048e+00
8.905000000e+00  0.0000000e+00  4.7826300e-12  2.3491776e+00
8.970400000e+00  0.0000000e+00  4.7986919e-12  2.3831962e+00
9.035800000e+00  0.0000000e+00  4.8279195e-12  2.4287000e+00
9.101200000e+00  0.0000000e+00  4.8382285e-12  2.4540748e+00
9.166600000e+00  0.0000000e+00  4.8536084e-12  2.4797835e+00
9.232000000e+00  0.0000000e+00  4.8853860e-12  2.5179745e+00
9.297400000e+00  0.0000000e+00  4.9116672e-12  2.5571014e+00
9.362800000e+00  0.0000000e+00  4.7793242e-12  2.4304519e+00
9.428200000e+00  0.0000000e+00  4.1174281e-12  1.7930480e+00
9.493600000e+00  0.0000000e+00  3.6271199e-12  1.3927578e+00
9.559000000e+00  0.0000000e+00  4.2834152e-12  1.9756005e+00
9.624400000e+00  0.0000000e+00  3.7586882e-12  1.5210270e+00
9.689800000e+00  0.0000000e+00  4.0887455e-12  1.8134526e+00
9.755200000e+00  0.0000000e+00  4.1259547e-12  1.8584832e+00
9.820600000e+00  0.0000000e+00  4.3384922e-12  2.0728899e+00
9.886000000e+00  0.0000000e+00  4.5729214e-12  2.3265839e+00
9.951400000e+00  0.0000000e+00  4.7631070e-12  2.5513541e+00
1.001680000e+01  0.0000000e+00  4.8761056e-12  2.7014439e+00
1.008220000e+01  0.0000000e+00  4.9422638e-12  2.8022766e+00
1.014760000e+01  0.0000000e+00  4.9740414e-12  2.8572260e+00
1.021300000e+01  0.0000000e+00  4.9947077e-12  2.8959048e+00
1.027840000e+01  0.0000000e+00  5.0028323e-12  2.9188763e+00
1.034380000e+01  0.0000000e+00  4.9886620e-12  2.9262071e+00
1.040920000e+01  0.0000000e+00  4.9736483e-12  2.9331774e+00
1.047460000e+01  0.0000000e+00  4.9870944e-12  2.9570599e+00
1.054000000e+01  0.0000000e+00  4.9865923e-12  2.9716673e+00
1.060540000e+01  0.0000000e+00  4.9803062e-12  2.9830712e+00
1.067080000e+01  0.0000000e+00  4.9684614e-12  2.9892081e+00
1.073620000e+01  0.0000000e+00  4.9538823e-12  2.9924087e+00
1.080160000e+01  0.0000000e+00  4.9416920e-12  2.9964197e+00
1.086700000e+01  0.0000000e+00  4.9313560e-12  3.0022612e+00
1.093240000e+01  0.0000000e+00  4.9211856e-12  3.0075158e+00
1.099780000e+01  0.0000000e+00  4.9138558e-12  3.0138808e+00
1.106320000e+01  0.0000000e+00  4.9001337e-12  3.0154028e+00
1.112860000e+01  0.0000000e+00  4.8886643e-12  3.0178321e+00
1.119400000e+01  0.0000000e+00  4.8771479e-12  3.0200969e+00
1.125940000e+01  0.0000000e+00  4.8672414e-12  3.0220042e+00
1.132480000e+01  0.0000000e+00  4.8546274e-12  3.0239646e+00
1.139020000e+01  0.0000000e+00  4.8426751e-12  3.0252808e+00
1.145560000e+01  0.0000000e+00  4.8309120e-12  3.0262985e+00
1.152100000e+01  0.0000000e+00  4.8182221e-12  3.0267499e+00
1.158640000e+01  0.0000000e+00  4.8057757e-12  3.0265118e+00
1.165180000e+01  0.0000000e+00  4.7920410e-12  3.0251033e+00
1.171720000e+01  0.0000000e+00  4.7851298e-12  3.0273501e+00
1.178260000e+01  0.0000000e+00  4.7673922e-12  3.0231544e+00
1.184800000e+01  0.0000000e+00  4.7522413e-12  3.0205809e+00
1.191340000e+01  0.0000000e+00  4.7398929e-12  3.0193068e+00
1.197880000e+01  0.0000000e+00  4.7248758e-12  3.0160169e+00
1.204420000e+01  0.0000000e+00  4.7135091e-12  3.0152219e+00
1.210960000e+01  0.0000000e+00  4.6997218e-12  3.0113132e+00
1.217500000e+01  0.0000000e+00  4.6863406e-12  3.0092885e+00
1.224040000e+01  0.0000000e+00  4.6759469e-12  3.0085179e+00
1.230580000e+01  0.0000000e+00  4.6655761e-12  3.0069770e+00
1.237120000e+01  0.0000000e+00  4.6534706e-12  3.0033965e+00
1.243660000e+01  0.0000000e+00  4.6407230e-12  2.9998112e+00
1.250200000e+01  0.0000000e+00  4.6224836e-12  2.9882561e+00
1.256740000e+01  0.0000000e+00  4.6057947e-12  2.9806492e+00
1.263280000e+01  0.0000000e+00  4.6260024e-12  2.9955472e+00
1.269820000e+01  0.0000000e+00  4.5681874e-12  2.9675177e+00
1.276360000e+01  0.0000000e+00  4.5555975e-12  2.9602227e+00
1.282900000e+01  0.0000000e+00  4.5446600e-12  2.9584856e+00
1.289440000e+01  0.0000000e+00  4.5321038e-12  2.9541316e+00
1.295980000e+01  0.0000000e+00  4.5265347e-12  2.9553923e+00
1.302520000e+01  0.0000000e+00  4.5200523e-12  2.9562372e+00
1.309060000e+01  0.0000000e+00  4.5058997e-12  2.9460281e+00
1.315600000e+01  0.0000000e+00  4.5035497e-12  2.9475984e+00
1.322140000e+01  0.0000000e+00  4.4794277e-12  2.9193409e+00
1.328680000e+01  0.0000000e+00  4.4405593e-12  2.8766487e+00
1.335220000e+01  0.0000000e+00  4.3707352e-12  2.7940293e+00
1.341760000e+01  0.0000000e+00  4.2975497e-12  2.7098784e+00
1.348300000e+01  0.0000000e+00  3.9713997e-12  2.3117804e+00
1.354840000e+01  0.0000000e+00  4.0751380e-12  2.4511422e+00
1.361380000e+01  0.0000000e+00  4.0094067e-12  2.3823457e+00
1.367920000e+01  0.0000000e+00  3.9931334e-12  2.3744660e+00
1.374460000e+01  0.0000000e+00  4.0643060e-12  2.4740465e+00
1.381000000e+01  0.0000000e+00  4.0105294e-12  2.4195418e+00
1.387540000e+01  0.0000000e+00  3.0602381e-12  1.3992439e+00
1.394080000e+01  0.0000000e+00  3.7525071e-12  2.1300775e+00
1.400620000e+01  0.0000000e+00  3.6519328e-12  2.0242329e+00
1.407160000e+01  0.0000000e+00  3.5220049e-12  1.8890285e+00
1.413700000e+01  0.0000000e+00  3.3349665e-12  1.6979267e+00
1.420240000e+01  0.0000000e+00  3.1023765e-12  1.4731681e+00
1.426780000e+01  0.0000000e+00  2.9048694e-12  1.2955127e+00
1.433320000e+01  0.0000000e+00  2.7530930e-12  1.1676711e+00
1.439860000e+01  0.0000000e+00  2.5722541e-12  1.0227214e+00
1.446400000e+01  0.0000000e+00  2.5172157e-12  9.8368880e-01
1.452940000e+01  0.0000000e+00  2.4721130e-12  9.5299956e-01
1.459480000e+01  0.0000000e+00  2.4412149e-12  9.3357315e-01
1.466020000e+01  0.0000000e+00  2.4311762e-12  9.3006321e-01
1.472560000e+01  0.0000000e+00  2.4264256e-12  9.3060180e-01
1.479100000e+01  0.0000000e+00  2.4113718e-12  9.2315090e-01
1.485640000e+01  0.0000000e+00  2.4107897e-12  9.2678878e-01
1.492180000e+01  0.0000000e+00  2.3941432e-12  9.1800452e-01
1.498720000e+01  0.0000000e+00  2.3494471e-12  8.8772774e-01
1.505260000e+01  0.0000000e+00  2.3950079e-12  9.2677885e-01
1.511800000e+01  0.0000000e+00  2.3882624e-12  9.2552259e-01
1.518340000e+01  0.0000000e+00  2.3962830e-12  9.3581263e-01
1.524880000e+01  0.0000000e+00  2.3921837e-12  9.3661768e-01
1.531420000e+01  0.0000000e+00  2.3845696e-12  9.3463654e-01
1.537960000e+01  0.0000000e+00  2.3729386e-12  9.2942343e-01
1.544500000e+01  0.0000000e+00  2.4086154e-12  9.6162034e-01
1.551040000e+01  0.0000000e+00  2.4145415e-12  9.7047737e-01
1.557580000e+01  0.0000000e+00  2.4628139e-12  1.0140532e+00
1.564120000e+01  0.0000000e+00  2.5398230e-12  1.0834956e+00
1.570660000e+01  0.0000000e+00  2.5779264e-12  1.1212171e+00
1.577200000e+01  0.0000000e+00  2.6682752e-12  1.2070723e+00
1.583740000e+01  0.0000000e+00  2.8063716e-12  1.3424655e+00
1.590280000e+01  0.0000000e+00  2.9136351e-12  1.4542922e+00
1.596820000e+01  0.0000000e+00  3.0915696e-12  1.6469846e+00
1.603360000e+01  0.0000000e+00  3.1532219e-12  1.7217206e+00
1.609900000e+01  0.0000000e+00  3.4265302e-12  2.0491102e+00
1.616440000e+01  0.0000000e+00  2.9476892e-12  1.5136721e+00
1.622980000e+01  0.0000000e+00  3.0413263e-12  1.6191629e+00
1.629520000e+01  0.0000000e+00  3.3433038e-12  1.9729109e+00
1.636060000e+01  0.0000000e+00  3.4389806e-12  2.0993034e+00
1.642600000e+01  0.0000000e+00  3.3084183e-12  1.9470823e+00
1.649140000e+01  0.0000000e+00  3.4113187e-12  2.0819780e+00
1.655680000e+01  0.0000000e+00  3.3349160e-12  1.9953687e+00
1.662220000e+01  0.0000000e+00  3.4558865e-12  2.1560381e+00
1.668760000e+01  0.0000000e+00  3.3991185e-12  2.0921719e+00
1.675300000e+01  0.0000000e+00  3.3042164e-12  1.9814059e+00
1.681840000e+01  0.0000000e+00  3.4237282e-12  2.1409604e+00
1.688380000e+01  0.0000000e+00  3.4219599e-12  2.1475654e+00
1.694920000e+01  0.0000000e+00  3.4740455e-12  2.2262487e+00
1.701460000e+01  0.0000000e+00  3.4845380e-12  2.2499977e+00
1.708000000e+01  0.0000000e+00  3.4788339e-12  2.2530400e+00
1.714540000e+01  0.0000000e+00  3.4730959e-12  2.2553226e+00
1.721080000e+01  0.0000000e+00  3.3720802e-12  2.1288107e+00
1.727620000e+01  0.0000000e+00  3.4572052e-12  2.2575671e+00
1.734160000e+01  0.0000000e+00  3.3688354e-12  2.1453243e+00
1.740700000e+01  0.0000000e+00  3.4135122e-12  2.2207979e+00
1.747240000e+01  0.0000000e+00  3.3950086e-12  2.2043388e+00
1.753780000e+01  0.0000000e+00  3.3422174e-12  2.1417748e+00
1.760320000e+01  0.0000000e+00  3.3123095e-12  2.1088717e+00
1.766860000e+01  0.0000000e+00  3.3137501e-12  2.1238188e+00
1.773400000e+01  0.0000000e+00  3.2751815e-12  2.0800144e+00
1.779940000e+01  0.0000000e+00  3.3029337e-12  2.1307158e+00
1.786480000e+01  0.0000000e+00  3.2836925e-12  2.1152555e+00
1.793020000e+01  0.0000000e+00  3.2687358e-12  2.1027920e+00
1.799560000e+01  0.0000000e+00  3.2425813e-12  2.0732800e+00
1.806100000e+01  0.0000000e+00  3.2266022e-12  2.0607439e+00
1.812640000e+01  0.0000000e+00  3.2234877e-12  2.0662834e+00
1.819180000e+01  0.0000000e+00  3.1939078e-12  2.0296253e+00
1.825720000e+01  0.0000000e+00  3.1749127e-12  2.0101518e+00
1.832260000e+01  0.0000000e+00  3.0855256e-12  1.8960086e+00
1.838800000e+01  0.0000000e+00  3.1645310e-12  2.0141776e+00
1.845340000e+01  0.0000000e+00  3.1219340e-12  1.9666284e+00
1.851880000e+01  0.0000000e+00  3.1360127e-12  1.9966079e+00
1.858420000e+01  0.0000000e+00  3.1230256e-12  1.9870462e+00
1.864960000e+01  0.0000000e+00  3.0517756e-12  1.8935039e+00
1.871500000e+01  0.0000000e+00  3.0967384e-12  1.9665883e+00
1.878040000e+01  0.0000000e+00  3.0790640e-12  1.9517227e+00
1.884580000e+01  0.0000000e+00  3.0655887e-12  1.9411527e+00
1.891120000e+01  0.0000000e+00  3.0558646e-12  1.9341037e+00
1.897660000e+01  0.0000000e+00  3.0041267e-12  1.8668125e+00
1.904200000e+01  0.0000000e+00  2.9558431e-12  1.8105467e+00
1.910740000e+01  0.0000000e+00  3.0153365e-12  1.9022708e+00
1.917280000e+01  0.0000000e+00  3.0009954e-12  1.8900705e+00
1.923820000e+01  0.0000000e+00  2.9306541e-12  1.7981374e+00
1.930360000e+01  0.0000000e+00  2.8692084e-12  1.7250177e+00
1.936900000e+01  0.0000000e+00  2.9180882e-12  1.7958660e+00
1.943440000e+01  0.0000000e+00  2.9493863e-12  1.8491925e+00
1.949980000e+01  0.0000000e+00  2.9278420e-12  1.8289926e+00
1.956520000e+01  0.0000000e+00  2.9090585e-12  1.8082029e+00
1.963060000e+01  0.0000000e+00  2.9052968e-12  1.8117327e+00
1.969600000e+01  0.0000000e+00  2.8140144e-12  1.6952424e+00
1.976140000e+01  0.0000000e+00  2.8308267e-12  1.7240315e+00
1.982680000e+01  0.0000000e+00  2.8660283e-12  1.7788374e+00
1.989220000e+01  0.0000000e+00  2.7815754e-12  1.6718290e+00
1.995760000e+01  0.0000000e+00  2.8087713e-12  1.7155014e+00
