# 3D spectroscopic simulation - Spatial binning of 5 (193 calculations)
# ------------------------------------------------------------------------
# Radiance spectrum
# NASA-GSFC Planetary Spectrum Generator (PSG) (Villanueva et al. 2018, 2022)
# Synthesized on Fri Jan 31 13:20:10 2025
# Doppler velocities [km/s] (vobs,vrot+vorb,vwidth,vrfl,vstr): -21.10000,-0.00010,0.00000,-14.82406,-0.00012
# ------------------------------------------------------------------------
# Spectra synthesized with the Planetary and Universal Model of Atmospheric Scattering (PUMAS, Villanueva et al. 2018, 2022)
# Multiple scattering method employing PSGDORT, NMAX:2 / LMAX:4 / gMAX:0.95
# Radiative transfer took 1.933 seconds
# ------------------------------------------------------------------------
# Spectral unit: Wavelength [um]
# Radiance unit: Spectral radiance [W/sr/m2/um]
# Wave/freq Total Noise Proxima-Cen-b
4.000000000e+00  0.0000000e+00  6.1000537e-12  1.7317756e+00
4.065400000e+00  0.0000000e+00  5.2720424e-12  1.3289463e+00
4.130800000e+00  0.0000000e+00  4.4667413e-12  9.8355725e-01
4.196200000e+00  0.0000000e+00  1.0553769e-12  5.7216443e-02
4.261600000e+00  0.0000000e+00  1.6463997e-13  1.2438197e-03
4.327000000e+00  0.0000000e+00  2.2563444e-13  2.3743688e-03
4.392400000e+00  0.0000000e+00  3.9267410e-13  7.5733718e-03
4.457800000e+00  0.0000000e+00  2.5493116e-12  3.4295682e-01
4.523200000e+00  0.0000000e+00  4.6695489e-12  1.1373495e+00
4.588600000e+00  0.0000000e+00  4.8467856e-12  1.2371511e+00
4.654000000e+00  0.0000000e+00  4.8629342e-12  1.2601911e+00
4.719400000e+00  0.0000000e+00  3.6781260e-12  7.3788856e-01
4.784800000e+00  0.0000000e+00  3.9019808e-12  8.3636643e-01
4.850200000e+00  0.0000000e+00  3.9988047e-12  8.8337838e-01
4.915600000e+00  0.0000000e+00  4.5134801e-12  1.1419161e+00
4.981000000e+00  0.0000000e+00  4.4709677e-12  1.1308758e+00
5.046400000e+00  0.0000000e+00  4.4761106e-12  1.1467883e+00
5.111800000e+00  0.0000000e+00  4.2477367e-12  1.0384246e+00
5.177200000e+00  0.0000000e+00  3.9163008e-12  8.8761229e-01
5.242600000e+00  0.0000000e+00  3.9080862e-12  8.9255422e-01
5.308000000e+00  0.0000000e+00  3.9478741e-12  9.2064541e-01
5.373400000e+00  0.0000000e+00  3.7426016e-12  8.3366591e-01
5.438800000e+00  0.0000000e+00  3.1330504e-12  5.8587375e-01
5.504200000e+00  0.0000000e+00  3.4118022e-12  7.0350706e-01
5.569600000e+00  0.0000000e+00  2.8552900e-12  4.9489329e-01
5.635000000e+00  0.0000000e+00  2.6912064e-12  4.4310499e-01
5.700400000e+00  0.0000000e+00  2.6057925e-12  4.1944803e-01
5.765800000e+00  0.0000000e+00  2.5749167e-12  4.1398533e-01
5.831200000e+00  0.0000000e+00  2.5809682e-12  4.2053064e-01
5.896600000e+00  0.0000000e+00  2.4042186e-12  3.6925414e-01
5.962000000e+00  0.0000000e+00  2.4258957e-12  3.8016751e-01
6.027400000e+00  0.0000000e+00  2.5397667e-12  4.2079384e-01
6.092800000e+00  0.0000000e+00  2.5120870e-12  4.1646575e-01
6.158200000e+00  0.0000000e+00  2.6827010e-12  4.7986139e-01
6.223600000e+00  0.0000000e+00  3.1264228e-12  6.5883657e-01
6.289000000e+00  0.0000000e+00  3.4311167e-12  8.0367075e-01
6.354400000e+00  0.0000000e+00  2.8059550e-12  5.4157010e-01
6.419800000e+00  0.0000000e+00  2.6739878e-12  4.9733356e-01
6.485200000e+00  0.0000000e+00  2.6617062e-12  4.9829044e-01
6.550600000e+00  0.0000000e+00  2.7168035e-12  5.2451725e-01
6.616000000e+00  0.0000000e+00  2.7729010e-12  5.5150320e-01
6.681400000e+00  0.0000000e+00  3.1323753e-12  7.0897258e-01
6.746800000e+00  0.0000000e+00  3.6782565e-12  9.8816592e-01
6.812200000e+00  0.0000000e+00  3.3967810e-12  8.4971869e-01
6.877600000e+00  0.0000000e+00  3.6187218e-12  9.7374959e-01
6.943000000e+00  0.0000000e+00  3.8402308e-12  1.1079857e+00
7.008400000e+00  0.0000000e+00  3.9339641e-12  1.1739119e+00
7.073800000e+00  0.0000000e+00  4.2886850e-12  1.4120507e+00
7.139200000e+00  0.0000000e+00  3.9542266e-12  1.2071554e+00
7.204600000e+00  0.0000000e+00  4.3944073e-12  1.5101293e+00
7.270000000e+00  0.0000000e+00  4.4048379e-12  1.5305374e+00
7.335400000e+00  0.0000000e+00  4.4945012e-12  1.6085709e+00
7.400800000e+00  0.0000000e+00  4.8724650e-12  1.9171414e+00
7.466200000e+00  0.0000000e+00  4.6582837e-12  1.7603054e+00
7.531600000e+00  0.0000000e+00  5.0716480e-12  2.1181788e+00
7.597000000e+00  0.0000000e+00  4.8328254e-12  1.9305239e+00
7.662400000e+00  0.0000000e+00  5.1560587e-12  2.2280916e+00
7.727800000e+00  0.0000000e+00  5.1747096e-12  2.2624912e+00
7.793200000e+00  0.0000000e+00  5.1819381e-12  2.2869135e+00
7.858600000e+00  0.0000000e+00  5.0888110e-12  2.2189253e+00
7.924000000e+00  0.0000000e+00  5.1970545e-12  2.3366464e+00
7.989400000e+00  0.0000000e+00  5.2936413e-12  2.4477693e+00
8.054800000e+00  0.0000000e+00  5.2999783e-12  2.4723432e+00
8.120200000e+00  0.0000000e+00  5.3487931e-12  2.5394224e+00
8.185600000e+00  0.0000000e+00  5.3442837e-12  2.5536062e+00
8.251000000e+00  0.0000000e+00  5.3617865e-12  2.5903439e+00
8.316400000e+00  0.0000000e+00  5.3924972e-12  2.6412994e+00
8.381800000e+00  0.0000000e+00  5.4151295e-12  2.6846410e+00
8.447200000e+00  0.0000000e+00  5.4179951e-12  2.7076737e+00
8.512600000e+00  0.0000000e+00  5.4008667e-12  2.7099644e+00
8.578000000e+00  0.0000000e+00  5.4157882e-12  2.7466183e+00
8.643400000e+00  0.0000000e+00  5.4193549e-12  2.7712096e+00
8.708800000e+00  0.0000000e+00  5.4085904e-12  2.7806645e+00
8.774200000e+00  0.0000000e+00  5.3963061e-12  2.7882945e+00
8.839600000e+00  0.0000000e+00  5.3604735e-12  2.7719608e+00
8.905000000e+00  0.0000000e+00  5.3555791e-12  2.7865853e+00
8.970400000e+00  0.0000000e+00  5.3890277e-12  2.8418780e+00
9.035800000e+00  0.0000000e+00  5.4417546e-12  2.9180298e+00
9.101200000e+00  0.0000000e+00  5.4402915e-12  2.9371698e+00
9.166600000e+00  0.0000000e+00  5.4192285e-12  2.9351431e+00
9.232000000e+00  0.0000000e+00  5.4074706e-12  2.9423290e+00
9.297400000e+00  0.0000000e+00  5.4343160e-12  2.9911601e+00
9.362800000e+00  0.0000000e+00  5.0114095e-12  2.5653359e+00
9.428200000e+00  0.0000000e+00  3.4489239e-12  1.2257287e+00
9.493600000e+00  0.0000000e+00  2.8055406e-12  8.1121598e-01
9.559000000e+00  0.0000000e+00  3.9559623e-12  1.6333981e+00
9.624400000e+00  0.0000000e+00  3.0050116e-12  9.4543443e-01
9.689800000e+00  0.0000000e+00  3.4241769e-12  1.2423525e+00
9.755200000e+00  0.0000000e+00  3.4616252e-12  1.2771881e+00
9.820600000e+00  0.0000000e+00  3.8287539e-12  1.5739624e+00
9.886000000e+00  0.0000000e+00  4.3377116e-12  2.0314960e+00
9.951400000e+00  0.0000000e+00  4.8593712e-12  2.5618538e+00
1.001680000e+01  0.0000000e+00  5.2269652e-12  2.9789053e+00
1.008220000e+01  0.0000000e+00  5.4714048e-12  3.2824975e+00
1.014760000e+01  0.0000000e+00  5.5669195e-12  3.4184958e+00
1.021300000e+01  0.0000000e+00  5.6069708e-12  3.4889461e+00
1.027840000e+01  0.0000000e+00  5.6055200e-12  3.5086138e+00
1.034380000e+01  0.0000000e+00  5.6061604e-12  3.5317186e+00
1.040920000e+01  0.0000000e+00  5.6050698e-12  3.5526257e+00
1.047460000e+01  0.0000000e+00  5.5896828e-12  3.5544258e+00
1.054000000e+01  0.0000000e+00  5.5792793e-12  3.5627452e+00
1.060540000e+01  0.0000000e+00  5.5733959e-12  3.5771211e+00
1.067080000e+01  0.0000000e+00  5.5648777e-12  3.5879390e+00
1.073620000e+01  0.0000000e+00  5.5552680e-12  3.5972381e+00
1.080160000e+01  0.0000000e+00  5.5430220e-12  3.6028055e+00
1.086700000e+01  0.0000000e+00  5.5321699e-12  3.6101518e+00
1.093240000e+01  0.0000000e+00  5.5203137e-12  3.6160116e+00
1.099780000e+01  0.0000000e+00  5.5050360e-12  3.6169792e+00
1.106320000e+01  0.0000000e+00  5.4924133e-12  3.6216792e+00
1.112860000e+01  0.0000000e+00  5.4770725e-12  3.6224313e+00
1.119400000e+01  0.0000000e+00  5.4616126e-12  3.6228469e+00
1.125940000e+01  0.0000000e+00  5.4422313e-12  3.6175978e+00
1.132480000e+01  0.0000000e+00  5.4289188e-12  3.6207100e+00
1.139020000e+01  0.0000000e+00  5.4131179e-12  3.6201452e+00
1.145560000e+01  0.0000000e+00  5.3965830e-12  3.6183497e+00
1.152100000e+01  0.0000000e+00  5.3809517e-12  3.6176792e+00
1.158640000e+01  0.0000000e+00  5.3638281e-12  3.6147282e+00
1.165180000e+01  0.0000000e+00  5.3467376e-12  3.6116554e+00
1.171720000e+01  0.0000000e+00  5.3231575e-12  3.5990905e+00
1.178260000e+01  0.0000000e+00  5.3095548e-12  3.6006798e+00
1.184800000e+01  0.0000000e+00  5.2937858e-12  3.5990022e+00
1.191340000e+01  0.0000000e+00  5.2750385e-12  3.5928702e+00
1.197880000e+01  0.0000000e+00  5.2580276e-12  3.5890601e+00
1.204420000e+01  0.0000000e+00  5.2393038e-12  3.5826102e+00
1.210960000e+01  0.0000000e+00  5.2185429e-12  3.5730594e+00
1.217500000e+01  0.0000000e+00  5.2015661e-12  3.5688299e+00
1.224040000e+01  0.0000000e+00  5.1813498e-12  3.5597234e+00
1.230580000e+01  0.0000000e+00  5.1593608e-12  3.5478900e+00
1.237120000e+01  0.0000000e+00  5.1361083e-12  3.5341300e+00
1.243660000e+01  0.0000000e+00  5.1142956e-12  3.5222408e+00
1.250200000e+01  0.0000000e+00  5.0850559e-12  3.4996106e+00
1.256740000e+01  0.0000000e+00  5.0647803e-12  3.4894910e+00
1.263280000e+01  0.0000000e+00  4.9875111e-12  3.3987284e+00
1.269820000e+01  0.0000000e+00  5.0338032e-12  3.4832316e+00
1.276360000e+01  0.0000000e+00  5.0002175e-12  3.4538526e+00
1.282900000e+01  0.0000000e+00  4.9777122e-12  3.4401833e+00
1.289440000e+01  0.0000000e+00  4.9525841e-12  3.4225501e+00
1.295980000e+01  0.0000000e+00  4.9185720e-12  3.3923945e+00
1.302520000e+01  0.0000000e+00  4.8931409e-12  3.3736215e+00
1.309060000e+01  0.0000000e+00  4.8482817e-12  3.3278734e+00
1.315600000e+01  0.0000000e+00  4.8074029e-12  3.2866373e+00
1.322140000e+01  0.0000000e+00  4.7183836e-12  3.1796653e+00
1.328680000e+01  0.0000000e+00  4.6489493e-12  3.0999203e+00
1.335220000e+01  0.0000000e+00  4.5354595e-12  2.9628629e+00
1.341760000e+01  0.0000000e+00  4.4312432e-12  2.8405106e+00
1.348300000e+01  0.0000000e+00  4.0580905e-12  2.3903402e+00
1.354840000e+01  0.0000000e+00  4.1579130e-12  2.5226679e+00
1.361380000e+01  0.0000000e+00  4.0894463e-12  2.4517376e+00
1.367920000e+01  0.0000000e+00  4.0573539e-12  2.4255340e+00
1.374460000e+01  0.0000000e+00  4.1337090e-12  2.5302231e+00
1.381000000e+01  0.0000000e+00  4.0382466e-12  2.4269626e+00
1.387540000e+01  0.0000000e+00  3.1550383e-12  1.4841118e+00
1.394080000e+01  0.0000000e+00  3.7839481e-12  2.1489545e+00
1.400620000e+01  0.0000000e+00  3.7024957e-12  2.0660328e+00
1.407160000e+01  0.0000000e+00  3.5690069e-12  1.9285723e+00
1.413700000e+01  0.0000000e+00  3.4111133e-12  1.7688427e+00
1.420240000e+01  0.0000000e+00  3.2014709e-12  1.5647714e+00
1.426780000e+01  0.0000000e+00  3.0332469e-12  1.4105458e+00
1.433320000e+01  0.0000000e+00  2.9064455e-12  1.3005777e+00
1.439860000e+01  0.0000000e+00  2.7389518e-12  1.1597019e+00
1.446400000e+01  0.0000000e+00  2.6850893e-12  1.1194954e+00
1.452940000e+01  0.0000000e+00  2.6310165e-12  1.0796200e+00
1.459480000e+01  0.0000000e+00  2.5631191e-12  1.0290736e+00
1.466020000e+01  0.0000000e+00  2.5449702e-12  1.0190688e+00
1.472560000e+01  0.0000000e+00  2.5326991e-12  1.0137410e+00
1.479100000e+01  0.0000000e+00  2.4969619e-12  9.8962592e-01
1.485640000e+01  0.0000000e+00  2.5053600e-12  1.0007434e+00
1.492180000e+01  0.0000000e+00  2.4628475e-12  9.7122049e-01
1.498720000e+01  0.0000000e+00  2.4029888e-12  9.2861693e-01
1.505260000e+01  0.0000000e+00  2.4816976e-12  9.9488425e-01
1.511800000e+01  0.0000000e+00  2.4760747e-12  9.9466480e-01
1.518340000e+01  0.0000000e+00  2.4988144e-12  1.0174638e+00
1.524880000e+01  0.0000000e+00  2.4969550e-12  1.0203370e+00
1.531420000e+01  0.0000000e+00  2.4823870e-12  1.0127482e+00
1.537960000e+01  0.0000000e+00  2.4696866e-12  1.0066885e+00
1.544500000e+01  0.0000000e+00  2.5453840e-12  1.0740667e+00
1.551040000e+01  0.0000000e+00  2.5558890e-12  1.0875760e+00
1.557580000e+01  0.0000000e+00  2.6156877e-12  1.1440268e+00
1.564120000e+01  0.0000000e+00  2.6956358e-12  1.2204219e+00
1.570660000e+01  0.0000000e+00  2.7189561e-12  1.2468976e+00
1.577200000e+01  0.0000000e+00  2.7981203e-12  1.3263849e+00
1.583740000e+01  0.0000000e+00  2.9174897e-12  1.4484783e+00
1.590280000e+01  0.0000000e+00  3.0110750e-12  1.5494647e+00
1.596820000e+01  0.0000000e+00  3.1795330e-12  1.7351707e+00
1.603360000e+01  0.0000000e+00  3.2408777e-12  1.8102795e+00
1.609900000e+01  0.0000000e+00  3.5167350e-12  2.1414373e+00
1.616440000e+01  0.0000000e+00  3.0283366e-12  1.5928095e+00
1.622980000e+01  0.0000000e+00  3.1256802e-12  1.7040350e+00
1.629520000e+01  0.0000000e+00  3.4335071e-12  2.0657995e+00
1.636060000e+01  0.0000000e+00  3.5325755e-12  2.1961879e+00
1.642600000e+01  0.0000000e+00  3.3978737e-12  2.0392692e+00
1.649140000e+01  0.0000000e+00  3.5081745e-12  2.1832532e+00
1.655680000e+01  0.0000000e+00  3.4301615e-12  2.0948668e+00
1.662220000e+01  0.0000000e+00  3.5648387e-12  2.2725084e+00
1.668760000e+01  0.0000000e+00  3.5069269e-12  2.2075149e+00
1.675300000e+01  0.0000000e+00  3.3981831e-12  2.0803879e+00
1.681840000e+01  0.0000000e+00  3.5533159e-12  2.2846493e+00
1.688380000e+01  0.0000000e+00  3.5799509e-12  2.3280506e+00
1.694920000e+01  0.0000000e+00  3.6305477e-12  2.4051660e+00
1.701460000e+01  0.0000000e+00  3.6475641e-12  2.4377636e+00
1.708000000e+01  0.0000000e+00  3.6611762e-12  2.4660052e+00
1.714540000e+01  0.0000000e+00  3.6621445e-12  2.4771868e+00
1.721080000e+01  0.0000000e+00  3.5828964e-12  2.3776975e+00
1.727620000e+01  0.0000000e+00  3.6773481e-12  2.5183095e+00
1.734160000e+01  0.0000000e+00  3.5888951e-12  2.4050385e+00
1.740700000e+01  0.0000000e+00  3.6512596e-12  2.5019276e+00
1.747240000e+01  0.0000000e+00  3.6321016e-12  2.4849256e+00
1.753780000e+01  0.0000000e+00  3.5788693e-12  2.4201047e+00
1.760320000e+01  0.0000000e+00  3.5399886e-12  2.3757278e+00
1.766860000e+01  0.0000000e+00  3.5590410e-12  2.4119012e+00
1.773400000e+01  0.0000000e+00  3.5209622e-12  2.3684021e+00
1.779940000e+01  0.0000000e+00  3.5555346e-12  2.4264383e+00
1.786480000e+01  0.0000000e+00  3.5411376e-12  2.4159039e+00
1.793020000e+01  0.0000000e+00  3.5216354e-12  2.3979679e+00
1.799560000e+01  0.0000000e+00  3.4866048e-12  2.3581087e+00
1.806100000e+01  0.0000000e+00  3.4703924e-12  2.3447566e+00
1.812640000e+01  0.0000000e+00  3.4675634e-12  2.3501536e+00
1.819180000e+01  0.0000000e+00  3.4179626e-12  2.2898860e+00
1.825720000e+01  0.0000000e+00  3.3890380e-12  2.2586818e+00
1.832260000e+01  0.0000000e+00  3.2909421e-12  2.1349189e+00
1.838800000e+01  0.0000000e+00  3.3857328e-12  2.2719092e+00
1.845340000e+01  0.0000000e+00  3.3507857e-12  2.2323087e+00
1.851880000e+01  0.0000000e+00  3.3674463e-12  2.2641605e+00
1.858420000e+01  0.0000000e+00  3.3526796e-12  2.2523449e+00
1.864960000e+01  0.0000000e+00  3.2642634e-12  2.1394305e+00
1.871500000e+01  0.0000000e+00  3.3202130e-12  2.2244252e+00
1.878040000e+01  0.0000000e+00  3.3058031e-12  2.2129837e+00
1.884580000e+01  0.0000000e+00  3.2898630e-12  2.1992993e+00
1.891120000e+01  0.0000000e+00  3.2717400e-12  2.1824091e+00
1.897660000e+01  0.0000000e+00  3.1986158e-12  2.0903471e+00
1.904200000e+01  0.0000000e+00  3.1520944e-12  2.0360468e+00
1.910740000e+01  0.0000000e+00  3.2262246e-12  2.1439349e+00
1.917280000e+01  0.0000000e+00  3.2095399e-12  2.1289292e+00
1.923820000e+01  0.0000000e+00  3.1178487e-12  2.0125375e+00
1.930360000e+01  0.0000000e+00  3.0526351e-12  1.9344002e+00
1.936900000e+01  0.0000000e+00  3.1001586e-12  2.0036081e+00
1.943440000e+01  0.0000000e+00  3.1474153e-12  2.0749942e+00
1.949980000e+01  0.0000000e+00  3.1332322e-12  2.0633371e+00
1.956520000e+01  0.0000000e+00  3.1029089e-12  2.0294469e+00
1.963060000e+01  0.0000000e+00  3.1005762e-12  2.0338172e+00
1.969600000e+01  0.0000000e+00  2.9972413e-12  1.9035846e+00
1.976140000e+01  0.0000000e+00  3.0120003e-12  1.9296590e+00
1.982680000e+01  0.0000000e+00  3.0482675e-12  1.9850050e+00
1.989220000e+01  0.0000000e+00  2.9502249e-12  1.8624046e+00
1.995760000e+01  0.0000000e+00  2.9866124e-12  1.9168141e+00
