# 3D spectroscopic simulation - Spatial binning of 5 (195 calculations)
# ------------------------------------------------------------------------
# Radiance spectrum
# NASA-GSFC Planetary Spectrum Generator (PSG) (Villanueva et al. 2018, 2022)
# Synthesized on Tue Apr  1 16:31:39 2025
# Doppler velocities [km/s] (vobs,vrot+vorb,vwidth,vrfl,vstr): -21.10000,-0.00020,0.00000,-13.79233,0.00039
# ------------------------------------------------------------------------
# Spectra synthesized with the Planetary and Universal Model of Atmospheric Scattering (PUMAS, Villanueva et al. 2018, 2022)
# Multiple scattering method employing PSGDORT, NMAX:2 / LMAX:4 / gMAX:0.95
# Radiative transfer took 2.980 seconds
# ------------------------------------------------------------------------
# Spectral unit: Wavelength [um]
# Radiance unit: Spectral radiance [W/sr/m2/um]
# Wave/freq Total Noise Proxima-Cen-b
4.000000000e+00  0.0000000e+00  2.8808584e-12  4.1097164e-01
4.065400000e+00  0.0000000e+00  2.4432127e-12  2.9976317e-01
4.130800000e+00  0.0000000e+00  2.0824706e-12  2.1699155e-01
4.196200000e+00  0.0000000e+00  5.6902867e-13  1.5431441e-02
4.261600000e+00  0.0000000e+00  1.5795957e-13  1.1448301e-03
4.327000000e+00  0.0000000e+00  2.3208585e-13  2.5159680e-03
4.392400000e+00  0.0000000e+00  3.7419324e-13  6.7115357e-03
4.457800000e+00  0.0000000e+00  1.3882598e-12  9.6832385e-02
4.523200000e+00  0.0000000e+00  2.2578362e-12  2.6789237e-01
4.588600000e+00  0.0000000e+00  2.3754318e-12  3.0171782e-01
4.654000000e+00  0.0000000e+00  2.4599334e-12  3.2664098e-01
4.719400000e+00  0.0000000e+00  2.0468598e-12  2.2615593e-01
4.784800000e+00  0.0000000e+00  2.2310842e-12  2.7058711e-01
4.850200000e+00  0.0000000e+00  2.3668289e-12  3.0579112e-01
4.915600000e+00  0.0000000e+00  2.6691837e-12  3.9553311e-01
4.981000000e+00  0.0000000e+00  2.7284972e-12  4.1723969e-01
5.046400000e+00  0.0000000e+00  2.8069618e-12  4.4658913e-01
5.111800000e+00  0.0000000e+00  2.7694356e-12  4.3738444e-01
5.177200000e+00  0.0000000e+00  2.6661586e-12  4.0727569e-01
5.242600000e+00  0.0000000e+00  2.7282388e-12  4.3084199e-01
5.308000000e+00  0.0000000e+00  2.8055626e-12  4.6083070e-01
5.373400000e+00  0.0000000e+00  2.7540126e-12  4.4756671e-01
5.438800000e+00  0.0000000e+00  2.4746769e-12  3.6236435e-01
5.504200000e+00  0.0000000e+00  2.6773471e-12  4.3042120e-01
5.569600000e+00  0.0000000e+00  2.3908777e-12  3.4467881e-01
5.635000000e+00  0.0000000e+00  2.3174394e-12  3.2709035e-01
5.700400000e+00  0.0000000e+00  2.2941233e-12  3.2422040e-01
5.765800000e+00  0.0000000e+00  2.2940057e-12  3.2791222e-01
5.831200000e+00  0.0000000e+00  2.3258119e-12  3.4106190e-01
5.896600000e+00  0.0000000e+00  2.2173678e-12  3.1411729e-01
5.962000000e+00  0.0000000e+00  2.2551294e-12  3.2863880e-01
6.027400000e+00  0.0000000e+00  2.3551407e-12  3.6159146e-01
6.092800000e+00  0.0000000e+00  2.3524969e-12  3.6508972e-01
6.158200000e+00  0.0000000e+00  2.5068988e-12  4.1878799e-01
6.223600000e+00  0.0000000e+00  2.8897372e-12  5.6178424e-01
6.289000000e+00  0.0000000e+00  3.1624549e-12  6.8154018e-01
6.354400000e+00  0.0000000e+00  2.6463531e-12  4.8123935e-01
6.419800000e+00  0.0000000e+00  2.5486458e-12  4.5154393e-01
6.485200000e+00  0.0000000e+00  2.5458954e-12  4.5570044e-01
6.550600000e+00  0.0000000e+00  2.6030484e-12  4.8142272e-01
6.616000000e+00  0.0000000e+00  2.6558944e-12  5.0569356e-01
6.681400000e+00  0.0000000e+00  2.9715227e-12  6.3723701e-01
6.746800000e+00  0.0000000e+00  3.4527987e-12  8.6874993e-01
6.812200000e+00  0.0000000e+00  3.2132596e-12  7.5887240e-01
6.877600000e+00  0.0000000e+00  3.4178337e-12  8.6649670e-01
6.943000000e+00  0.0000000e+00  3.6241250e-12  9.8421004e-01
7.008400000e+00  0.0000000e+00  3.7160374e-12  1.0447367e+00
7.073800000e+00  0.0000000e+00  4.0438782e-12  1.2525382e+00
7.139200000e+00  0.0000000e+00  3.7533686e-12  1.0848799e+00
7.204600000e+00  0.0000000e+00  4.1577171e-12  1.3485905e+00
7.270000000e+00  0.0000000e+00  4.1767682e-12  1.3726425e+00
7.335400000e+00  0.0000000e+00  4.2673491e-12  1.4464266e+00
7.400800000e+00  0.0000000e+00  4.6111480e-12  1.7130470e+00
7.466200000e+00  0.0000000e+00  4.4334320e-12  1.5905235e+00
7.531600000e+00  0.0000000e+00  4.8118953e-12  1.9024667e+00
7.597000000e+00  0.0000000e+00  4.6110865e-12  1.7530803e+00
7.662400000e+00  0.0000000e+00  4.9099817e-12  2.0157437e+00
7.727800000e+00  0.0000000e+00  4.9390664e-12  2.0562750e+00
7.793200000e+00  0.0000000e+00  4.9563645e-12  2.0870467e+00
7.858600000e+00  0.0000000e+00  4.8796042e-12  2.0349180e+00
7.924000000e+00  0.0000000e+00  4.9878979e-12  2.1468716e+00
7.989400000e+00  0.0000000e+00  5.0868023e-12  2.2546413e+00
8.054800000e+00  0.0000000e+00  5.1000448e-12  2.2835845e+00
8.120200000e+00  0.0000000e+00  5.1532624e-12  2.3513350e+00
8.185600000e+00  0.0000000e+00  5.1551205e-12  2.3700602e+00
8.251000000e+00  0.0000000e+00  5.1778293e-12  2.4096269e+00
8.316400000e+00  0.0000000e+00  5.2129039e-12  2.4622516e+00
8.381800000e+00  0.0000000e+00  5.2399534e-12  2.5077259e+00
8.447200000e+00  0.0000000e+00  5.2473831e-12  2.5338007e+00
8.512600000e+00  0.0000000e+00  5.2344288e-12  2.5394915e+00
8.578000000e+00  0.0000000e+00  5.2536614e-12  2.5787633e+00
8.643400000e+00  0.0000000e+00  5.2615631e-12  2.6064673e+00
8.708800000e+00  0.0000000e+00  5.2545834e-12  2.6189624e+00
8.774200000e+00  0.0000000e+00  5.2451604e-12  2.6288114e+00
8.839600000e+00  0.0000000e+00  5.2140695e-12  2.6174197e+00
8.905000000e+00  0.0000000e+00  5.2112994e-12  2.6333117e+00
8.970400000e+00  0.0000000e+00  5.2457357e-12  2.6876307e+00
9.035800000e+00  0.0000000e+00  5.2974559e-12  2.7600954e+00
9.101200000e+00  0.0000000e+00  5.2977919e-12  2.7802131e+00
9.166600000e+00  0.0000000e+00  5.2792024e-12  2.7805645e+00
9.232000000e+00  0.0000000e+00  5.2694358e-12  2.7893269e+00
9.297400000e+00  0.0000000e+00  5.2958845e-12  2.8359356e+00
9.362800000e+00  0.0000000e+00  4.8876874e-12  2.4366601e+00
9.428200000e+00  0.0000000e+00  3.3881812e-12  1.1811385e+00
9.493600000e+00  0.0000000e+00  2.7793827e-12  7.9540359e-01
9.559000000e+00  0.0000000e+00  3.8826833e-12  1.5717910e+00
9.624400000e+00  0.0000000e+00  2.9662458e-12  9.2006638e-01
9.689800000e+00  0.0000000e+00  3.3762313e-12  1.2063683e+00
9.755200000e+00  0.0000000e+00  3.4120963e-12  1.2393939e+00
9.820600000e+00  0.0000000e+00  3.7613108e-12  1.5170699e+00
9.886000000e+00  0.0000000e+00  4.2463264e-12  1.9443079e+00
9.951400000e+00  0.0000000e+00  4.7478460e-12  2.4426216e+00
1.001680000e+01  0.0000000e+00  5.1028202e-12  2.8355317e+00
1.008220000e+01  0.0000000e+00  5.3415298e-12  3.1241753e+00
1.014760000e+01  0.0000000e+00  5.4365802e-12  3.2553596e+00
1.021300000e+01  0.0000000e+00  5.4787078e-12  3.3257868e+00
1.027840000e+01  0.0000000e+00  5.4813730e-12  3.3493528e+00
1.034380000e+01  0.0000000e+00  5.4851003e-12  3.3750662e+00
1.040920000e+01  0.0000000e+00  5.4870694e-12  3.3986718e+00
1.047460000e+01  0.0000000e+00  5.4758796e-12  3.4051303e+00
1.054000000e+01  0.0000000e+00  5.4686384e-12  3.4167102e+00
1.060540000e+01  0.0000000e+00  5.4649175e-12  3.4330096e+00
1.067080000e+01  0.0000000e+00  5.4581493e-12  3.4453389e+00
1.073620000e+01  0.0000000e+00  5.4497562e-12  3.4555400e+00
1.080160000e+01  0.0000000e+00  5.4384276e-12  3.4617461e+00
1.086700000e+01  0.0000000e+00  5.4286431e-12  3.4699137e+00
1.093240000e+01  0.0000000e+00  5.4176838e-12  3.4764170e+00
1.099780000e+01  0.0000000e+00  5.4032201e-12  3.4780489e+00
1.106320000e+01  0.0000000e+00  5.3917915e-12  3.4837971e+00
1.112860000e+01  0.0000000e+00  5.3775832e-12  3.4856249e+00
1.119400000e+01  0.0000000e+00  5.3632932e-12  3.4871793e+00
1.125940000e+01  0.0000000e+00  5.3448691e-12  3.4829218e+00
1.132480000e+01  0.0000000e+00  5.3327984e-12  3.4872308e+00
1.139020000e+01  0.0000000e+00  5.3181311e-12  3.4878092e+00
1.145560000e+01  0.0000000e+00  5.3026825e-12  3.4871363e+00
1.152100000e+01  0.0000000e+00  5.2881940e-12  3.4876518e+00
1.158640000e+01  0.0000000e+00  5.2722365e-12  3.4859891e+00
1.165180000e+01  0.0000000e+00  5.2562628e-12  3.4841499e+00
1.171720000e+01  0.0000000e+00  5.2335832e-12  3.4727693e+00
1.178260000e+01  0.0000000e+00  5.2212193e-12  3.4756529e+00
1.184800000e+01  0.0000000e+00  5.2066034e-12  3.4752459e+00
1.191340000e+01  0.0000000e+00  5.1888681e-12  3.4703049e+00
1.197880000e+01  0.0000000e+00  5.1729566e-12  3.4677591e+00
1.204420000e+01  0.0000000e+00  5.1553067e-12  3.4626049e+00
1.210960000e+01  0.0000000e+00  5.1353313e-12  3.4540202e+00
1.217500000e+01  0.0000000e+00  5.1196177e-12  3.4513162e+00
1.224040000e+01  0.0000000e+00  5.1005077e-12  3.4436250e+00
1.230580000e+01  0.0000000e+00  5.0796034e-12  3.4332424e+00
1.237120000e+01  0.0000000e+00  5.0574005e-12  3.4209189e+00
1.243660000e+01  0.0000000e+00  5.0366838e-12  3.4105122e+00
1.250200000e+01  0.0000000e+00  5.0078948e-12  3.3886667e+00
1.256740000e+01  0.0000000e+00  4.9881142e-12  3.3791468e+00
1.263280000e+01  0.0000000e+00  4.9179734e-12  3.2999898e+00
1.269820000e+01  0.0000000e+00  4.9595006e-12  3.3757875e+00
1.276360000e+01  0.0000000e+00  4.9267179e-12  3.3478425e+00
1.282900000e+01  0.0000000e+00  4.9055618e-12  3.3360782e+00
1.289440000e+01  0.0000000e+00  4.8814739e-12  3.3199739e+00
1.295980000e+01  0.0000000e+00  4.8491864e-12  3.2925726e+00
1.302520000e+01  0.0000000e+00  4.8249986e-12  3.2756190e+00
1.309060000e+01  0.0000000e+00  4.7823340e-12  3.2335872e+00
1.315600000e+01  0.0000000e+00  4.7440549e-12  3.1964616e+00
1.322140000e+01  0.0000000e+00  4.6593248e-12  3.0970885e+00
1.328680000e+01  0.0000000e+00  4.5936898e-12  3.0236281e+00
1.335220000e+01  0.0000000e+00  4.4851778e-12  2.8951583e+00
1.341760000e+01  0.0000000e+00  4.3855913e-12  2.7804264e+00
1.348300000e+01  0.0000000e+00  4.0276994e-12  2.3541970e+00
1.354840000e+01  0.0000000e+00  4.1243849e-12  2.4813671e+00
1.361380000e+01  0.0000000e+00  4.0580952e-12  2.4136224e+00
1.367920000e+01  0.0000000e+00  4.0256618e-12  2.3871048e+00
1.374460000e+01  0.0000000e+00  4.0991927e-12  2.4873213e+00
1.381000000e+01  0.0000000e+00  4.0050553e-12  2.3865056e+00
1.387540000e+01  0.0000000e+00  3.1571608e-12  1.4861611e+00
1.394080000e+01  0.0000000e+00  3.7610774e-12  2.1227690e+00
1.400620000e+01  0.0000000e+00  3.6838548e-12  2.0450653e+00
1.407160000e+01  0.0000000e+00  3.5549763e-12  1.9132234e+00
1.413700000e+01  0.0000000e+00  3.4059409e-12  1.7632836e+00
1.420240000e+01  0.0000000e+00  3.2075644e-12  1.5705906e+00
1.426780000e+01  0.0000000e+00  3.0497820e-12  1.4259246e+00
1.433320000e+01  0.0000000e+00  2.9300111e-12  1.3218152e+00
1.439860000e+01  0.0000000e+00  2.7674608e-12  1.1841447e+00
1.446400000e+01  0.0000000e+00  2.7147565e-12  1.1445688e+00
1.452940000e+01  0.0000000e+00  2.6595320e-12  1.1033779e+00
1.459480000e+01  0.0000000e+00  2.5810578e-12  1.0436708e+00
1.466020000e+01  0.0000000e+00  2.5610649e-12  1.0321304e+00
1.472560000e+01  0.0000000e+00  2.5472029e-12  1.0255047e+00
1.479100000e+01  0.0000000e+00  2.5061829e-12  9.9702933e-01
1.485640000e+01  0.0000000e+00  2.5163961e-12  1.0096694e+00
1.492180000e+01  0.0000000e+00  2.4679603e-12  9.7531231e-01
1.498720000e+01  0.0000000e+00  2.4018717e-12  9.2778663e-01
1.505260000e+01  0.0000000e+00  2.4904181e-12  1.0019598e+00
1.511800000e+01  0.0000000e+00  2.4860877e-12  1.0028088e+00
1.518340000e+01  0.0000000e+00  2.5125770e-12  1.0288135e+00
1.524880000e+01  0.0000000e+00  2.5113452e-12  1.0322458e+00
1.531420000e+01  0.0000000e+00  2.4954159e-12  1.0235114e+00
1.537960000e+01  0.0000000e+00  2.4818147e-12  1.0166949e+00
1.544500000e+01  0.0000000e+00  2.5684771e-12  1.0938093e+00
1.551040000e+01  0.0000000e+00  2.5801539e-12  1.1084977e+00
1.557580000e+01  0.0000000e+00  2.6417019e-12  1.1670608e+00
1.564120000e+01  0.0000000e+00  2.7215655e-12  1.2441383e+00
1.570660000e+01  0.0000000e+00  2.7405999e-12  1.2669179e+00
1.577200000e+01  0.0000000e+00  2.8160026e-12  1.3434135e+00
1.583740000e+01  0.0000000e+00  2.9276747e-12  1.4585146e+00
1.590280000e+01  0.0000000e+00  3.0151385e-12  1.5535148e+00
1.596820000e+01  0.0000000e+00  3.1746332e-12  1.7296794e+00
1.603360000e+01  0.0000000e+00  3.2327335e-12  1.8010578e+00
1.609900000e+01  0.0000000e+00  3.4963071e-12  2.1162791e+00
1.616440000e+01  0.0000000e+00  3.0233741e-12  1.5875417e+00
1.622980000e+01  0.0000000e+00  3.1198757e-12  1.6976283e+00
1.629520000e+01  0.0000000e+00  3.4149658e-12  2.0432431e+00
1.636060000e+01  0.0000000e+00  3.5100514e-12  2.1678110e+00
1.642600000e+01  0.0000000e+00  3.3802720e-12  2.0179195e+00
1.649140000e+01  0.0000000e+00  3.4857262e-12  2.1549119e+00
1.655680000e+01  0.0000000e+00  3.4103287e-12  2.0703320e+00
1.662220000e+01  0.0000000e+00  3.5390483e-12  2.2389674e+00
1.668760000e+01  0.0000000e+00  3.4828453e-12  2.1766283e+00
1.675300000e+01  0.0000000e+00  3.3778481e-12  2.0551777e+00
1.681840000e+01  0.0000000e+00  3.5247359e-12  2.2469986e+00
1.688380000e+01  0.0000000e+00  3.5449679e-12  2.2812211e+00
1.694920000e+01  0.0000000e+00  3.5982287e-12  2.3609820e+00
1.701460000e+01  0.0000000e+00  3.6147495e-12  2.3924349e+00
1.708000000e+01  0.0000000e+00  3.6261223e-12  2.4170852e+00
1.714540000e+01  0.0000000e+00  3.6266227e-12  2.4273371e+00
1.721080000e+01  0.0000000e+00  3.5392809e-12  2.3179956e+00
1.727620000e+01  0.0000000e+00  3.6395849e-12  2.4644333e+00
1.734160000e+01  0.0000000e+00  3.5470862e-12  2.3469846e+00
1.740700000e+01  0.0000000e+00  3.6125562e-12  2.4466647e+00
1.747240000e+01  0.0000000e+00  3.5936862e-12  2.4301827e+00
1.753780000e+01  0.0000000e+00  3.5371562e-12  2.3615035e+00
1.760320000e+01  0.0000000e+00  3.4966609e-12  2.3154100e+00
1.766860000e+01  0.0000000e+00  3.5188201e-12  2.3552038e+00
1.773400000e+01  0.0000000e+00  3.4783440e-12  2.3088983e+00
1.779940000e+01  0.0000000e+00  3.5176455e-12  2.3725582e+00
1.786480000e+01  0.0000000e+00  3.5039947e-12  2.3631020e+00
1.793020000e+01  0.0000000e+00  3.4844334e-12  2.3451855e+00
1.799560000e+01  0.0000000e+00  3.4479628e-12  2.3037210e+00
1.806100000e+01  0.0000000e+00  3.4319959e-12  2.2907711e+00
1.812640000e+01  0.0000000e+00  3.4306809e-12  2.2980746e+00
1.819180000e+01  0.0000000e+00  3.3790721e-12  2.2357530e+00
1.825720000e+01  0.0000000e+00  3.3488051e-12  2.2030856e+00
1.832260000e+01  0.0000000e+00  3.2485431e-12  2.0782349e+00
1.838800000e+01  0.0000000e+00  3.3491867e-12  2.2208639e+00
1.845340000e+01  0.0000000e+00  3.3120382e-12  2.1787078e+00
1.851880000e+01  0.0000000e+00  3.3315589e-12  2.2138957e+00
1.858420000e+01  0.0000000e+00  3.3173355e-12  2.2028781e+00
1.864960000e+01  0.0000000e+00  3.2243729e-12  2.0853222e+00
1.871500000e+01  0.0000000e+00  3.2853952e-12  2.1758295e+00
1.878040000e+01  0.0000000e+00  3.2716527e-12  2.1653694e+00
1.884580000e+01  0.0000000e+00  3.2559356e-12  2.1520654e+00
1.891120000e+01  0.0000000e+00  3.2371741e-12  2.1343840e+00
1.897660000e+01  0.0000000e+00  3.1609499e-12  2.0394213e+00
1.904200000e+01  0.0000000e+00  3.1147675e-12  1.9861898e+00
1.910740000e+01  0.0000000e+00  3.1921382e-12  2.0967827e+00
1.917280000e+01  0.0000000e+00  3.1755548e-12  2.0820250e+00
1.923820000e+01  0.0000000e+00  3.0803009e-12  1.9625409e+00
1.930360000e+01  0.0000000e+00  3.0149444e-12  1.8853517e+00
1.936900000e+01  0.0000000e+00  3.0630262e-12  1.9540855e+00
1.943440000e+01  0.0000000e+00  3.1142700e-12  2.0295373e+00
1.949980000e+01  0.0000000e+00  3.1005122e-12  2.0185309e+00
1.956520000e+01  0.0000000e+00  3.0690557e-12  1.9835006e+00
1.963060000e+01  0.0000000e+00  3.0677037e-12  1.9889874e+00
1.969600000e+01  0.0000000e+00  2.9607184e-12  1.8557634e+00
1.976140000e+01  0.0000000e+00  2.9761881e-12  1.8822245e+00
1.982680000e+01  0.0000000e+00  3.0151366e-12  1.9401591e+00
1.989220000e+01  0.0000000e+00  2.9143102e-12  1.8158068e+00
1.995760000e+01  0.0000000e+00  2.9533847e-12  1.8725943e+00
