# 3D spectroscopic simulation - Spatial binning of 5 (193 calculations)
# ------------------------------------------------------------------------
# Radiance spectrum
# NASA-GSFC Planetary Spectrum Generator (PSG) (Villanueva et al. 2018, 2022)
# Synthesized on Thu Jan 30 16:04:45 2025
# Doppler velocities [km/s] (vobs,vrot+vorb,vwidth,vrfl,vstr): -21.10000,0.00002,0.00000,-0.00000,-0.00003
# ------------------------------------------------------------------------
# Spectra synthesized with the Planetary and Universal Model of Atmospheric Scattering (PUMAS, Villanueva et al. 2018, 2022)
# Multiple scattering method employing PSGDORT, NMAX:2 / LMAX:4 / gMAX:0.95
# Radiative transfer took 8.092 seconds
# ------------------------------------------------------------------------
# Spectral unit: Wavelength [um]
# Radiance unit: Spectral radiance [W/sr/m2/um]
# Wave/freq Total Noise Proxima-Cen-b
4.000000000e+00  0.0000000e+00  5.8485091e-12  1.6027508e+00
4.065400000e+00  0.0000000e+00  5.2623009e-12  1.3261651e+00
4.130800000e+00  0.0000000e+00  4.7346963e-12  1.0997265e+00
4.196200000e+00  0.0000000e+00  1.5675427e-12  1.3518530e-01
4.261600000e+00  0.0000000e+00  1.5461838e-13  1.0953377e-03
4.327000000e+00  0.0000000e+00  2.7003193e-13  4.3342407e-03
4.392400000e+00  0.0000000e+00  7.9480277e-13  4.3679241e-02
4.457800000e+00  0.0000000e+00  3.1372333e-12  5.2879757e-01
4.523200000e+00  0.0000000e+00  4.5807888e-12  1.0911418e+00
4.588600000e+00  0.0000000e+00  4.6619341e-12  1.1476054e+00
4.654000000e+00  0.0000000e+00  4.6411186e-12  1.1530300e+00
4.719400000e+00  0.0000000e+00  4.1404625e-12  9.3146294e-01
4.784800000e+00  0.0000000e+00  4.1649367e-12  9.5014307e-01
4.850200000e+00  0.0000000e+00  4.0600848e-12  9.0746159e-01
4.915600000e+00  0.0000000e+00  4.3600606e-12  1.0691577e+00
4.981000000e+00  0.0000000e+00  4.2913587e-12  1.0504922e+00
5.046400000e+00  0.0000000e+00  4.2698581e-12  1.0560095e+00
5.111800000e+00  0.0000000e+00  4.1017936e-12  9.8065725e-01
5.177200000e+00  0.0000000e+00  3.8594840e-12  8.7128282e-01
5.242600000e+00  0.0000000e+00  3.8654847e-12  8.8328877e-01
5.308000000e+00  0.0000000e+00  3.8891579e-12  9.0800421e-01
5.373400000e+00  0.0000000e+00  3.7470221e-12  8.4752379e-01
5.438800000e+00  0.0000000e+00  3.3226904e-12  6.6421375e-01
5.504200000e+00  0.0000000e+00  3.5296657e-12  7.6234565e-01
5.569600000e+00  0.0000000e+00  3.1051660e-12  5.8948543e-01
5.635000000e+00  0.0000000e+00  2.9400675e-12  5.3396872e-01
5.700400000e+00  0.0000000e+00  2.8657394e-12  5.1321353e-01
5.765800000e+00  0.0000000e+00  2.8029886e-12  4.9691401e-01
5.831200000e+00  0.0000000e+00  2.7964628e-12  5.0137253e-01
5.896600000e+00  0.0000000e+00  2.5451398e-12  4.2206481e-01
5.962000000e+00  0.0000000e+00  2.5395879e-12  4.2577498e-01
6.027400000e+00  0.0000000e+00  2.6380128e-12  4.6441618e-01
6.092800000e+00  0.0000000e+00  2.5699345e-12  4.4673258e-01
6.158200000e+00  0.0000000e+00  2.7825712e-12  5.3020844e-01
6.223600000e+00  0.0000000e+00  3.2737667e-12  7.4041528e-01
6.289000000e+00  0.0000000e+00  3.5868410e-12  9.0101504e-01
6.354400000e+00  0.0000000e+00  2.8584799e-12  5.7870262e-01
6.419800000e+00  0.0000000e+00  2.6523338e-12  5.0325375e-01
6.485200000e+00  0.0000000e+00  2.5787308e-12  4.8168698e-01
6.550600000e+00  0.0000000e+00  2.6163039e-12  5.0123476e-01
6.616000000e+00  0.0000000e+00  2.6497265e-12  5.1912478e-01
6.681400000e+00  0.0000000e+00  3.1271579e-12  7.3121044e-01
6.746800000e+00  0.0000000e+00  3.7187056e-12  1.0469701e+00
6.812200000e+00  0.0000000e+00  3.3850151e-12  8.7584410e-01
6.877600000e+00  0.0000000e+00  3.5954211e-12  9.9808638e-01
6.943000000e+00  0.0000000e+00  3.8022960e-12  1.1293837e+00
7.008400000e+00  0.0000000e+00  3.8959494e-12  1.1990465e+00
7.073800000e+00  0.0000000e+00  4.2002195e-12  1.4150040e+00
7.139200000e+00  0.0000000e+00  3.8962616e-12  1.2199559e+00
7.204600000e+00  0.0000000e+00  4.2828428e-12  1.5001159e+00
7.270000000e+00  0.0000000e+00  4.2836730e-12  1.5137766e+00
7.335400000e+00  0.0000000e+00  4.3530825e-12  1.5783860e+00
7.400800000e+00  0.0000000e+00  4.6462043e-12  1.8382612e+00
7.466200000e+00  0.0000000e+00  4.4893687e-12  1.7123249e+00
7.531600000e+00  0.0000000e+00  4.7822899e-12  1.9963654e+00
7.597000000e+00  0.0000000e+00  4.6365025e-12  1.8671417e+00
7.662400000e+00  0.0000000e+00  4.8391786e-12  2.0821770e+00
7.727800000e+00  0.0000000e+00  4.8631502e-12  2.1178921e+00
7.793200000e+00  0.0000000e+00  4.8769807e-12  2.1441236e+00
7.858600000e+00  0.0000000e+00  4.8293073e-12  2.1052992e+00
7.924000000e+00  0.0000000e+00  4.9038989e-12  2.1979401e+00
7.989400000e+00  0.0000000e+00  4.9587930e-12  2.2747967e+00
8.054800000e+00  0.0000000e+00  4.9713660e-12  2.3018362e+00
8.120200000e+00  0.0000000e+00  5.0008726e-12  2.3523911e+00
8.185600000e+00  0.0000000e+00  5.0120645e-12  2.3761560e+00
8.251000000e+00  0.0000000e+00  5.0292889e-12  2.4097228e+00
8.316400000e+00  0.0000000e+00  5.0500280e-12  2.4499192e+00
8.381800000e+00  0.0000000e+00  5.0716031e-12  2.4902257e+00
8.447200000e+00  0.0000000e+00  5.0832580e-12  2.5177045e+00
8.512600000e+00  0.0000000e+00  5.0897403e-12  2.5374541e+00
8.578000000e+00  0.0000000e+00  5.1049998e-12  2.5728634e+00
8.643400000e+00  0.0000000e+00  5.1154359e-12  2.6015980e+00
8.708800000e+00  0.0000000e+00  5.1223312e-12  2.6248200e+00
8.774200000e+00  0.0000000e+00  5.1279566e-12  2.6465760e+00
8.839600000e+00  0.0000000e+00  5.1235158e-12  2.6582173e+00
8.905000000e+00  0.0000000e+00  5.1292487e-12  2.6811508e+00
8.970400000e+00  0.0000000e+00  5.1481709e-12  2.7201112e+00
9.035800000e+00  0.0000000e+00  5.1772672e-12  2.7699782e+00
9.101200000e+00  0.0000000e+00  5.1852034e-12  2.7955625e+00
9.166600000e+00  0.0000000e+00  5.1902237e-12  2.8150904e+00
9.232000000e+00  0.0000000e+00  5.2035002e-12  2.8408870e+00
9.297400000e+00  0.0000000e+00  5.2236390e-12  2.8782849e+00
9.362800000e+00  0.0000000e+00  5.0757029e-12  2.7268676e+00
9.428200000e+00  0.0000000e+00  4.2817409e-12  1.9335781e+00
9.493600000e+00  0.0000000e+00  3.7215276e-12  1.4615817e+00
9.559000000e+00  0.0000000e+00  4.4971782e-12  2.1675982e+00
9.624400000e+00  0.0000000e+00  3.8810190e-12  1.6147870e+00
9.689800000e+00  0.0000000e+00  4.2518298e-12  1.9546809e+00
9.755200000e+00  0.0000000e+00  4.2909173e-12  2.0034887e+00
9.820600000e+00  0.0000000e+00  4.5383926e-12  2.2599066e+00
9.886000000e+00  0.0000000e+00  4.8184026e-12  2.5709024e+00
9.951400000e+00  0.0000000e+00  5.0508774e-12  2.8518527e+00
1.001680000e+01  0.0000000e+00  5.1897451e-12  3.0392482e+00
1.008220000e+01  0.0000000e+00  5.2665295e-12  3.1598394e+00
1.014760000e+01  0.0000000e+00  5.2914349e-12  3.2138037e+00
1.021300000e+01  0.0000000e+00  5.2982931e-12  3.2428611e+00
1.027840000e+01  0.0000000e+00  5.2929021e-12  3.2547560e+00
1.034380000e+01  0.0000000e+00  5.2802787e-12  3.2644681e+00
1.040920000e+01  0.0000000e+00  5.2668466e-12  3.2735001e+00
1.047460000e+01  0.0000000e+00  5.2618979e-12  3.2816846e+00
1.054000000e+01  0.0000000e+00  5.2524498e-12  3.2888999e+00
1.060540000e+01  0.0000000e+00  5.2436434e-12  3.2989058e+00
1.067080000e+01  0.0000000e+00  5.2318887e-12  3.3060090e+00
1.073620000e+01  0.0000000e+00  5.2187206e-12  3.3113700e+00
1.080160000e+01  0.0000000e+00  5.2057884e-12  3.3155569e+00
1.086700000e+01  0.0000000e+00  5.1950262e-12  3.3218435e+00
1.093240000e+01  0.0000000e+00  5.1840440e-12  3.3272217e+00
1.099780000e+01  0.0000000e+00  5.1721002e-12  3.3301463e+00
1.106320000e+01  0.0000000e+00  5.1588370e-12  3.3327310e+00
1.112860000e+01  0.0000000e+00  5.1447499e-12  3.3333194e+00
1.119400000e+01  0.0000000e+00  5.1305924e-12  3.3336506e+00
1.125940000e+01  0.0000000e+00  5.1146891e-12  3.3304657e+00
1.132480000e+01  0.0000000e+00  5.1014979e-12  3.3323354e+00
1.139020000e+01  0.0000000e+00  5.0871283e-12  3.3318003e+00
1.145560000e+01  0.0000000e+00  5.0724256e-12  3.3304340e+00
1.152100000e+01  0.0000000e+00  5.0579110e-12  3.3294862e+00
1.158640000e+01  0.0000000e+00  5.0426170e-12  3.3268058e+00
1.165180000e+01  0.0000000e+00  5.0267263e-12  3.3235459e+00
1.171720000e+01  0.0000000e+00  5.0093349e-12  3.3158090e+00
1.178260000e+01  0.0000000e+00  4.9944173e-12  3.3145782e+00
1.184800000e+01  0.0000000e+00  4.9790870e-12  3.3119675e+00
1.191340000e+01  0.0000000e+00  4.9628994e-12  3.3070934e+00
1.197880000e+01  0.0000000e+00  4.9468891e-12  3.3029216e+00
1.204420000e+01  0.0000000e+00  4.9316757e-12  3.2984920e+00
1.210960000e+01  0.0000000e+00  4.9135636e-12  3.2904040e+00
1.217500000e+01  0.0000000e+00  4.8990162e-12  3.2872467e+00
1.224040000e+01  0.0000000e+00  4.8838412e-12  3.2817596e+00
1.230580000e+01  0.0000000e+00  4.8675933e-12  3.2743026e+00
1.237120000e+01  0.0000000e+00  4.8503774e-12  3.2654786e+00
1.243660000e+01  0.0000000e+00  4.8331241e-12  3.2571640e+00
1.250200000e+01  0.0000000e+00  4.8101259e-12  3.2406487e+00
1.256740000e+01  0.0000000e+00  4.7911532e-12  3.2307631e+00
1.263280000e+01  0.0000000e+00  4.7660209e-12  3.1917892e+00
1.269820000e+01  0.0000000e+00  4.7591643e-12  3.2229496e+00
1.276360000e+01  0.0000000e+00  4.7380205e-12  3.2065615e+00
1.282900000e+01  0.0000000e+00  4.7225660e-12  3.1997876e+00
1.289440000e+01  0.0000000e+00  4.7050294e-12  3.1898855e+00
1.295980000e+01  0.0000000e+00  4.6896060e-12  3.1800236e+00
1.302520000e+01  0.0000000e+00  4.6729923e-12  3.1692674e+00
1.309060000e+01  0.0000000e+00  4.6469674e-12  3.1443424e+00
1.315600000e+01  0.0000000e+00  4.6242013e-12  3.1207071e+00
1.322140000e+01  0.0000000e+00  4.5727458e-12  3.0562352e+00
1.328680000e+01  0.0000000e+00  4.5179031e-12  2.9909834e+00
1.335220000e+01  0.0000000e+00  4.4305607e-12  2.8827261e+00
1.341760000e+01  0.0000000e+00  4.3442368e-12  2.7790584e+00
1.348300000e+01  0.0000000e+00  3.9929097e-12  2.3407631e+00
1.354840000e+01  0.0000000e+00  4.0960759e-12  2.4818145e+00
1.361380000e+01  0.0000000e+00  4.0296212e-12  2.4113072e+00
1.367920000e+01  0.0000000e+00  4.0139078e-12  2.4043047e+00
1.374460000e+01  0.0000000e+00  4.0873578e-12  2.5080545e+00
1.381000000e+01  0.0000000e+00  4.0301971e-12  2.4487864e+00
1.387540000e+01  0.0000000e+00  3.0627969e-12  1.4015351e+00
1.394080000e+01  0.0000000e+00  3.7643540e-12  2.1456772e+00
1.400620000e+01  0.0000000e+00  3.6626302e-12  2.0374819e+00
1.407160000e+01  0.0000000e+00  3.5305739e-12  1.8986341e+00
1.413700000e+01  0.0000000e+00  3.3410166e-12  1.7037182e+00
1.420240000e+01  0.0000000e+00  3.1039499e-12  1.4739038e+00
1.426780000e+01  0.0000000e+00  2.9027337e-12  1.2929374e+00
1.433320000e+01  0.0000000e+00  2.7493816e-12  1.1641228e+00
1.439860000e+01  0.0000000e+00  2.5685770e-12  1.0197192e+00
1.446400000e+01  0.0000000e+00  2.5140894e-12  9.8122525e-01
1.452940000e+01  0.0000000e+00  2.4697165e-12  9.5117376e-01
1.459480000e+01  0.0000000e+00  2.4374927e-12  9.3075356e-01
1.466020000e+01  0.0000000e+00  2.4273234e-12  9.2714152e-01
1.472560000e+01  0.0000000e+00  2.4221321e-12  9.2733748e-01
1.479100000e+01  0.0000000e+00  2.4060534e-12  9.1909791e-01
1.485640000e+01  0.0000000e+00  2.4059710e-12  9.2310606e-01
1.492180000e+01  0.0000000e+00  2.3881924e-12  9.1345106e-01
1.498720000e+01  0.0000000e+00  2.3457110e-12  8.8490653e-01
1.505260000e+01  0.0000000e+00  2.3896827e-12  9.2267624e-01
1.511800000e+01  0.0000000e+00  2.3834432e-12  9.2180320e-01
1.518340000e+01  0.0000000e+00  2.3920012e-12  9.3249484e-01
1.524880000e+01  0.0000000e+00  2.3881662e-12  9.3349811e-01
1.531420000e+01  0.0000000e+00  2.3802489e-12  9.3127242e-01
1.537960000e+01  0.0000000e+00  2.3689219e-12  9.2629043e-01
1.544500000e+01  0.0000000e+00  2.4055729e-12  9.5919244e-01
1.551040000e+01  0.0000000e+00  2.4115530e-12  9.6807797e-01
1.557580000e+01  0.0000000e+00  2.4595992e-12  1.0113541e+00
1.564120000e+01  0.0000000e+00  2.5361110e-12  1.0801495e+00
1.570660000e+01  0.0000000e+00  2.5744449e-12  1.1179437e+00
1.577200000e+01  0.0000000e+00  2.6655181e-12  1.2041750e+00
1.583740000e+01  0.0000000e+00  2.8056336e-12  1.3412016e+00
1.590280000e+01  0.0000000e+00  2.9152583e-12  1.4554455e+00
1.596820000e+01  0.0000000e+00  3.0970817e-12  1.6530377e+00
1.603360000e+01  0.0000000e+00  3.1600912e-12  1.7299116e+00
1.609900000e+01  0.0000000e+00  3.4399582e-12  2.0683858e+00
1.616440000e+01  0.0000000e+00  2.9522413e-12  1.5186255e+00
1.622980000e+01  0.0000000e+00  3.0477652e-12  1.6264854e+00
1.629520000e+01  0.0000000e+00  3.3562025e-12  1.9909519e+00
1.636060000e+01  0.0000000e+00  3.4538628e-12  2.1214314e+00
1.642600000e+01  0.0000000e+00  3.3206777e-12  1.9641817e+00
1.649140000e+01  0.0000000e+00  3.4274677e-12  2.1057872e+00
1.655680000e+01  0.0000000e+00  3.3500573e-12  2.0168838e+00
1.662220000e+01  0.0000000e+00  3.4777277e-12  2.1887533e+00
1.668760000e+01  0.0000000e+00  3.4199685e-12  2.1227389e+00
1.675300000e+01  0.0000000e+00  3.3190294e-12  2.0024548e+00
1.681840000e+01  0.0000000e+00  3.4548472e-12  2.1864758e+00
1.688380000e+01  0.0000000e+00  3.4698420e-12  2.2167309e+00
1.694920000e+01  0.0000000e+00  3.5162371e-12  2.2885827e+00
1.701460000e+01  0.0000000e+00  3.5287777e-12  2.3156122e+00
1.708000000e+01  0.0000000e+00  3.5321739e-12  2.3314441e+00
1.714540000e+01  0.0000000e+00  3.5286928e-12  2.3370144e+00
1.721080000e+01  0.0000000e+00  3.4471159e-12  2.2355528e+00
1.727620000e+01  0.0000000e+00  3.5265182e-12  2.3577203e+00
1.734160000e+01  0.0000000e+00  3.4440268e-12  2.2520338e+00
1.740700000e+01  0.0000000e+00  3.4911397e-12  2.3308539e+00
1.747240000e+01  0.0000000e+00  3.4727437e-12  2.3143205e+00
1.753780000e+01  0.0000000e+00  3.4235901e-12  2.2557069e+00
1.760320000e+01  0.0000000e+00  3.3918874e-12  2.2203990e+00
1.766860000e+01  0.0000000e+00  3.3986081e-12  2.2410900e+00
1.773400000e+01  0.0000000e+00  3.3630622e-12  2.2009166e+00
1.779940000e+01  0.0000000e+00  3.3891186e-12  2.2488378e+00
1.786480000e+01  0.0000000e+00  3.3719309e-12  2.2352085e+00
1.793020000e+01  0.0000000e+00  3.3551040e-12  2.2204163e+00
1.799560000e+01  0.0000000e+00  3.3270868e-12  2.1886913e+00
1.806100000e+01  0.0000000e+00  3.3113687e-12  2.1760721e+00
1.812640000e+01  0.0000000e+00  3.3070832e-12  2.1798256e+00
1.819180000e+01  0.0000000e+00  3.2710863e-12  2.1355354e+00
1.825720000e+01  0.0000000e+00  3.2498081e-12  2.1135109e+00
1.832260000e+01  0.0000000e+00  3.1617447e-12  2.0002164e+00
1.838800000e+01  0.0000000e+00  3.2402301e-12  2.1179080e+00
1.845340000e+01  0.0000000e+00  3.2035455e-12  2.0769249e+00
1.851880000e+01  0.0000000e+00  3.2154434e-12  2.1036957e+00
1.858420000e+01  0.0000000e+00  3.2018556e-12  2.0931179e+00
1.864960000e+01  0.0000000e+00  3.1295325e-12  1.9984760e+00
1.871500000e+01  0.0000000e+00  3.1728629e-12  2.0690769e+00
1.878040000e+01  0.0000000e+00  3.1573924e-12  2.0562692e+00
1.884580000e+01  0.0000000e+00  3.1432479e-12  2.0446476e+00
1.891120000e+01  0.0000000e+00  3.1293900e-12  2.0329102e+00
1.897660000e+01  0.0000000e+00  3.0747017e-12  1.9622465e+00
1.904200000e+01  0.0000000e+00  3.0243618e-12  1.9023070e+00
1.910740000e+01  0.0000000e+00  3.0868148e-12  1.9979905e+00
1.917280000e+01  0.0000000e+00  3.0718189e-12  1.9848493e+00
1.923820000e+01  0.0000000e+00  2.9984486e-12  1.8892605e+00
1.930360000e+01  0.0000000e+00  2.9376629e-12  1.8157687e+00
1.936900000e+01  0.0000000e+00  2.9838378e-12  1.8843351e+00
1.943440000e+01  0.0000000e+00  3.0148021e-12  1.9368488e+00
1.949980000e+01  0.0000000e+00  2.9975256e-12  1.9213008e+00
1.956520000e+01  0.0000000e+00  2.9744233e-12  1.8956213e+00
1.963060000e+01  0.0000000e+00  2.9708302e-12  1.8988889e+00
1.969600000e+01  0.0000000e+00  2.8807910e-12  1.7832959e+00
1.976140000e+01  0.0000000e+00  2.8954653e-12  1.8097815e+00
1.982680000e+01  0.0000000e+00  2.9262996e-12  1.8594323e+00
1.989220000e+01  0.0000000e+00  2.8443272e-12  1.7547205e+00
1.995760000e+01  0.0000000e+00  2.8691018e-12  1.7954735e+00
