# 3D spectroscopic simulation - Spatial binning of 5 (193 calculations)
# ------------------------------------------------------------------------
# Radiance spectrum
# NASA-GSFC Planetary Spectrum Generator (PSG) (Villanueva et al. 2018, 2022)
# Synthesized on Tue Apr  1 14:37:52 2025
# Doppler velocities [km/s] (vobs,vrot+vorb,vwidth,vrfl,vstr): -21.10000,0.00019,0.00000,3.00815,0.00123
# ------------------------------------------------------------------------
# Spectra synthesized with the Planetary and Universal Model of Atmospheric Scattering (PUMAS, Villanueva et al. 2018, 2022)
# Multiple scattering method employing PSGDORT, NMAX:2 / LMAX:4 / gMAX:0.95
# Radiative transfer took 1.211 seconds
# ------------------------------------------------------------------------
# Spectral unit: Wavelength [um]
# Radiance unit: Spectral radiance [W/sr/m2/um]
# Wave/freq Total Noise Proxima-Cen-b
4.000000000e+00  0.0000000e+00  1.7954244e-12  1.7367774e-01
4.065400000e+00  0.0000000e+00  1.6895693e-12  1.4508089e-01
4.130800000e+00  0.0000000e+00  1.5900223e-12  1.2352006e-01
4.196200000e+00  0.0000000e+00  5.4835572e-13  1.4131361e-02
4.261600000e+00  0.0000000e+00  1.6640183e-13  1.2688200e-03
4.327000000e+00  0.0000000e+00  2.3732409e-13  2.6275213e-03
4.392400000e+00  0.0000000e+00  3.7435840e-13  6.7470895e-03
4.457800000e+00  0.0000000e+00  1.3404159e-12  8.8719027e-02
4.523200000e+00  0.0000000e+00  1.9887836e-12  2.0363536e-01
4.588600000e+00  0.0000000e+00  2.0939896e-12  2.2991022e-01
4.654000000e+00  0.0000000e+00  2.1848804e-12  2.5369409e-01
4.719400000e+00  0.0000000e+00  1.8484445e-12  1.8510709e-01
4.784800000e+00  0.0000000e+00  2.0270843e-12  2.2437192e-01
4.850200000e+00  0.0000000e+00  2.1899660e-12  2.6248303e-01
4.915600000e+00  0.0000000e+00  2.4409905e-12  3.3236049e-01
4.981000000e+00  0.0000000e+00  2.5216717e-12  3.5927866e-01
5.046400000e+00  0.0000000e+00  2.6022209e-12  3.8807458e-01
5.111800000e+00  0.0000000e+00  2.6284561e-12  4.0023566e-01
5.177200000e+00  0.0000000e+00  2.5744696e-12  3.8760456e-01
5.242600000e+00  0.0000000e+00  2.6567483e-12  4.1862889e-01
5.308000000e+00  0.0000000e+00  2.7442228e-12  4.5340350e-01
5.373400000e+00  0.0000000e+00  2.7265306e-12  4.5211855e-01
5.438800000e+00  0.0000000e+00  2.5073184e-12  3.8304032e-01
5.504200000e+00  0.0000000e+00  2.6899347e-12  4.4896318e-01
5.569600000e+00  0.0000000e+00  2.4314953e-12  3.6791883e-01
5.635000000e+00  0.0000000e+00  2.3514488e-12  3.4796448e-01
5.700400000e+00  0.0000000e+00  2.3294713e-12  3.4585219e-01
5.765800000e+00  0.0000000e+00  2.3191420e-12  3.4695662e-01
5.831200000e+00  0.0000000e+00  2.3510555e-12  3.6128627e-01
5.896600000e+00  0.0000000e+00  2.2169009e-12  3.2576818e-01
5.962000000e+00  0.0000000e+00  2.2475286e-12  3.3876132e-01
6.027400000e+00  0.0000000e+00  2.3482936e-12  3.7235803e-01
6.092800000e+00  0.0000000e+00  2.3295299e-12  3.7077369e-01
6.158200000e+00  0.0000000e+00  2.5062035e-12  4.3398852e-01
6.223600000e+00  0.0000000e+00  2.9053717e-12  5.8838519e-01
6.289000000e+00  0.0000000e+00  3.1774904e-12  7.1374892e-01
6.354400000e+00  0.0000000e+00  2.6348347e-12  4.9356444e-01
6.419800000e+00  0.0000000e+00  2.5056759e-12  4.5058445e-01
6.485200000e+00  0.0000000e+00  2.4802131e-12  4.4626543e-01
6.550600000e+00  0.0000000e+00  2.5314732e-12  4.7005095e-01
6.616000000e+00  0.0000000e+00  2.5811106e-12  4.9231618e-01
6.681400000e+00  0.0000000e+00  2.9584994e-12  6.5285253e-01
6.746800000e+00  0.0000000e+00  3.4571293e-12  9.0148488e-01
6.812200000e+00  0.0000000e+00  3.2064010e-12  7.8088976e-01
6.877600000e+00  0.0000000e+00  3.4052745e-12  8.8884796e-01
6.943000000e+00  0.0000000e+00  3.6065344e-12  1.0080232e+00
7.008400000e+00  0.0000000e+00  3.7027101e-12  1.0730713e+00
7.073800000e+00  0.0000000e+00  4.0085594e-12  1.2763599e+00
7.139200000e+00  0.0000000e+00  3.7386905e-12  1.1121179e+00
7.204600000e+00  0.0000000e+00  4.1185596e-12  1.3716330e+00
7.270000000e+00  0.0000000e+00  4.1356956e-12  1.3940244e+00
7.335400000e+00  0.0000000e+00  4.2196952e-12  1.4652290e+00
7.400800000e+00  0.0000000e+00  4.5416353e-12  1.7293600e+00
7.466200000e+00  0.0000000e+00  4.3800259e-12  1.6085961e+00
7.531600000e+00  0.0000000e+00  4.7245598e-12  1.9106179e+00
7.597000000e+00  0.0000000e+00  4.5477094e-12  1.7680731e+00
7.662400000e+00  0.0000000e+00  4.8144347e-12  2.0177484e+00
7.727800000e+00  0.0000000e+00  4.8423329e-12  2.0564043e+00
7.793200000e+00  0.0000000e+00  4.8606115e-12  2.0868242e+00
7.858600000e+00  0.0000000e+00  4.7967977e-12  2.0399536e+00
7.924000000e+00  0.0000000e+00  4.8953545e-12  2.1471871e+00
7.989400000e+00  0.0000000e+00  4.9811055e-12  2.2463348e+00
8.054800000e+00  0.0000000e+00  4.9957867e-12  2.2751455e+00
8.120200000e+00  0.0000000e+00  5.0432373e-12  2.3381659e+00
8.185600000e+00  0.0000000e+00  5.0488384e-12  2.3584172e+00
8.251000000e+00  0.0000000e+00  5.0703470e-12  2.3959560e+00
8.316400000e+00  0.0000000e+00  5.1016848e-12  2.4448698e+00
8.381800000e+00  0.0000000e+00  5.1271136e-12  2.4884062e+00
8.447200000e+00  0.0000000e+00  5.1353086e-12  2.5137736e+00
8.512600000e+00  0.0000000e+00  5.1268361e-12  2.5216219e+00
8.578000000e+00  0.0000000e+00  5.1433742e-12  2.5576199e+00
8.643400000e+00  0.0000000e+00  5.1505744e-12  2.5833895e+00
8.708800000e+00  0.0000000e+00  5.1456485e-12  2.5961954e+00
8.774200000e+00  0.0000000e+00  5.1386370e-12  2.6066630e+00
8.839600000e+00  0.0000000e+00  5.1113621e-12  2.5968028e+00
8.905000000e+00  0.0000000e+00  5.1107257e-12  2.6134545e+00
8.970400000e+00  0.0000000e+00  5.1416296e-12  2.6637664e+00
9.035800000e+00  0.0000000e+00  5.1889403e-12  2.7316857e+00
9.101200000e+00  0.0000000e+00  5.1899830e-12  2.7510915e+00
9.166600000e+00  0.0000000e+00  5.1741123e-12  2.7522765e+00
9.232000000e+00  0.0000000e+00  5.1668054e-12  2.7618042e+00
9.297400000e+00  0.0000000e+00  5.1923998e-12  2.8068145e+00
9.362800000e+00  0.0000000e+00  4.8303394e-12  2.4419508e+00
9.428200000e+00  0.0000000e+00  3.4712748e-12  1.2563328e+00
9.493600000e+00  0.0000000e+00  2.8850022e-12  8.6285537e-01
9.559000000e+00  0.0000000e+00  3.9149476e-12  1.6253024e+00
9.624400000e+00  0.0000000e+00  3.0596109e-12  9.8703487e-01
9.689800000e+00  0.0000000e+00  3.4621033e-12  1.2837514e+00
9.755200000e+00  0.0000000e+00  3.4971977e-12  1.3176042e+00
9.820600000e+00  0.0000000e+00  3.8229379e-12  1.5903037e+00
9.886000000e+00  0.0000000e+00  4.2633703e-12  1.9959447e+00
9.951400000e+00  0.0000000e+00  4.7120012e-12  2.4585387e+00
1.001680000e+01  0.0000000e+00  5.0274733e-12  2.8192024e+00
1.008220000e+01  0.0000000e+00  5.2399920e-12  3.0844961e+00
1.014760000e+01  0.0000000e+00  5.3256491e-12  3.2067894e+00
1.021300000e+01  0.0000000e+00  5.3639661e-12  3.2731737e+00
1.027840000e+01  0.0000000e+00  5.3665056e-12  3.2958100e+00
1.034380000e+01  0.0000000e+00  5.3693571e-12  3.3199063e+00
1.040920000e+01  0.0000000e+00  5.3706159e-12  3.3419536e+00
1.047460000e+01  0.0000000e+00  5.3604570e-12  3.3483762e+00
1.054000000e+01  0.0000000e+00  5.3535367e-12  3.3592211e+00
1.060540000e+01  0.0000000e+00  5.3497203e-12  3.3745877e+00
1.067080000e+01  0.0000000e+00  5.3437462e-12  3.3870982e+00
1.073620000e+01  0.0000000e+00  5.3362438e-12  3.3975982e+00
1.080160000e+01  0.0000000e+00  5.3261910e-12  3.4044212e+00
1.086700000e+01  0.0000000e+00  5.3172829e-12  3.4127735e+00
1.093240000e+01  0.0000000e+00  5.3072977e-12  3.4195649e+00
1.099780000e+01  0.0000000e+00  5.2941334e-12  3.4216994e+00
1.106320000e+01  0.0000000e+00  5.2833362e-12  3.4274545e+00
1.112860000e+01  0.0000000e+00  5.2700025e-12  3.4294360e+00
1.119400000e+01  0.0000000e+00  5.2565448e-12  3.4310913e+00
1.125940000e+01  0.0000000e+00  5.2393103e-12  3.4271651e+00
1.132480000e+01  0.0000000e+00  5.2277315e-12  3.4313182e+00
1.139020000e+01  0.0000000e+00  5.2137688e-12  3.4318544e+00
1.145560000e+01  0.0000000e+00  5.1990717e-12  3.4311490e+00
1.152100000e+01  0.0000000e+00  5.1852024e-12  3.4315542e+00
1.158640000e+01  0.0000000e+00  5.1698660e-12  3.4297100e+00
1.165180000e+01  0.0000000e+00  5.1544962e-12  3.4276870e+00
1.171720000e+01  0.0000000e+00  5.1324821e-12  3.4156629e+00
1.178260000e+01  0.0000000e+00  5.1206546e-12  3.4186074e+00
1.184800000e+01  0.0000000e+00  5.1065725e-12  3.4180943e+00
1.191340000e+01  0.0000000e+00  5.0893722e-12  3.4128141e+00
1.197880000e+01  0.0000000e+00  5.0739788e-12  3.4100656e+00
1.204420000e+01  0.0000000e+00  5.0568991e-12  3.4046684e+00
1.210960000e+01  0.0000000e+00  5.0375056e-12  3.3957236e+00
1.217500000e+01  0.0000000e+00  5.0222796e-12  3.3928637e+00
1.224040000e+01  0.0000000e+00  5.0037918e-12  3.3849705e+00
1.230580000e+01  0.0000000e+00  4.9834559e-12  3.3741928e+00
1.237120000e+01  0.0000000e+00  4.9620506e-12  3.3617891e+00
1.243660000e+01  0.0000000e+00  4.9416884e-12  3.3507432e+00
1.250200000e+01  0.0000000e+00  4.9137998e-12  3.3285988e+00
1.256740000e+01  0.0000000e+00  4.8944401e-12  3.3186427e+00
1.263280000e+01  0.0000000e+00  4.8291189e-12  3.2423158e+00
1.269820000e+01  0.0000000e+00  4.8670087e-12  3.3159406e+00
1.276360000e+01  0.0000000e+00  4.8354491e-12  3.2880659e+00
1.282900000e+01  0.0000000e+00  4.8149952e-12  3.2763603e+00
1.289440000e+01  0.0000000e+00  4.7918930e-12  3.2605741e+00
1.295980000e+01  0.0000000e+00  4.7614457e-12  3.2343618e+00
1.302520000e+01  0.0000000e+00  4.7381677e-12  3.2175010e+00
1.309060000e+01  0.0000000e+00  4.6977855e-12  3.1767181e+00
1.315600000e+01  0.0000000e+00  4.6616184e-12  3.1405095e+00
1.322140000e+01  0.0000000e+00  4.5821500e-12  3.0444347e+00
1.328680000e+01  0.0000000e+00  4.5207389e-12  2.9737366e+00
1.335220000e+01  0.0000000e+00  4.4191823e-12  2.8502109e+00
1.341760000e+01  0.0000000e+00  4.3255604e-12  2.7396195e+00
1.348300000e+01  0.0000000e+00  3.9809132e-12  2.3182404e+00
1.354840000e+01  0.0000000e+00  4.0761928e-12  2.4467153e+00
1.361380000e+01  0.0000000e+00  4.0119562e-12  2.3798141e+00
1.367920000e+01  0.0000000e+00  3.9834780e-12  2.3576516e+00
1.374460000e+01  0.0000000e+00  4.0527834e-12  2.4545698e+00
1.381000000e+01  0.0000000e+00  3.9673323e-12  2.3625091e+00
1.387540000e+01  0.0000000e+00  3.1407063e-12  1.4721754e+00
1.394080000e+01  0.0000000e+00  3.7270582e-12  2.0967812e+00
1.400620000e+01  0.0000000e+00  3.6479337e-12  2.0153534e+00
1.407160000e+01  0.0000000e+00  3.5196436e-12  1.8824572e+00
1.413700000e+01  0.0000000e+00  3.3631734e-12  1.7231360e+00
1.420240000e+01  0.0000000e+00  3.1597603e-12  1.5251619e+00
1.426780000e+01  0.0000000e+00  2.9994082e-12  1.3789574e+00
1.433320000e+01  0.0000000e+00  2.8868542e-12  1.2826196e+00
1.439860000e+01  0.0000000e+00  2.7528801e-12  1.1713367e+00
1.446400000e+01  0.0000000e+00  2.7096287e-12  1.1399634e+00
1.452940000e+01  0.0000000e+00  2.6714765e-12  1.1131229e+00
1.459480000e+01  0.0000000e+00  2.6124144e-12  1.0690956e+00
1.466020000e+01  0.0000000e+00  2.5951861e-12  1.0597472e+00
1.472560000e+01  0.0000000e+00  2.5858625e-12  1.0568168e+00
1.479100000e+01  0.0000000e+00  2.5504101e-12  1.0325095e+00
1.485640000e+01  0.0000000e+00  2.5571585e-12  1.0426117e+00
1.492180000e+01  0.0000000e+00  2.5155012e-12  1.0132390e+00
1.498720000e+01  0.0000000e+00  2.4456448e-12  9.6189927e-01
1.505260000e+01  0.0000000e+00  2.5336749e-12  1.0370403e+00
1.511800000e+01  0.0000000e+00  2.5261043e-12  1.0353195e+00
1.518340000e+01  0.0000000e+00  2.5492595e-12  1.0590208e+00
1.524880000e+01  0.0000000e+00  2.5464422e-12  1.0612403e+00
1.531420000e+01  0.0000000e+00  2.5315691e-12  1.0533324e+00
1.537960000e+01  0.0000000e+00  2.5142670e-12  1.0433975e+00
1.544500000e+01  0.0000000e+00  2.5775206e-12  1.1013495e+00
1.551040000e+01  0.0000000e+00  2.5871465e-12  1.1143170e+00
1.557580000e+01  0.0000000e+00  2.6304200e-12  1.1568006e+00
1.564120000e+01  0.0000000e+00  2.6910009e-12  1.2158768e+00
1.570660000e+01  0.0000000e+00  2.7101091e-12  1.2384500e+00
1.577200000e+01  0.0000000e+00  2.7762386e-12  1.3053883e+00
1.583740000e+01  0.0000000e+00  2.8822577e-12  1.4138980e+00
1.590280000e+01  0.0000000e+00  2.9711875e-12  1.5098287e+00
1.596820000e+01  0.0000000e+00  3.1324028e-12  1.6877700e+00
1.603360000e+01  0.0000000e+00  3.1915491e-12  1.7606530e+00
1.609900000e+01  0.0000000e+00  3.4521382e-12  2.0757329e+00
1.616440000e+01  0.0000000e+00  2.9988922e-12  1.5648548e+00
1.622980000e+01  0.0000000e+00  3.0843213e-12  1.6627576e+00
1.629520000e+01  0.0000000e+00  3.3723150e-12  2.0034702e+00
1.636060000e+01  0.0000000e+00  3.4648978e-12  2.1268546e+00
1.642600000e+01  0.0000000e+00  3.3380809e-12  1.9784290e+00
1.649140000e+01  0.0000000e+00  3.4401349e-12  2.1133311e+00
1.655680000e+01  0.0000000e+00  3.3663187e-12  2.0294244e+00
1.662220000e+01  0.0000000e+00  3.4904952e-12  2.1953473e+00
1.668760000e+01  0.0000000e+00  3.4350205e-12  2.1328102e+00
1.675300000e+01  0.0000000e+00  3.3330818e-12  2.0129408e+00
1.681840000e+01  0.0000000e+00  3.4726902e-12  2.1991689e+00
1.688380000e+01  0.0000000e+00  3.4911734e-12  2.2320124e+00
1.694920000e+01  0.0000000e+00  3.5412067e-12  2.3092201e+00
1.701460000e+01  0.0000000e+00  3.5564414e-12  2.3397128e+00
1.708000000e+01  0.0000000e+00  3.5656114e-12  2.3620530e+00
1.714540000e+01  0.0000000e+00  3.5652030e-12  2.3714277e+00
1.721080000e+01  0.0000000e+00  3.4846189e-12  2.2690777e+00
1.727620000e+01  0.0000000e+00  3.5756310e-12  2.4063611e+00
1.734160000e+01  0.0000000e+00  3.4878548e-12  2.2927836e+00
1.740700000e+01  0.0000000e+00  3.5483211e-12  2.3880776e+00
1.747240000e+01  0.0000000e+00  3.5298311e-12  2.3717886e+00
1.753780000e+01  0.0000000e+00  3.4765360e-12  2.3061423e+00
1.760320000e+01  0.0000000e+00  3.4378681e-12  2.2616141e+00
1.766860000e+01  0.0000000e+00  3.4584757e-12  2.3004701e+00
1.773400000e+01  0.0000000e+00  3.4203714e-12  2.2564891e+00
1.779940000e+01  0.0000000e+00  3.4557422e-12  2.3163588e+00
1.786480000e+01  0.0000000e+00  3.4421476e-12  2.3069286e+00
1.793020000e+01  0.0000000e+00  3.4227956e-12  2.2889588e+00
1.799560000e+01  0.0000000e+00  3.3883933e-12  2.2494475e+00
1.806100000e+01  0.0000000e+00  3.3728908e-12  2.2369855e+00
1.812640000e+01  0.0000000e+00  3.3706271e-12  2.2433349e+00
1.819180000e+01  0.0000000e+00  3.3214676e-12  2.1828195e+00
1.825720000e+01  0.0000000e+00  3.2929731e-12  2.1518142e+00
1.832260000e+01  0.0000000e+00  3.1982305e-12  2.0322630e+00
1.838800000e+01  0.0000000e+00  3.2922435e-12  2.1689993e+00
1.845340000e+01  0.0000000e+00  3.2571066e-12  2.1287736e+00
1.851880000e+01  0.0000000e+00  3.2737889e-12  2.1610837e+00
1.858420000e+01  0.0000000e+00  3.2600491e-12  2.1506334e+00
1.864960000e+01  0.0000000e+00  3.1730053e-12  2.0385122e+00
1.871500000e+01  0.0000000e+00  3.2285080e-12  2.1237304e+00
1.878040000e+01  0.0000000e+00  3.2156023e-12  2.1143662e+00
1.884580000e+01  0.0000000e+00  3.2004005e-12  2.1015945e+00
1.891120000e+01  0.0000000e+00  3.1816102e-12  2.0835118e+00
1.897660000e+01  0.0000000e+00  3.1113847e-12  1.9943441e+00
1.904200000e+01  0.0000000e+00  3.0628846e-12  1.9373579e+00
1.910740000e+01  0.0000000e+00  3.1375799e-12  2.0467400e+00
1.917280000e+01  0.0000000e+00  3.1216376e-12  2.0326099e+00
1.923820000e+01  0.0000000e+00  3.0319532e-12  1.9178770e+00
1.930360000e+01  0.0000000e+00  2.9697236e-12  1.8437368e+00
1.936900000e+01  0.0000000e+00  3.0151683e-12  1.9100329e+00
1.943440000e+01  0.0000000e+00  3.0602958e-12  1.9792974e+00
1.949980000e+01  0.0000000e+00  3.0479211e-12  1.9701683e+00
1.956520000e+01  0.0000000e+00  3.0170289e-12  1.9350390e+00
1.963060000e+01  0.0000000e+00  3.0157444e-12  1.9410440e+00
1.969600000e+01  0.0000000e+00  2.9144269e-12  1.8128825e+00
1.976140000e+01  0.0000000e+00  2.9284777e-12  1.8379860e+00
1.982680000e+01  0.0000000e+00  2.9629370e-12  1.8911898e+00
1.989220000e+01  0.0000000e+00  2.8711380e-12  1.7763705e+00
1.995760000e+01  0.0000000e+00  2.9036158e-12  1.8258883e+00
