# 3D spectroscopic simulation - Spatial binning of 5 (195 calculations)
# ------------------------------------------------------------------------
# Radiance spectrum
# NASA-GSFC Planetary Spectrum Generator (PSG) (Villanueva et al. 2018, 2022)
# Synthesized on Tue Apr  1 15:33:00 2025
# Doppler velocities [km/s] (vobs,vrot+vorb,vwidth,vrfl,vstr): -21.10000,-0.00023,0.00000,-6.22216,0.00109
# ------------------------------------------------------------------------
# Spectra synthesized with the Planetary and Universal Model of Atmospheric Scattering (PUMAS, Villanueva et al. 2018, 2022)
# Multiple scattering method employing PSGDORT, NMAX:2 / LMAX:4 / gMAX:0.95
# Radiative transfer took 1.945 seconds
# ------------------------------------------------------------------------
# Spectral unit: Wavelength [um]
# Radiance unit: Spectral radiance [W/sr/m2/um]
# Wave/freq Total Noise Proxima-Cen-b
4.000000000e+00  0.0000000e+00  2.2422287e-12  2.7906693e-01
4.065400000e+00  0.0000000e+00  1.9402482e-12  2.0302954e-01
4.130800000e+00  0.0000000e+00  1.6802957e-12  1.4735292e-01
4.196200000e+00  0.0000000e+00  5.1026571e-13  1.2289837e-02
4.261600000e+00  0.0000000e+00  1.6636130e-13  1.2701154e-03
4.327000000e+00  0.0000000e+00  2.3204774e-13  2.5093767e-03
4.392400000e+00  0.0000000e+00  3.7667029e-13  6.8195455e-03
4.457800000e+00  0.0000000e+00  1.2779738e-12  8.1729381e-02
4.523200000e+00  0.0000000e+00  2.0718625e-12  2.2609653e-01
4.588600000e+00  0.0000000e+00  2.2123521e-12  2.6120373e-01
4.654000000e+00  0.0000000e+00  2.3077525e-12  2.8629274e-01
4.719400000e+00  0.0000000e+00  1.9142596e-12  1.9935546e-01
4.784800000e+00  0.0000000e+00  2.0920144e-12  2.3960766e-01
4.850200000e+00  0.0000000e+00  2.2342792e-12  2.7349169e-01
4.915600000e+00  0.0000000e+00  2.5349963e-12  3.5727923e-01
4.981000000e+00  0.0000000e+00  2.6121939e-12  3.8257973e-01
5.046400000e+00  0.0000000e+00  2.6967480e-12  4.1235502e-01
5.111800000e+00  0.0000000e+00  2.6937989e-12  4.1378546e-01
5.177200000e+00  0.0000000e+00  2.6238953e-12  3.9527453e-01
5.242600000e+00  0.0000000e+00  2.7015863e-12  4.2351251e-01
5.308000000e+00  0.0000000e+00  2.7918806e-12  4.5749255e-01
5.373400000e+00  0.0000000e+00  2.7716715e-12  4.5475576e-01
5.438800000e+00  0.0000000e+00  2.5646852e-12  3.9135848e-01
5.504200000e+00  0.0000000e+00  2.7482202e-12  4.5584781e-01
5.569600000e+00  0.0000000e+00  2.5230440e-12  3.8658904e-01
5.635000000e+00  0.0000000e+00  2.4695322e-12  3.7415494e-01
5.700400000e+00  0.0000000e+00  2.4591848e-12  3.7505554e-01
5.765800000e+00  0.0000000e+00  2.4647743e-12  3.8101696e-01
5.831200000e+00  0.0000000e+00  2.5088347e-12  3.9931287e-01
5.896600000e+00  0.0000000e+00  2.4078115e-12  3.7150791e-01
5.962000000e+00  0.0000000e+00  2.4484586e-12  3.8830927e-01
6.027400000e+00  0.0000000e+00  2.5479669e-12  4.2499054e-01
6.092800000e+00  0.0000000e+00  2.5472501e-12  4.2923328e-01
6.158200000e+00  0.0000000e+00  2.7143065e-12  4.9307128e-01
6.223600000e+00  0.0000000e+00  3.0734464e-12  6.4016462e-01
6.289000000e+00  0.0000000e+00  3.3261120e-12  7.5950985e-01
6.354400000e+00  0.0000000e+00  2.8541032e-12  5.6203796e-01
6.419800000e+00  0.0000000e+00  2.7460945e-12  5.2517390e-01
6.485200000e+00  0.0000000e+00  2.7445713e-12  5.2975233e-01
6.550600000e+00  0.0000000e+00  2.8050211e-12  5.5872774e-01
6.616000000e+00  0.0000000e+00  2.8564830e-12  5.8493476e-01
6.681400000e+00  0.0000000e+00  3.1901162e-12  7.3723891e-01
6.746800000e+00  0.0000000e+00  3.6483684e-12  9.7633369e-01
6.812200000e+00  0.0000000e+00  3.4330392e-12  8.7063412e-01
6.877600000e+00  0.0000000e+00  3.6203974e-12  9.7793172e-01
6.943000000e+00  0.0000000e+00  3.8054435e-12  1.0915264e+00
7.008400000e+00  0.0000000e+00  3.9039969e-12  1.1599821e+00
7.073800000e+00  0.0000000e+00  4.1851435e-12  1.3489410e+00
7.139200000e+00  0.0000000e+00  3.9417086e-12  1.2029806e+00
7.204600000e+00  0.0000000e+00  4.2941593e-12  1.4460357e+00
7.270000000e+00  0.0000000e+00  4.3166866e-12  1.4737072e+00
7.335400000e+00  0.0000000e+00  4.3951876e-12  1.5418242e+00
7.400800000e+00  0.0000000e+00  4.6926294e-12  1.7817819e+00
7.466200000e+00  0.0000000e+00  4.5493742e-12  1.6824803e+00
7.531600000e+00  0.0000000e+00  4.8708076e-12  1.9572476e+00
7.597000000e+00  0.0000000e+00  4.7143939e-12  1.8406588e+00
7.662400000e+00  0.0000000e+00  4.9614920e-12  2.0662414e+00
7.727800000e+00  0.0000000e+00  4.9913471e-12  2.1081723e+00
7.793200000e+00  0.0000000e+00  5.0118228e-12  2.1423070e+00
7.858600000e+00  0.0000000e+00  4.9554640e-12  2.1070774e+00
7.924000000e+00  0.0000000e+00  5.0486138e-12  2.2079028e+00
7.989400000e+00  0.0000000e+00  5.1316983e-12  2.3030147e+00
8.054800000e+00  0.0000000e+00  5.1485735e-12  2.3357964e+00
8.120200000e+00  0.0000000e+00  5.1959742e-12  2.3990479e+00
8.185600000e+00  0.0000000e+00  5.2036782e-12  2.4237114e+00
8.251000000e+00  0.0000000e+00  5.2260856e-12  2.4636017e+00
8.316400000e+00  0.0000000e+00  5.2572607e-12  2.5131673e+00
8.381800000e+00  0.0000000e+00  5.2814145e-12  2.5563906e+00
8.447200000e+00  0.0000000e+00  5.2898511e-12  2.5838347e+00
8.512600000e+00  0.0000000e+00  5.2808659e-12  2.5936667e+00
8.578000000e+00  0.0000000e+00  5.2954368e-12  2.6287213e+00
8.643400000e+00  0.0000000e+00  5.3010349e-12  2.6543743e+00
8.708800000e+00  0.0000000e+00  5.2940401e-12  2.6670119e+00
8.774200000e+00  0.0000000e+00  5.2851731e-12  2.6775655e+00
8.839600000e+00  0.0000000e+00  5.2526158e-12  2.6644023e+00
8.905000000e+00  0.0000000e+00  5.2501522e-12  2.6808615e+00
8.970400000e+00  0.0000000e+00  5.2836269e-12  2.7348749e+00
9.035800000e+00  0.0000000e+00  5.3353462e-12  2.8082976e+00
9.101200000e+00  0.0000000e+00  5.3351328e-12  2.8280558e+00
9.166600000e+00  0.0000000e+00  5.3164073e-12  2.8282020e+00
9.232000000e+00  0.0000000e+00  5.3067572e-12  2.8370841e+00
9.297400000e+00  0.0000000e+00  5.3335299e-12  2.8845875e+00
9.362800000e+00  0.0000000e+00  4.9250224e-12  2.4793859e+00
9.428200000e+00  0.0000000e+00  3.4204855e-12  1.2039226e+00
9.493600000e+00  0.0000000e+00  2.8076489e-12  8.1120325e-01
9.559000000e+00  0.0000000e+00  3.9142613e-12  1.5987720e+00
9.624400000e+00  0.0000000e+00  2.9967123e-12  9.3880687e-01
9.689800000e+00  0.0000000e+00  3.4043915e-12  1.2263761e+00
9.755200000e+00  0.0000000e+00  3.4408391e-12  1.2602753e+00
9.820600000e+00  0.0000000e+00  3.7929121e-12  1.5432749e+00
9.886000000e+00  0.0000000e+00  4.2810168e-12  1.9783134e+00
9.951400000e+00  0.0000000e+00  4.7833501e-12  2.4835426e+00
1.001680000e+01  0.0000000e+00  5.1379964e-12  2.8810725e+00
1.008220000e+01  0.0000000e+00  5.3771021e-12  3.1739284e+00
1.014760000e+01  0.0000000e+00  5.4731097e-12  3.3079787e+00
1.021300000e+01  0.0000000e+00  5.5164618e-12  3.3808116e+00
1.027840000e+01  0.0000000e+00  5.5199941e-12  3.4057070e+00
1.034380000e+01  0.0000000e+00  5.5236452e-12  3.4317226e+00
1.040920000e+01  0.0000000e+00  5.5253768e-12  3.4554139e+00
1.047460000e+01  0.0000000e+00  5.5149248e-12  3.4628188e+00
1.054000000e+01  0.0000000e+00  5.5080565e-12  3.4750392e+00
1.060540000e+01  0.0000000e+00  5.5040264e-12  3.4911957e+00
1.067080000e+01  0.0000000e+00  5.4975275e-12  3.5041210e+00
1.073620000e+01  0.0000000e+00  5.4895508e-12  3.5150898e+00
1.080160000e+01  0.0000000e+00  5.4790201e-12  3.5225140e+00
1.086700000e+01  0.0000000e+00  5.4693794e-12  3.5310515e+00
1.093240000e+01  0.0000000e+00  5.4587245e-12  3.5381145e+00
1.099780000e+01  0.0000000e+00  5.4452087e-12  3.5411031e+00
1.106320000e+01  0.0000000e+00  5.4336956e-12  3.5468984e+00
1.112860000e+01  0.0000000e+00  5.4199197e-12  3.5494135e+00
1.119400000e+01  0.0000000e+00  5.4059908e-12  3.5515657e+00
1.125940000e+01  0.0000000e+00  5.3888256e-12  3.5490368e+00
1.132480000e+01  0.0000000e+00  5.3763893e-12  3.5530127e+00
1.139020000e+01  0.0000000e+00  5.3619187e-12  3.5539643e+00
1.145560000e+01  0.0000000e+00  5.3468069e-12  3.5538387e+00
1.152100000e+01  0.0000000e+00  5.3323125e-12  3.5544560e+00
1.158640000e+01  0.0000000e+00  5.3165093e-12  3.5530793e+00
1.165180000e+01  0.0000000e+00  5.3006585e-12  3.5514867e+00
1.171720000e+01  0.0000000e+00  5.2794310e-12  3.5420281e+00
1.178260000e+01  0.0000000e+00  5.2662966e-12  3.5440135e+00
1.184800000e+01  0.0000000e+00  5.2513125e-12  3.5432085e+00
1.191340000e+01  0.0000000e+00  5.2337968e-12  3.5386124e+00
1.197880000e+01  0.0000000e+00  5.2177031e-12  3.5358920e+00
1.204420000e+01  0.0000000e+00  5.2001002e-12  3.5308346e+00
1.210960000e+01  0.0000000e+00  5.1807719e-12  3.5231440e+00
1.217500000e+01  0.0000000e+00  5.1644269e-12  3.5196322e+00
1.224040000e+01  0.0000000e+00  5.1453614e-12  3.5119910e+00
1.230580000e+01  0.0000000e+00  5.1247146e-12  3.5019148e+00
1.237120000e+01  0.0000000e+00  5.1028604e-12  3.4900009e+00
1.243660000e+01  0.0000000e+00  5.0821532e-12  3.4795670e+00
1.250200000e+01  0.0000000e+00  5.0549637e-12  3.4597834e+00
1.256740000e+01  0.0000000e+00  5.0357434e-12  3.4510632e+00
1.263280000e+01  0.0000000e+00  4.9640170e-12  3.3680304e+00
1.269820000e+01  0.0000000e+00  5.0040696e-12  3.4436512e+00
1.276360000e+01  0.0000000e+00  4.9722906e-12  3.4168241e+00
1.282900000e+01  0.0000000e+00  4.9502674e-12  3.4037777e+00
1.289440000e+01  0.0000000e+00  4.9259373e-12  3.3872244e+00
1.295980000e+01  0.0000000e+00  4.8932400e-12  3.3589196e+00
1.302520000e+01  0.0000000e+00  4.8691013e-12  3.3418564e+00
1.309060000e+01  0.0000000e+00  4.8261992e-12  3.2989091e+00
1.315600000e+01  0.0000000e+00  4.7884283e-12  3.2618876e+00
1.322140000e+01  0.0000000e+00  4.7045319e-12  3.1621569e+00
1.328680000e+01  0.0000000e+00  4.6397580e-12  3.0887911e+00
1.335220000e+01  0.0000000e+00  4.5322521e-12  2.9598811e+00
1.341760000e+01  0.0000000e+00  4.4330297e-12  2.8441040e+00
1.348300000e+01  0.0000000e+00  4.0731667e-12  2.4097434e+00
1.354840000e+01  0.0000000e+00  4.1719411e-12  2.5412767e+00
1.361380000e+01  0.0000000e+00  4.1052349e-12  2.4722589e+00
1.367920000e+01  0.0000000e+00  4.0729399e-12  2.4457226e+00
1.374460000e+01  0.0000000e+00  4.1474999e-12  2.5486944e+00
1.381000000e+01  0.0000000e+00  4.0515679e-12  2.4444844e+00
1.387540000e+01  0.0000000e+00  3.1802479e-12  1.5083918e+00
1.394080000e+01  0.0000000e+00  3.8040617e-12  2.1732633e+00
1.400620000e+01  0.0000000e+00  3.7254507e-12  2.0930412e+00
1.407160000e+01  0.0000000e+00  3.5941963e-12  1.9569800e+00
1.413700000e+01  0.0000000e+00  3.4378846e-12  1.7974677e+00
1.420240000e+01  0.0000000e+00  3.2280391e-12  1.5912680e+00
1.426780000e+01  0.0000000e+00  3.0582045e-12  1.4341313e+00
1.433320000e+01  0.0000000e+00  2.9290700e-12  1.3210992e+00
1.439860000e+01  0.0000000e+00  2.7593857e-12  1.1771059e+00
1.446400000e+01  0.0000000e+00  2.7050537e-12  1.1361968e+00
1.452940000e+01  0.0000000e+00  2.6520832e-12  1.0969361e+00
1.459480000e+01  0.0000000e+00  2.5866759e-12  1.0480463e+00
1.466020000e+01  0.0000000e+00  2.5691760e-12  1.0385273e+00
1.472560000e+01  0.0000000e+00  2.5578961e-12  1.0339942e+00
1.479100000e+01  0.0000000e+00  2.5233353e-12  1.0106428e+00
1.485640000e+01  0.0000000e+00  2.5303928e-12  1.0208321e+00
1.492180000e+01  0.0000000e+00  2.4916577e-12  9.9408789e-01
1.498720000e+01  0.0000000e+00  2.4176799e-12  9.3999552e-01
1.505260000e+01  0.0000000e+00  2.5065591e-12  1.0148990e+00
1.511800000e+01  0.0000000e+00  2.5010887e-12  1.0148636e+00
1.518340000e+01  0.0000000e+00  2.5224923e-12  1.0368190e+00
1.524880000e+01  0.0000000e+00  2.5199373e-12  1.0391824e+00
1.531420000e+01  0.0000000e+00  2.5062036e-12  1.0322608e+00
1.537960000e+01  0.0000000e+00  2.4926897e-12  1.0255178e+00
1.544500000e+01  0.0000000e+00  2.5655348e-12  1.0911336e+00
1.551040000e+01  0.0000000e+00  2.5752595e-12  1.1041043e+00
1.557580000e+01  0.0000000e+00  2.6339822e-12  1.1601094e+00
1.564120000e+01  0.0000000e+00  2.7138470e-12  1.2370638e+00
1.570660000e+01  0.0000000e+00  2.7385842e-12  1.2650926e+00
1.577200000e+01  0.0000000e+00  2.8186924e-12  1.3461514e+00
1.583740000e+01  0.0000000e+00  2.9400077e-12  1.4712167e+00
1.590280000e+01  0.0000000e+00  3.0339770e-12  1.5735286e+00
1.596820000e+01  0.0000000e+00  3.2016494e-12  1.7601321e+00
1.603360000e+01  0.0000000e+00  3.2615647e-12  1.8343413e+00
1.609900000e+01  0.0000000e+00  3.5328353e-12  2.1622919e+00
1.616440000e+01  0.0000000e+00  3.0498627e-12  1.6160922e+00
1.622980000e+01  0.0000000e+00  3.1444577e-12  1.7252642e+00
1.629520000e+01  0.0000000e+00  3.4503906e-12  2.0873097e+00
1.636060000e+01  0.0000000e+00  3.5466770e-12  2.2149294e+00
1.642600000e+01  0.0000000e+00  3.4139129e-12  2.0596611e+00
1.649140000e+01  0.0000000e+00  3.5211885e-12  2.2006019e+00
1.655680000e+01  0.0000000e+00  3.4439880e-12  2.1128776e+00
1.662220000e+01  0.0000000e+00  3.5743674e-12  2.2856934e+00
1.668760000e+01  0.0000000e+00  3.5170290e-12  2.2212763e+00
1.675300000e+01  0.0000000e+00  3.4094834e-12  2.0953006e+00
1.681840000e+01  0.0000000e+00  3.5607859e-12  2.2952155e+00
1.688380000e+01  0.0000000e+00  3.5893522e-12  2.3412386e+00
1.694920000e+01  0.0000000e+00  3.6321819e-12  2.4080839e+00
1.701460000e+01  0.0000000e+00  3.6471912e-12  2.4379672e+00
1.708000000e+01  0.0000000e+00  3.6593665e-12  2.4642360e+00
1.714540000e+01  0.0000000e+00  3.6591974e-12  2.4738363e+00
1.721080000e+01  0.0000000e+00  3.5923309e-12  2.3912101e+00
1.727620000e+01  0.0000000e+00  3.6707169e-12  2.5097980e+00
1.734160000e+01  0.0000000e+00  3.5921767e-12  2.4102024e+00
1.740700000e+01  0.0000000e+00  3.6435522e-12  2.4919703e+00
1.747240000e+01  0.0000000e+00  3.6247413e-12  2.4754985e+00
1.753780000e+01  0.0000000e+00  3.5771864e-12  2.4184972e+00
1.760320000e+01  0.0000000e+00  3.5421160e-12  2.3792677e+00
1.766860000e+01  0.0000000e+00  3.5550059e-12  2.4070785e+00
1.773400000e+01  0.0000000e+00  3.5213959e-12  2.3696662e+00
1.779940000e+01  0.0000000e+00  3.5466365e-12  2.4149528e+00
1.786480000e+01  0.0000000e+00  3.5317191e-12  2.4037544e+00
1.793020000e+01  0.0000000e+00  3.5124497e-12  2.3861388e+00
1.799560000e+01  0.0000000e+00  3.4804038e-12  2.3503689e+00
1.806100000e+01  0.0000000e+00  3.4640011e-12  2.3367684e+00
1.812640000e+01  0.0000000e+00  3.4584648e-12  2.3384660e+00
1.819180000e+01  0.0000000e+00  3.4140789e-12  2.2853289e+00
1.825720000e+01  0.0000000e+00  3.3879274e-12  2.2579009e+00
1.832260000e+01  0.0000000e+00  3.3031025e-12  2.1515755e+00
1.838800000e+01  0.0000000e+00  3.3791754e-12  2.2636928e+00
1.845340000e+01  0.0000000e+00  3.3481910e-12  2.2294964e+00
1.851880000e+01  0.0000000e+00  3.3585972e-12  2.2528580e+00
1.858420000e+01  0.0000000e+00  3.3434926e-12  2.2406041e+00
1.864960000e+01  0.0000000e+00  3.2680784e-12  2.1451214e+00
1.871500000e+01  0.0000000e+00  3.3109204e-12  2.2125669e+00
1.878040000e+01  0.0000000e+00  3.2964337e-12  2.2010690e+00
1.884580000e+01  0.0000000e+00  3.2804435e-12  2.1873343e+00
1.891120000e+01  0.0000000e+00  3.2625941e-12  2.1707648e+00
1.897660000e+01  0.0000000e+00  3.2000487e-12  2.0929049e+00
1.904200000e+01  0.0000000e+00  3.1568019e-12  2.0427995e+00
1.910740000e+01  0.0000000e+00  3.2172146e-12  2.1324972e+00
1.917280000e+01  0.0000000e+00  3.2009242e-12  2.1180398e+00
1.923820000e+01  0.0000000e+00  3.1230634e-12  2.0200394e+00
1.930360000e+01  0.0000000e+00  3.0654448e-12  1.9515311e+00
1.936900000e+01  0.0000000e+00  3.1036822e-12  2.0089138e+00
1.943440000e+01  0.0000000e+00  3.1391073e-12  2.0645527e+00
1.949980000e+01  0.0000000e+00  3.1251660e-12  2.0532556e+00
1.956520000e+01  0.0000000e+00  3.0977252e-12  2.0232379e+00
1.963060000e+01  0.0000000e+00  3.0928187e-12  2.0241424e+00
1.969600000e+01  0.0000000e+00  3.0046100e-12  1.9136303e+00
1.976140000e+01  0.0000000e+00  3.0146530e-12  1.9336534e+00
1.982680000e+01  0.0000000e+00  3.0416849e-12  1.9769002e+00
1.989220000e+01  0.0000000e+00  2.9583729e-12  1.8735342e+00
1.995760000e+01  0.0000000e+00  2.9849098e-12  1.9151529e+00
