# 3D spectroscopic simulation - Spatial binning of 5 (195 calculations)
# ------------------------------------------------------------------------
# Radiance spectrum
# NASA-GSFC Planetary Spectrum Generator (PSG) (Villanueva et al. 2018, 2022)
# Synthesized on Thu Jan 30 18:05:08 2025
# Doppler velocities [km/s] (vobs,vrot+vorb,vwidth,vrfl,vstr): -21.10000,-0.00028,0.00000,0.00000,0.00043
# ------------------------------------------------------------------------
# Spectra synthesized with the Planetary and Universal Model of Atmospheric Scattering (PUMAS, Villanueva et al. 2018, 2022)
# Multiple scattering method employing PSGDORT, NMAX:2 / LMAX:4 / gMAX:0.95
# Radiative transfer took 1.157 seconds
# ------------------------------------------------------------------------
# Spectral unit: Wavelength [um]
# Radiance unit: Spectral radiance [W/sr/m2/um]
# Wave/freq Total Noise Proxima-Cen-b
4.000000000e+00  0.0000000e+00  9.3789877e-13  2.7858830e-01
4.065400000e+00  0.0000000e+00  1.0595874e-12  2.2393686e-01
4.130800000e+00  0.0000000e+00  1.1693762e-12  1.8789365e-01
4.196200000e+00  0.0000000e+00  5.8467346e-13  2.2771520e-02
4.261600000e+00  0.0000000e+00  1.5023684e-13  1.0345633e-03
4.327000000e+00  0.0000000e+00  2.0564018e-13  1.9830843e-03
4.392400000e+00  0.0000000e+00  4.1459529e-13  8.4755061e-03
4.457800000e+00  0.0000000e+00  1.3978847e-12  1.3316342e-01
4.523200000e+00  0.0000000e+00  1.2130174e-12  1.9963539e-01
4.588600000e+00  0.0000000e+00  1.0617282e-12  2.0420965e-01
4.654000000e+00  0.0000000e+00  1.0309711e-12  2.1174467e-01
4.719400000e+00  0.0000000e+00  1.0291428e-12  1.4323189e-01
4.784800000e+00  0.0000000e+00  1.2248548e-12  1.6973091e-01
4.850200000e+00  0.0000000e+00  1.4988627e-12  2.0055308e-01
4.915600000e+00  0.0000000e+00  1.2188347e-12  2.0766837e-01
4.981000000e+00  0.0000000e+00  1.2066638e-12  2.0851047e-01
5.046400000e+00  0.0000000e+00  1.1891512e-12  2.0534546e-01
5.111800000e+00  0.0000000e+00  1.3681013e-12  2.1425216e-01
5.177200000e+00  0.0000000e+00  1.6178463e-12  2.2868409e-01
5.242600000e+00  0.0000000e+00  1.6825085e-12  2.4205179e-01
5.308000000e+00  0.0000000e+00  1.6464298e-12  2.4582330e-01
5.373400000e+00  0.0000000e+00  1.8108361e-12  2.7126408e-01
5.438800000e+00  0.0000000e+00  2.1571810e-12  3.3377481e-01
5.504200000e+00  0.0000000e+00  2.1300095e-12  3.3944369e-01
5.569600000e+00  0.0000000e+00  2.3604514e-12  3.8250502e-01
5.635000000e+00  0.0000000e+00  2.4270985e-12  3.9502087e-01
5.700400000e+00  0.0000000e+00  2.4983921e-12  4.1836493e-01
5.765800000e+00  0.0000000e+00  2.5242598e-12  4.2442412e-01
5.831200000e+00  0.0000000e+00  2.5979828e-12  4.5328164e-01
5.896600000e+00  0.0000000e+00  2.5656051e-12  4.3735792e-01
5.962000000e+00  0.0000000e+00  2.6215162e-12  4.5933282e-01
6.027400000e+00  0.0000000e+00  2.7245788e-12  4.9739754e-01
6.092800000e+00  0.0000000e+00  2.7489794e-12  5.0919176e-01
6.158200000e+00  0.0000000e+00  2.9308078e-12  5.8715997e-01
6.223600000e+00  0.0000000e+00  3.1290462e-12  6.8186495e-01
6.289000000e+00  0.0000000e+00  3.2345766e-12  7.4278084e-01
6.354400000e+00  0.0000000e+00  3.0888831e-12  6.6823150e-01
6.419800000e+00  0.0000000e+00  3.0070784e-12  6.3695717e-01
6.485200000e+00  0.0000000e+00  2.9786860e-12  6.3252806e-01
6.550600000e+00  0.0000000e+00  3.0114498e-12  6.5503660e-01
6.616000000e+00  0.0000000e+00  3.0487086e-12  6.7725038e-01
6.681400000e+00  0.0000000e+00  3.3391853e-12  8.2827237e-01
6.746800000e+00  0.0000000e+00  3.5069165e-12  9.4923558e-01
6.812200000e+00  0.0000000e+00  3.4562834e-12  9.1603378e-01
6.877600000e+00  0.0000000e+00  3.4907073e-12  9.5386655e-01
6.943000000e+00  0.0000000e+00  3.4542170e-12  9.5361010e-01
7.008400000e+00  0.0000000e+00  3.5028667e-12  1.0096654e+00
7.073800000e+00  0.0000000e+00  3.3212083e-12  9.3993909e-01
7.139200000e+00  0.0000000e+00  3.5586754e-12  1.0553637e+00
7.204600000e+00  0.0000000e+00  3.3387657e-12  9.6964563e-01
7.270000000e+00  0.0000000e+00  3.3735581e-12  9.9608842e-01
7.335400000e+00  0.0000000e+00  3.3245711e-12  9.7442062e-01
7.400800000e+00  0.0000000e+00  2.8016273e-12  7.2594641e-01
7.466200000e+00  0.0000000e+00  3.2766077e-12  9.7719477e-01
7.531600000e+00  0.0000000e+00  2.5158566e-12  6.1091534e-01
7.597000000e+00  0.0000000e+00  3.1925111e-12  9.6577754e-01
7.662400000e+00  0.0000000e+00  2.4051743e-12  5.6219548e-01
7.727800000e+00  0.0000000e+00  2.4972631e-12  6.1030278e-01
7.793200000e+00  0.0000000e+00  2.5858557e-12  6.5488896e-01
7.858600000e+00  0.0000000e+00  2.9294596e-12  8.3261103e-01
7.924000000e+00  0.0000000e+00  2.7166839e-12  7.2764277e-01
7.989400000e+00  0.0000000e+00  2.4474764e-12  5.9103893e-01
8.054800000e+00  0.0000000e+00  2.5378456e-12  6.4125997e-01
8.120200000e+00  0.0000000e+00  2.4243599e-12  5.9123918e-01
8.185600000e+00  0.0000000e+00  2.5784832e-12  6.7553014e-01
8.251000000e+00  0.0000000e+00  2.6034814e-12  6.9185839e-01
8.316400000e+00  0.0000000e+00  2.5406342e-12  6.5976340e-01
8.381800000e+00  0.0000000e+00  2.5138998e-12  6.4714816e-01
8.447200000e+00  0.0000000e+00  2.5722611e-12  6.7891750e-01
8.512600000e+00  0.0000000e+00  2.7074526e-12  7.5435732e-01
8.578000000e+00  0.0000000e+00  2.6373477e-12  7.1478015e-01
8.643400000e+00  0.0000000e+00  2.6175890e-12  7.0379705e-01
8.708800000e+00  0.0000000e+00  2.6630929e-12  7.2876016e-01
8.774200000e+00  0.0000000e+00  2.7189219e-12  7.6075244e-01
8.839600000e+00  0.0000000e+00  2.7300310e-12  7.6275349e-01
8.905000000e+00  0.0000000e+00  2.7744991e-12  7.9299821e-01
8.970400000e+00  0.0000000e+00  2.7531336e-12  7.8886227e-01
9.035800000e+00  0.0000000e+00  2.7644223e-12  8.0660305e-01
9.101200000e+00  0.0000000e+00  2.7854872e-12  8.2159640e-01
9.166600000e+00  0.0000000e+00  2.8615782e-12  8.6619989e-01
9.232000000e+00  0.0000000e+00  3.0032899e-12  9.5211455e-01
9.297400000e+00  0.0000000e+00  3.0857437e-12  1.0090339e+00
9.362800000e+00  0.0000000e+00  3.1860796e-12  1.0448098e+00
9.428200000e+00  0.0000000e+00  3.1484272e-12  1.0098296e+00
9.493600000e+00  0.0000000e+00  2.8963300e-12  8.6254519e-01
9.559000000e+00  0.0000000e+00  3.0900641e-12  9.8866621e-01
9.624400000e+00  0.0000000e+00  2.9040657e-12  8.7799593e-01
9.689800000e+00  0.0000000e+00  3.1536560e-12  1.0403519e+00
9.755200000e+00  0.0000000e+00  3.1827576e-12  1.0667884e+00
9.820600000e+00  0.0000000e+00  3.2765237e-12  1.1383319e+00
9.886000000e+00  0.0000000e+00  3.3160474e-12  1.1772017e+00
9.951400000e+00  0.0000000e+00  3.2817162e-12  1.1687917e+00
1.001680000e+01  0.0000000e+00  3.1914214e-12  1.1261798e+00
1.008220000e+01  0.0000000e+00  3.0846377e-12  1.0800938e+00
1.014760000e+01  0.0000000e+00  3.0575715e-12  1.0855774e+00
1.021300000e+01  0.0000000e+00  3.0720819e-12  1.1180616e+00
1.027840000e+01  0.0000000e+00  3.1134886e-12  1.1551473e+00
1.034380000e+01  0.0000000e+00  3.0432797e-12  1.1162700e+00
1.040920000e+01  0.0000000e+00  2.9732604e-12  1.0786601e+00
1.047460000e+01  0.0000000e+00  3.0642111e-12  1.1438617e+00
1.054000000e+01  0.0000000e+00  3.0881047e-12  1.1672708e+00
1.060540000e+01  0.0000000e+00  3.0711008e-12  1.1619343e+00
1.067080000e+01  0.0000000e+00  3.0421795e-12  1.1495087e+00
1.073620000e+01  0.0000000e+00  3.0124024e-12  1.1363251e+00
1.080160000e+01  0.0000000e+00  3.0034282e-12  1.1381313e+00
1.086700000e+01  0.0000000e+00  2.9943708e-12  1.1378019e+00
1.093240000e+01  0.0000000e+00  2.9906689e-12  1.1409936e+00
1.099780000e+01  0.0000000e+00  3.0109803e-12  1.1638988e+00
1.106320000e+01  0.0000000e+00  2.9945435e-12  1.1558910e+00
1.112860000e+01  0.0000000e+00  2.9968115e-12  1.1636018e+00
1.119400000e+01  0.0000000e+00  2.9983686e-12  1.1708279e+00
1.125940000e+01  0.0000000e+00  3.0232680e-12  1.1978306e+00
1.132480000e+01  0.0000000e+00  3.0097771e-12  1.1922124e+00
1.139020000e+01  0.0000000e+00  3.0103498e-12  1.1984984e+00
1.145560000e+01  0.0000000e+00  3.0149151e-12  1.2082732e+00
1.152100000e+01  0.0000000e+00  3.0108207e-12  1.2106194e+00
1.158640000e+01  0.0000000e+00  3.0137244e-12  1.2186269e+00
1.165180000e+01  0.0000000e+00  3.0118052e-12  1.2231220e+00
1.171720000e+01  0.0000000e+00  3.0663421e-12  1.2778168e+00
1.178260000e+01  0.0000000e+00  3.0314362e-12  1.2522564e+00
1.184800000e+01  0.0000000e+00  3.0156494e-12  1.2440227e+00
1.191340000e+01  0.0000000e+00  3.0246956e-12  1.2580784e+00
1.197880000e+01  0.0000000e+00  3.0157436e-12  1.2558668e+00
1.204420000e+01  0.0000000e+00  3.0263962e-12  1.2698916e+00
1.210960000e+01  0.0000000e+00  3.0410520e-12  1.2896946e+00
1.217500000e+01  0.0000000e+00  3.0335361e-12  1.2868408e+00
1.224040000e+01  0.0000000e+00  3.0535750e-12  1.3081787e+00
1.230580000e+01  0.0000000e+00  3.0842589e-12  1.3391553e+00
1.237120000e+01  0.0000000e+00  3.1119078e-12  1.3671958e+00
1.243660000e+01  0.0000000e+00  3.1324820e-12  1.3908448e+00
1.250200000e+01  0.0000000e+00  3.1678599e-12  1.4304756e+00
1.256740000e+01  0.0000000e+00  3.1712246e-12  1.4422844e+00
1.263280000e+01  0.0000000e+00  3.5612044e-12  1.7750619e+00
1.269820000e+01  0.0000000e+00  3.0682617e-12  1.3591622e+00
1.276360000e+01  0.0000000e+00  3.1284780e-12  1.4173105e+00
1.282900000e+01  0.0000000e+00  3.1383329e-12  1.4294677e+00
1.289440000e+01  0.0000000e+00  3.1568759e-12  1.4509459e+00
1.295980000e+01  0.0000000e+00  3.2166328e-12  1.5056202e+00
1.302520000e+01  0.0000000e+00  3.2865620e-12  1.5749933e+00
1.309060000e+01  0.0000000e+00  3.3831857e-12  1.6660682e+00
1.315600000e+01  0.0000000e+00  3.5602079e-12  1.8424244e+00
1.322140000e+01  0.0000000e+00  3.7948473e-12  2.0860186e+00
1.328680000e+01  0.0000000e+00  3.9311801e-12  2.2384305e+00
1.335220000e+01  0.0000000e+00  4.0598644e-12  2.3869722e+00
1.341760000e+01  0.0000000e+00  4.1299210e-12  2.4749232e+00
1.348300000e+01  0.0000000e+00  4.1451317e-12  2.4941421e+00
1.354840000e+01  0.0000000e+00  4.2209289e-12  2.6003995e+00
1.361380000e+01  0.0000000e+00  4.1660086e-12  2.5442656e+00
1.367920000e+01  0.0000000e+00  4.1415938e-12  2.5272057e+00
1.374460000e+01  0.0000000e+00  4.1834235e-12  2.5914135e+00
1.381000000e+01  0.0000000e+00  4.1407525e-12  2.5521888e+00
1.387540000e+01  0.0000000e+00  3.2313417e-12  1.5581699e+00
1.394080000e+01  0.0000000e+00  4.0099770e-12  2.4146922e+00
1.400620000e+01  0.0000000e+00  3.9308178e-12  2.3308005e+00
1.407160000e+01  0.0000000e+00  3.8118016e-12  2.2035988e+00
1.413700000e+01  0.0000000e+00  3.6034507e-12  1.9784022e+00
1.420240000e+01  0.0000000e+00  3.3193370e-12  1.6864217e+00
1.426780000e+01  0.0000000e+00  3.0793558e-12  1.4574910e+00
1.433320000e+01  0.0000000e+00  2.9027359e-12  1.3002001e+00
1.439860000e+01  0.0000000e+00  2.6759650e-12  1.1082753e+00
1.446400000e+01  0.0000000e+00  2.6070422e-12  1.0562549e+00
1.452940000e+01  0.0000000e+00  2.5412168e-12  1.0076296e+00
1.459480000e+01  0.0000000e+00  2.4844421e-12  9.6707159e-01
1.466020000e+01  0.0000000e+00  2.4691174e-12  9.5940307e-01
1.472560000e+01  0.0000000e+00  2.4611280e-12  9.5744314e-01
1.479100000e+01  0.0000000e+00  2.4376249e-12  9.4333592e-01
1.485640000e+01  0.0000000e+00  2.4399358e-12  9.4932739e-01
1.492180000e+01  0.0000000e+00  2.4145353e-12  9.3366211e-01
1.498720000e+01  0.0000000e+00  2.3495118e-12  8.8776353e-01
1.505260000e+01  0.0000000e+00  2.4216921e-12  9.4752005e-01
1.511800000e+01  0.0000000e+00  2.4155309e-12  9.4677143e-01
1.518340000e+01  0.0000000e+00  2.4301593e-12  9.6249536e-01
1.524880000e+01  0.0000000e+00  2.4268000e-12  9.6397216e-01
1.531420000e+01  0.0000000e+00  2.4175196e-12  9.6068366e-01
1.537960000e+01  0.0000000e+00  2.4051076e-12  9.5485597e-01
1.544500000e+01  0.0000000e+00  2.4727861e-12  1.0141068e+00
1.551040000e+01  0.0000000e+00  2.4825997e-12  1.0266056e+00
1.557580000e+01  0.0000000e+00  2.5534758e-12  1.0912866e+00
1.564120000e+01  0.0000000e+00  2.6570572e-12  1.1876588e+00
1.570660000e+01  0.0000000e+00  2.7000974e-12  1.2317257e+00
1.577200000e+01  0.0000000e+00  2.8126180e-12  1.3429372e+00
1.583740000e+01  0.0000000e+00  2.9851357e-12  1.5200235e+00
1.590280000e+01  0.0000000e+00  3.1161962e-12  1.6632527e+00
1.596820000e+01  0.0000000e+00  3.3261587e-12  1.9020194e+00
1.603360000e+01  0.0000000e+00  3.3771899e-12  1.9678444e+00
1.609900000e+01  0.0000000e+00  3.6133616e-12  2.2611640e+00
1.616440000e+01  0.0000000e+00  3.1393758e-12  1.7135986e+00
1.622980000e+01  0.0000000e+00  3.2427930e-12  1.8359967e+00
1.629520000e+01  0.0000000e+00  3.5470036e-12  2.2053581e+00
1.636060000e+01  0.0000000e+00  3.6012271e-12  2.2829983e+00
1.642600000e+01  0.0000000e+00  3.4883858e-12  2.1497897e+00
1.649140000e+01  0.0000000e+00  3.5429923e-12  2.2273827e+00
1.655680000e+01  0.0000000e+00  3.4750996e-12  2.1504679e+00
1.662220000e+01  0.0000000e+00  3.5055264e-12  2.1996137e+00
1.668760000e+01  0.0000000e+00  3.4646394e-12  2.1562937e+00
1.675300000e+01  0.0000000e+00  3.4304117e-12  2.1207977e+00
1.681840000e+01  0.0000000e+00  3.4057060e-12  2.1035018e+00
1.688380000e+01  0.0000000e+00  3.3656902e-12  2.0680766e+00
1.694920000e+01  0.0000000e+00  3.2702604e-12  1.9629616e+00
1.701460000e+01  0.0000000e+00  3.2228954e-12  1.9167610e+00
1.708000000e+01  0.0000000e+00  3.1391324e-12  1.8314701e+00
1.714540000e+01  0.0000000e+00  3.0911818e-12  1.7860567e+00
1.721080000e+01  0.0000000e+00  3.1403485e-12  1.8633676e+00
1.727620000e+01  0.0000000e+00  2.8901191e-12  1.5890159e+00
1.734160000e+01  0.0000000e+00  2.9897885e-12  1.7103251e+00
1.740700000e+01  0.0000000e+00  2.7695339e-12  1.4797482e+00
1.747240000e+01  0.0000000e+00  2.7598925e-12  1.4743547e+00
1.753780000e+01  0.0000000e+00  2.8059003e-12  1.5410421e+00
1.760320000e+01  0.0000000e+00  2.8657743e-12  1.6177260e+00
1.766860000e+01  0.0000000e+00  2.6935194e-12  1.4285189e+00
1.773400000e+01  0.0000000e+00  2.7261571e-12  1.4737685e+00
1.779940000e+01  0.0000000e+00  2.5673542e-12  1.3068274e+00
1.786480000e+01  0.0000000e+00  2.5197450e-12  1.2631790e+00
1.793020000e+01  0.0000000e+00  2.5295194e-12  1.2787170e+00
1.799560000e+01  0.0000000e+00  2.5882249e-12  1.3456034e+00
1.806100000e+01  0.0000000e+00  2.5672968e-12  1.3290408e+00
1.812640000e+01  0.0000000e+00  2.5133832e-12  1.2765397e+00
1.819180000e+01  0.0000000e+00  2.6563256e-12  1.4381190e+00
1.825720000e+01  0.0000000e+00  2.7208032e-12  1.5174767e+00
1.832260000e+01  0.0000000e+00  2.8564303e-12  1.6595446e+00
1.838800000e+01  0.0000000e+00  2.5707034e-12  1.3480435e+00
1.845340000e+01  0.0000000e+00  2.5688874e-12  1.3599496e+00
1.851880000e+01  0.0000000e+00  2.4647447e-12  1.2545594e+00
1.858420000e+01  0.0000000e+00  2.4462788e-12  1.2386328e+00
1.864960000e+01  0.0000000e+00  2.6522381e-12  1.4649917e+00
1.871500000e+01  0.0000000e+00  2.4403552e-12  1.2412832e+00
1.878040000e+01  0.0000000e+00  2.3969830e-12  1.1992479e+00
1.884580000e+01  0.0000000e+00  2.3880446e-12  1.1940037e+00
1.891120000e+01  0.0000000e+00  2.4257552e-12  1.2397511e+00
1.897660000e+01  0.0000000e+00  2.6250907e-12  1.4612445e+00
1.904200000e+01  0.0000000e+00  2.6467474e-12  1.4829379e+00
1.910740000e+01  0.0000000e+00  2.4026292e-12  1.2296809e+00
1.917280000e+01  0.0000000e+00  2.4010321e-12  1.2319170e+00
1.923820000e+01  0.0000000e+00  2.6456301e-12  1.5063947e+00
1.930360000e+01  0.0000000e+00  2.7023633e-12  1.5697931e+00
1.936900000e+01  0.0000000e+00  2.6202123e-12  1.4902083e+00
1.943440000e+01  0.0000000e+00  2.4011433e-12  1.2517463e+00
1.949980000e+01  0.0000000e+00  2.3424978e-12  1.1910915e+00
1.956520000e+01  0.0000000e+00  2.4352112e-12  1.2972068e+00
1.963060000e+01  0.0000000e+00  2.3668536e-12  1.2265036e+00
1.969600000e+01  0.0000000e+00  2.5621725e-12  1.4371920e+00
1.976140000e+01  0.0000000e+00  2.5130282e-12  1.3912765e+00
1.982680000e+01  0.0000000e+00  2.4108738e-12  1.2905450e+00
1.989220000e+01  0.0000000e+00  2.5920872e-12  1.4900205e+00
1.995760000e+01  0.0000000e+00  2.4450102e-12  1.3293150e+00
