# 3D spectroscopic simulation - Spatial binning of 5 (194 calculations)
# ------------------------------------------------------------------------
# Radiance spectrum
# NASA-GSFC Planetary Spectrum Generator (PSG) (Villanueva et al. 2018, 2022)
# Synthesized on Fri Jan 31 13:29:01 2025
# Doppler velocities [km/s] (vobs,vrot+vorb,vwidth,vrfl,vstr): -21.10000,0.00031,0.00000,-10.47092,-0.00093
# ------------------------------------------------------------------------
# Spectra synthesized with the Planetary and Universal Model of Atmospheric Scattering (PUMAS, Villanueva et al. 2018, 2022)
# Multiple scattering method employing PSGDORT, NMAX:2 / LMAX:4 / gMAX:0.95
# Radiative transfer took 1.909 seconds
# ------------------------------------------------------------------------
# Spectral unit: Wavelength [um]
# Radiance unit: Spectral radiance [W/sr/m2/um]
# Wave/freq Total Noise Proxima-Cen-b
4.000000000e+00  0.0000000e+00  5.8134203e-13  4.9873033e-02
4.065400000e+00  0.0000000e+00  3.9821922e-13  2.6833249e-02
4.130800000e+00  0.0000000e+00  3.6542853e-13  2.1835411e-02
4.196200000e+00  0.0000000e+00  1.7693170e-13  3.4753853e-03
4.261600000e+00  0.0000000e+00  1.7966493e-13  1.4926478e-03
4.327000000e+00  0.0000000e+00  2.2776304e-13  2.4166112e-03
4.392400000e+00  0.0000000e+00  3.4778554e-13  5.9558258e-03
4.457800000e+00  0.0000000e+00  4.6765120e-13  2.6545622e-02
4.523200000e+00  0.0000000e+00  5.8514744e-13  5.7448498e-02
4.588600000e+00  0.0000000e+00  6.3685029e-13  6.9404391e-02
4.654000000e+00  0.0000000e+00  6.7320068e-13  7.7512552e-02
4.719400000e+00  0.0000000e+00  6.1910836e-13  5.6737075e-02
4.784800000e+00  0.0000000e+00  6.9743393e-13  7.0158783e-02
4.850200000e+00  0.0000000e+00  7.7537709e-13  8.4147255e-02
4.915600000e+00  0.0000000e+00  8.5324001e-13  1.0700675e-01
4.981000000e+00  0.0000000e+00  9.2190872e-13  1.2108206e-01
5.046400000e+00  0.0000000e+00  9.8579819e-13  1.3533191e-01
5.111800000e+00  0.0000000e+00  1.1472423e-12  1.5425761e-01
5.177200000e+00  0.0000000e+00  1.3102457e-12  1.7260363e-01
5.242600000e+00  0.0000000e+00  1.4819840e-12  2.0354948e-01
5.308000000e+00  0.0000000e+00  1.6214057e-12  2.3508071e-01
5.373400000e+00  0.0000000e+00  1.8269605e-12  2.6955481e-01
5.438800000e+00  0.0000000e+00  2.0899808e-12  3.0774586e-01
5.504200000e+00  0.0000000e+00  2.1684132e-12  3.4355618e-01
5.569600000e+00  0.0000000e+00  2.2767745e-12  3.4345841e-01
5.635000000e+00  0.0000000e+00  2.2963270e-12  3.4562485e-01
5.700400000e+00  0.0000000e+00  2.3303192e-12  3.5239989e-01
5.765800000e+00  0.0000000e+00  2.3557721e-12  3.6177559e-01
5.831200000e+00  0.0000000e+00  2.4145396e-12  3.8256574e-01
5.896600000e+00  0.0000000e+00  2.3203523e-12  3.5212099e-01
5.962000000e+00  0.0000000e+00  2.3651211e-12  3.6886747e-01
6.027400000e+00  0.0000000e+00  2.4799577e-12  4.1016476e-01
6.092800000e+00  0.0000000e+00  2.4824215e-12  4.1282817e-01
6.158200000e+00  0.0000000e+00  2.6598542e-12  4.7945127e-01
6.223600000e+00  0.0000000e+00  3.0703339e-12  6.5234634e-01
6.289000000e+00  0.0000000e+00  3.3581125e-12  7.9325698e-01
6.354400000e+00  0.0000000e+00  2.8130340e-12  5.4989254e-01
6.419800000e+00  0.0000000e+00  2.6899232e-12  5.0619961e-01
6.485200000e+00  0.0000000e+00  2.6837184e-12  5.0853383e-01
6.550600000e+00  0.0000000e+00  2.7447263e-12  5.3692031e-01
6.616000000e+00  0.0000000e+00  2.7988994e-12  5.6358517e-01
6.681400000e+00  0.0000000e+00  3.1658725e-12  7.2903517e-01
6.746800000e+00  0.0000000e+00  3.7020027e-12  1.0149093e+00
6.812200000e+00  0.0000000e+00  3.4406364e-12  8.7846558e-01
6.877600000e+00  0.0000000e+00  3.6606321e-12  1.0057298e+00
6.943000000e+00  0.0000000e+00  3.8739380e-12  1.1392038e+00
7.008400000e+00  0.0000000e+00  3.9817596e-12  1.2143941e+00
7.073800000e+00  0.0000000e+00  4.3081887e-12  1.4417743e+00
7.139200000e+00  0.0000000e+00  4.0128516e-12  1.2521851e+00
7.204600000e+00  0.0000000e+00  4.4309924e-12  1.5502767e+00
7.270000000e+00  0.0000000e+00  4.4559436e-12  1.5796605e+00
7.335400000e+00  0.0000000e+00  4.5456587e-12  1.6583703e+00
7.400800000e+00  0.0000000e+00  4.8937181e-12  1.9508090e+00
7.466200000e+00  0.0000000e+00  4.7222946e-12  1.8215273e+00
7.531600000e+00  0.0000000e+00  5.1062760e-12  2.1640099e+00
7.597000000e+00  0.0000000e+00  4.9206388e-12  2.0140913e+00
7.662400000e+00  0.0000000e+00  5.2153860e-12  2.2948318e+00
7.727800000e+00  0.0000000e+00  5.2543574e-12  2.3470102e+00
7.793200000e+00  0.0000000e+00  5.2834152e-12  2.3908463e+00
7.858600000e+00  0.0000000e+00  5.2141042e-12  2.3411023e+00
7.924000000e+00  0.0000000e+00  5.3289736e-12  2.4686099e+00
7.989400000e+00  0.0000000e+00  5.4324926e-12  2.5904320e+00
8.054800000e+00  0.0000000e+00  5.4525294e-12  2.6285684e+00
8.120200000e+00  0.0000000e+00  5.5097539e-12  2.7065299e+00
8.185600000e+00  0.0000000e+00  5.5190206e-12  2.7345241e+00
8.251000000e+00  0.0000000e+00  5.5452312e-12  2.7816755e+00
8.316400000e+00  0.0000000e+00  5.5834081e-12  2.8429178e+00
8.381800000e+00  0.0000000e+00  5.6139872e-12  2.8969090e+00
8.447200000e+00  0.0000000e+00  5.6241715e-12  2.9290603e+00
8.512600000e+00  0.0000000e+00  5.6130669e-12  2.9381619e+00
8.578000000e+00  0.0000000e+00  5.6346139e-12  2.9848904e+00
8.643400000e+00  0.0000000e+00  5.6428056e-12  3.0167856e+00
8.708800000e+00  0.0000000e+00  5.6363328e-12  3.0323270e+00
8.774200000e+00  0.0000000e+00  5.6265551e-12  3.0440790e+00
8.839600000e+00  0.0000000e+00  5.5942162e-12  3.0324347e+00
8.905000000e+00  0.0000000e+00  5.5901190e-12  3.0493803e+00
8.970400000e+00  0.0000000e+00  5.6248833e-12  3.1098510e+00
9.035800000e+00  0.0000000e+00  5.6772437e-12  3.1898142e+00
9.101200000e+00  0.0000000e+00  5.6761027e-12  3.2114800e+00
9.166600000e+00  0.0000000e+00  5.6551280e-12  3.2109360e+00
9.232000000e+00  0.0000000e+00  5.6425568e-12  3.2186305e+00
9.297400000e+00  0.0000000e+00  5.6666863e-12  3.2671433e+00
9.362800000e+00  0.0000000e+00  5.2453619e-12  2.8258910e+00
9.428200000e+00  0.0000000e+00  3.6226064e-12  1.3610174e+00
9.493600000e+00  0.0000000e+00  2.9152311e-12  8.8015668e-01
9.559000000e+00  0.0000000e+00  4.1487567e-12  1.8080411e+00
9.624400000e+00  0.0000000e+00  3.1309332e-12  1.0321979e+00
9.689800000e+00  0.0000000e+00  3.5928847e-12  1.3765585e+00
9.755200000e+00  0.0000000e+00  3.6305527e-12  1.4137035e+00
9.820600000e+00  0.0000000e+00  4.0202500e-12  1.7463587e+00
9.886000000e+00  0.0000000e+00  4.5492562e-12  2.2481481e+00
9.951400000e+00  0.0000000e+00  5.0813781e-12  2.8172212e+00
1.001680000e+01  0.0000000e+00  5.4499945e-12  3.2551280e+00
1.008220000e+01  0.0000000e+00  5.6978145e-12  3.5754196e+00
1.014760000e+01  0.0000000e+00  5.7964982e-12  3.7203938e+00
1.021300000e+01  0.0000000e+00  5.8404808e-12  3.7983159e+00
1.027840000e+01  0.0000000e+00  5.8448434e-12  3.8264192e+00
1.034380000e+01  0.0000000e+00  5.8511617e-12  3.8583260e+00
1.040920000e+01  0.0000000e+00  5.8551796e-12  3.8873095e+00
1.047460000e+01  0.0000000e+00  5.8444957e-12  3.8958097e+00
1.054000000e+01  0.0000000e+00  5.8375885e-12  3.9096525e+00
1.060540000e+01  0.0000000e+00  5.8343071e-12  3.9289395e+00
1.067080000e+01  0.0000000e+00  5.8265387e-12  3.9419562e+00
1.073620000e+01  0.0000000e+00  5.8167459e-12  3.9521984e+00
1.080160000e+01  0.0000000e+00  5.8033658e-12  3.9572349e+00
1.086700000e+01  0.0000000e+00  5.7913769e-12  3.9642437e+00
1.093240000e+01  0.0000000e+00  5.7781812e-12  3.9694262e+00
1.099780000e+01  0.0000000e+00  5.7609708e-12  3.9685045e+00
1.106320000e+01  0.0000000e+00  5.7478414e-12  3.9736753e+00
1.112860000e+01  0.0000000e+00  5.7315223e-12  3.9739245e+00
1.119400000e+01  0.0000000e+00  5.7150981e-12  3.9738322e+00
1.125940000e+01  0.0000000e+00  5.6943555e-12  3.9671240e+00
1.132480000e+01  0.0000000e+00  5.6802433e-12  3.9701584e+00
1.139020000e+01  0.0000000e+00  5.6633208e-12  3.9688131e+00
1.145560000e+01  0.0000000e+00  5.6455281e-12  3.9659635e+00
1.152100000e+01  0.0000000e+00  5.6286886e-12  3.9643998e+00
1.158640000e+01  0.0000000e+00  5.6101742e-12  3.9601798e+00
1.165180000e+01  0.0000000e+00  5.5916587e-12  3.9557765e+00
1.171720000e+01  0.0000000e+00  5.5656044e-12  3.9397014e+00
1.178260000e+01  0.0000000e+00  5.5512481e-12  3.9412794e+00
1.184800000e+01  0.0000000e+00  5.5342690e-12  3.9386932e+00
1.191340000e+01  0.0000000e+00  5.5138771e-12  3.9307047e+00
1.197880000e+01  0.0000000e+00  5.4954326e-12  3.9255267e+00
1.204420000e+01  0.0000000e+00  5.4751331e-12  3.9173348e+00
1.210960000e+01  0.0000000e+00  5.4526576e-12  3.9056231e+00
1.217500000e+01  0.0000000e+00  5.4342413e-12  3.9000228e+00
1.224040000e+01  0.0000000e+00  5.4123619e-12  3.8889167e+00
1.230580000e+01  0.0000000e+00  5.3884600e-12  3.8745728e+00
1.237120000e+01  0.0000000e+00  5.3633546e-12  3.8583384e+00
1.243660000e+01  0.0000000e+00  5.3394162e-12  3.8436210e+00
1.250200000e+01  0.0000000e+00  5.3070895e-12  3.8162512e+00
1.256740000e+01  0.0000000e+00  5.2850297e-12  3.8038225e+00
1.263280000e+01  0.0000000e+00  5.2013271e-12  3.7016360e+00
1.269820000e+01  0.0000000e+00  5.2531254e-12  3.7978348e+00
1.276360000e+01  0.0000000e+00  5.2167569e-12  3.7639438e+00
1.282900000e+01  0.0000000e+00  5.1930433e-12  3.7488242e+00
1.289440000e+01  0.0000000e+00  5.1661150e-12  3.7286155e+00
1.295980000e+01  0.0000000e+00  5.1304911e-12  3.6958941e+00
1.302520000e+01  0.0000000e+00  5.1025836e-12  3.6733632e+00
1.309060000e+01  0.0000000e+00  5.0542535e-12  3.6217078e+00
1.315600000e+01  0.0000000e+00  5.0080584e-12  3.5716618e+00
1.322140000e+01  0.0000000e+00  4.9089883e-12  3.4470268e+00
1.328680000e+01  0.0000000e+00  4.8293710e-12  3.3503294e+00
1.335220000e+01  0.0000000e+00  4.7012339e-12  3.1885711e+00
1.341760000e+01  0.0000000e+00  4.5832433e-12  3.0437413e+00
1.348300000e+01  0.0000000e+00  4.1518839e-12  2.5059263e+00
1.354840000e+01  0.0000000e+00  4.2712722e-12  2.6664899e+00
1.361380000e+01  0.0000000e+00  4.1950069e-12  2.5841528e+00
1.367920000e+01  0.0000000e+00  4.1640921e-12  2.5591676e+00
1.374460000e+01  0.0000000e+00  4.2488824e-12  2.6778642e+00
1.381000000e+01  0.0000000e+00  4.1502508e-12  2.5681876e+00
1.387540000e+01  0.0000000e+00  3.1757461e-12  1.5043504e+00
1.394080000e+01  0.0000000e+00  3.8537027e-12  2.2319532e+00
1.400620000e+01  0.0000000e+00  3.7569743e-12  2.1296770e+00
1.407160000e+01  0.0000000e+00  3.6051472e-12  1.9695729e+00
1.413700000e+01  0.0000000e+00  3.4255880e-12  1.7848018e+00
1.420240000e+01  0.0000000e+00  3.1984147e-12  1.5620366e+00
1.426780000e+01  0.0000000e+00  3.0192201e-12  1.3973749e+00
1.433320000e+01  0.0000000e+00  2.8885446e-12  1.2842857e+00
1.439860000e+01  0.0000000e+00  2.7269859e-12  1.1493268e+00
1.446400000e+01  0.0000000e+00  2.6755754e-12  1.1113444e+00
1.452940000e+01  0.0000000e+00  2.6298460e-12  1.0785582e+00
1.459480000e+01  0.0000000e+00  2.5697397e-12  1.0344167e+00
1.466020000e+01  0.0000000e+00  2.5529380e-12  1.0254987e+00
1.472560000e+01  0.0000000e+00  2.5418422e-12  1.0211254e+00
1.479100000e+01  0.0000000e+00  2.5058359e-12  9.9671695e-01
1.485640000e+01  0.0000000e+00  2.5144051e-12  1.0080392e+00
1.492180000e+01  0.0000000e+00  2.4714629e-12  9.7804789e-01
1.498720000e+01  0.0000000e+00  2.4101291e-12  9.3414094e-01
1.505260000e+01  0.0000000e+00  2.4902615e-12  1.0018172e+00
1.511800000e+01  0.0000000e+00  2.4842517e-12  1.0012863e+00
1.518340000e+01  0.0000000e+00  2.5071226e-12  1.0242931e+00
1.524880000e+01  0.0000000e+00  2.5049016e-12  1.0268876e+00
1.531420000e+01  0.0000000e+00  2.4897518e-12  1.0187976e+00
1.537960000e+01  0.0000000e+00  2.4761043e-12  1.0119417e+00
1.544500000e+01  0.0000000e+00  2.5420252e-12  1.0711168e+00
1.551040000e+01  0.0000000e+00  2.5516626e-12  1.0838502e+00
1.557580000e+01  0.0000000e+00  2.6052005e-12  1.1346452e+00
1.564120000e+01  0.0000000e+00  2.6790414e-12  1.2051163e+00
1.570660000e+01  0.0000000e+00  2.7053706e-12  1.2342161e+00
1.577200000e+01  0.0000000e+00  2.7848221e-12  1.3136095e+00
1.583740000e+01  0.0000000e+00  2.9094302e-12  1.4405146e+00
1.590280000e+01  0.0000000e+00  3.0109739e-12  1.5496673e+00
1.596820000e+01  0.0000000e+00  3.1981437e-12  1.7565068e+00
1.603360000e+01  0.0000000e+00  3.2711552e-12  1.8456090e+00
1.609900000e+01  0.0000000e+00  3.5855444e-12  2.2286349e+00
1.616440000e+01  0.0000000e+00  3.0502914e-12  1.6167976e+00
1.622980000e+01  0.0000000e+00  3.1509498e-12  1.7327258e+00
1.629520000e+01  0.0000000e+00  3.4952089e-12  2.1430203e+00
1.636060000e+01  0.0000000e+00  3.6104251e-12  2.2968265e+00
1.642600000e+01  0.0000000e+00  3.4592965e-12  2.1159287e+00
1.649140000e+01  0.0000000e+00  3.5874172e-12  2.2857521e+00
1.655680000e+01  0.0000000e+00  3.4996919e-12  2.1830579e+00
1.662220000e+01  0.0000000e+00  3.6558559e-12  2.3927750e+00
1.668760000e+01  0.0000000e+00  3.5912951e-12  2.3175828e+00
1.675300000e+01  0.0000000e+00  3.4673251e-12  2.1682650e+00
1.681840000e+01  0.0000000e+00  3.6471608e-12  2.4094800e+00
1.688380000e+01  0.0000000e+00  3.6761528e-12  2.4570249e+00
1.694920000e+01  0.0000000e+00  3.7408653e-12  2.5560774e+00
1.701460000e+01  0.0000000e+00  3.7629743e-12  2.5970318e+00
1.708000000e+01  0.0000000e+00  3.7794362e-12  2.6302712e+00
1.714540000e+01  0.0000000e+00  3.7831758e-12  2.6459852e+00
1.721080000e+01  0.0000000e+00  3.6841100e-12  2.5155148e+00
1.727620000e+01  0.0000000e+00  3.8052178e-12  2.6985370e+00
1.734160000e+01  0.0000000e+00  3.6982264e-12  2.5553741e+00
1.740700000e+01  0.0000000e+00  3.7785643e-12  2.6813268e+00
1.747240000e+01  0.0000000e+00  3.7576350e-12  2.6615383e+00
1.753780000e+01  0.0000000e+00  3.6951578e-12  2.5814937e+00
1.760320000e+01  0.0000000e+00  3.6504687e-12  2.5277895e+00
1.766860000e+01  0.0000000e+00  3.6782338e-12  2.5777957e+00
1.773400000e+01  0.0000000e+00  3.6351370e-12  2.5260550e+00
1.779940000e+01  0.0000000e+00  3.6800584e-12  2.6012081e+00
1.786480000e+01  0.0000000e+00  3.6654429e-12  2.5903665e+00
1.793020000e+01  0.0000000e+00  3.6445463e-12  2.5701091e+00
1.799560000e+01  0.0000000e+00  3.6046304e-12  2.5221477e+00
1.806100000e+01  0.0000000e+00  3.5878203e-12  2.5078006e+00
1.812640000e+01  0.0000000e+00  3.5875627e-12  2.5173964e+00
1.819180000e+01  0.0000000e+00  3.5276286e-12  2.4406493e+00
1.825720000e+01  0.0000000e+00  3.4938049e-12  2.4018887e+00
1.832260000e+01  0.0000000e+00  3.3790591e-12  2.2519474e+00
1.838800000e+01  0.0000000e+00  3.4992155e-12  2.4284615e+00
1.845340000e+01  0.0000000e+00  3.4590655e-12  2.3804509e+00
1.851880000e+01  0.0000000e+00  3.4825323e-12  2.4232751e+00
1.858420000e+01  0.0000000e+00  3.4674368e-12  2.4109031e+00
1.864960000e+01  0.0000000e+00  3.3610450e-12  2.2694776e+00
1.871500000e+01  0.0000000e+00  3.4332089e-12  2.3801175e+00
1.878040000e+01  0.0000000e+00  3.4187266e-12  2.3685303e+00
1.884580000e+01  0.0000000e+00  3.4020199e-12  2.3535850e+00
1.891120000e+01  0.0000000e+00  3.3822011e-12  2.3339155e+00
1.897660000e+01  0.0000000e+00  3.2917916e-12  2.2151470e+00
1.904200000e+01  0.0000000e+00  3.2390487e-12  2.1510543e+00
1.910740000e+01  0.0000000e+00  3.3339998e-12  2.2911552e+00
1.917280000e+01  0.0000000e+00  3.3159760e-12  2.2740361e+00
1.923820000e+01  0.0000000e+00  3.2019914e-12  2.1237346e+00
1.930360000e+01  0.0000000e+00  3.1252296e-12  2.0283909e+00
1.936900000e+01  0.0000000e+00  3.1849410e-12  2.1158247e+00
1.943440000e+01  0.0000000e+00  3.2496149e-12  2.2133935e+00
1.949980000e+01  0.0000000e+00  3.2363352e-12  2.2029103e+00
1.956520000e+01  0.0000000e+00  3.1995059e-12  2.1591272e+00
1.963060000e+01  0.0000000e+00  3.2007574e-12  2.1687994e+00
1.969600000e+01  0.0000000e+00  3.0760368e-12  2.0060005e+00
1.976140000e+01  0.0000000e+00  3.0964393e-12  2.0404833e+00
1.982680000e+01  0.0000000e+00  3.1434782e-12  2.1122465e+00
1.989220000e+01  0.0000000e+00  3.0225177e-12  1.9557337e+00
1.995760000e+01  0.0000000e+00  3.0736402e-12  2.0313093e+00
