# 3D spectroscopic simulation - Spatial binning of 5 (194 calculations)
# ------------------------------------------------------------------------
# Radiance spectrum
# NASA-GSFC Planetary Spectrum Generator (PSG) (Villanueva et al. 2018, 2022)
# Synthesized on Wed Apr  2 08:21:57 2025
# Doppler velocities [km/s] (vobs,vrot+vorb,vwidth,vrfl,vstr): -21.10000,0.00025,0.00000,-0.05178,0.00124
# ------------------------------------------------------------------------
# Spectra synthesized with the Planetary and Universal Model of Atmospheric Scattering (PUMAS, Villanueva et al. 2018, 2022)
# Multiple scattering method employing PSGDORT, NMAX:2 / LMAX:4 / gMAX:0.95
# Radiative transfer took 1.768 seconds
# ------------------------------------------------------------------------
# Spectral unit: Wavelength [um]
# Radiance unit: Spectral radiance [W/sr/m2/um]
# Wave/freq Total Noise Proxima-Cen-b
4.000000000e+00  0.0000000e+00  2.5259682e-12  4.8304744e-01
4.065400000e+00  0.0000000e+00  2.2807967e-12  3.7296235e-01
4.130800000e+00  0.0000000e+00  2.0296195e-12  2.8042402e-01
4.196200000e+00  0.0000000e+00  5.9402430e-13  2.0099044e-02
4.261600000e+00  0.0000000e+00  1.6269713e-13  1.2144195e-03
4.327000000e+00  0.0000000e+00  2.3555100e-13  2.5888904e-03
4.392400000e+00  0.0000000e+00  3.7064220e-13  6.6614906e-03
4.457800000e+00  0.0000000e+00  1.4696309e-12  1.2615247e-01
4.523200000e+00  0.0000000e+00  2.4380491e-12  3.8153524e-01
4.588600000e+00  0.0000000e+00  2.5686909e-12  4.2535065e-01
4.654000000e+00  0.0000000e+00  2.6437993e-12  4.4879098e-01
4.719400000e+00  0.0000000e+00  2.1405112e-12  2.7714558e-01
4.784800000e+00  0.0000000e+00  2.3216710e-12  3.2725175e-01
4.850200000e+00  0.0000000e+00  2.4526932e-12  3.6554963e-01
4.915600000e+00  0.0000000e+00  2.7690298e-12  4.7608680e-01
4.981000000e+00  0.0000000e+00  2.8250776e-12  4.9460461e-01
5.046400000e+00  0.0000000e+00  2.8916506e-12  5.1882597e-01
5.111800000e+00  0.0000000e+00  2.8669264e-12  5.0627497e-01
5.177200000e+00  0.0000000e+00  2.7583493e-12  4.6554906e-01
5.242600000e+00  0.0000000e+00  2.8229456e-12  4.8992253e-01
5.308000000e+00  0.0000000e+00  2.9043096e-12  5.2272785e-01
5.373400000e+00  0.0000000e+00  2.8518017e-12  5.0492395e-01
5.438800000e+00  0.0000000e+00  2.5595271e-12  4.0424753e-01
5.504200000e+00  0.0000000e+00  2.7598469e-12  4.7702290e-01
5.569600000e+00  0.0000000e+00  2.4557903e-12  3.7762033e-01
5.635000000e+00  0.0000000e+00  2.3729472e-12  3.5565586e-01
5.700400000e+00  0.0000000e+00  2.3455206e-12  3.5089056e-01
5.765800000e+00  0.0000000e+00  2.3409887e-12  3.5313902e-01
5.831200000e+00  0.0000000e+00  2.3727916e-12  3.6683581e-01
5.896600000e+00  0.0000000e+00  2.2551805e-12  3.3498169e-01
5.962000000e+00  0.0000000e+00  2.2893361e-12  3.4883231e-01
6.027400000e+00  0.0000000e+00  2.3862925e-12  3.8218524e-01
6.092800000e+00  0.0000000e+00  2.3774921e-12  3.8337018e-01
6.158200000e+00  0.0000000e+00  2.5400967e-12  4.4232192e-01
6.223600000e+00  0.0000000e+00  2.9099192e-12  5.8632300e-01
6.289000000e+00  0.0000000e+00  3.1674526e-12  7.0344381e-01
6.354400000e+00  0.0000000e+00  2.6711684e-12  5.0319599e-01
6.419800000e+00  0.0000000e+00  2.5605791e-12  4.6643945e-01
6.485200000e+00  0.0000000e+00  2.5524189e-12  4.6838543e-01
6.550600000e+00  0.0000000e+00  2.6096474e-12  4.9480014e-01
6.616000000e+00  0.0000000e+00  2.6596526e-12  5.1829146e-01
6.681400000e+00  0.0000000e+00  2.9954864e-12  6.6382157e-01
6.746800000e+00  0.0000000e+00  3.4618347e-12  8.9692261e-01
6.812200000e+00  0.0000000e+00  3.2352228e-12  7.8914632e-01
6.877600000e+00  0.0000000e+00  3.4262220e-12  8.9346903e-01
6.943000000e+00  0.0000000e+00  3.6172903e-12  1.0060359e+00
7.008400000e+00  0.0000000e+00  3.7115691e-12  1.0695310e+00
7.073800000e+00  0.0000000e+00  4.0048611e-12  1.2604491e+00
7.139200000e+00  0.0000000e+00  3.7479644e-12  1.1086936e+00
7.204600000e+00  0.0000000e+00  4.1121529e-12  1.3523345e+00
7.270000000e+00  0.0000000e+00  4.1307161e-12  1.3757618e+00
7.335400000e+00  0.0000000e+00  4.2118302e-12  1.4432457e+00
7.400800000e+00  0.0000000e+00  4.5180970e-12  1.6846511e+00
7.466200000e+00  0.0000000e+00  4.3655589e-12  1.5784869e+00
7.531600000e+00  0.0000000e+00  4.6949491e-12  1.8540837e+00
7.597000000e+00  0.0000000e+00  4.5286674e-12  1.7300859e+00
7.662400000e+00  0.0000000e+00  4.7815031e-12  1.9554408e+00
7.727800000e+00  0.0000000e+00  4.8094591e-12  1.9937592e+00
7.793200000e+00  0.0000000e+00  4.8269856e-12  2.0234657e+00
7.858600000e+00  0.0000000e+00  4.7670292e-12  1.9844338e+00
7.924000000e+00  0.0000000e+00  4.8609077e-12  2.0829804e+00
7.989400000e+00  0.0000000e+00  4.9415145e-12  2.1728488e+00
8.054800000e+00  0.0000000e+00  4.9570412e-12  2.2025515e+00
8.120200000e+00  0.0000000e+00  5.0030344e-12  2.2620573e+00
8.185600000e+00  0.0000000e+00  5.0100477e-12  2.2842884e+00
8.251000000e+00  0.0000000e+00  5.0313831e-12  2.3210576e+00
8.316400000e+00  0.0000000e+00  5.0613278e-12  2.3671150e+00
8.381800000e+00  0.0000000e+00  5.0851906e-12  2.4078178e+00
8.447200000e+00  0.0000000e+00  5.0933496e-12  2.4329714e+00
8.512600000e+00  0.0000000e+00  5.0854435e-12  2.4420611e+00
8.578000000e+00  0.0000000e+00  5.0994989e-12  2.4741873e+00
8.643400000e+00  0.0000000e+00  5.1053966e-12  2.4979799e+00
8.708800000e+00  0.0000000e+00  5.0995506e-12  2.5098028e+00
8.774200000e+00  0.0000000e+00  5.0919987e-12  2.5198112e+00
8.839600000e+00  0.0000000e+00  5.0619223e-12  2.5073958e+00
8.905000000e+00  0.0000000e+00  5.0613462e-12  2.5241088e+00
8.970400000e+00  0.0000000e+00  5.0931864e-12  2.5742490e+00
9.035800000e+00  0.0000000e+00  5.1429095e-12  2.6433640e+00
9.101200000e+00  0.0000000e+00  5.1435654e-12  2.6621362e+00
9.166600000e+00  0.0000000e+00  5.1264081e-12  2.6622018e+00
9.232000000e+00  0.0000000e+00  5.1181573e-12  2.6710744e+00
9.297400000e+00  0.0000000e+00  5.1449986e-12  2.7170571e+00
9.362800000e+00  0.0000000e+00  4.7639453e-12  2.3419016e+00
9.428200000e+00  0.0000000e+00  3.3721766e-12  1.1727207e+00
9.493600000e+00  0.0000000e+00  2.8006782e-12  8.0788248e-01
9.559000000e+00  0.0000000e+00  3.8261097e-12  1.5337132e+00
9.624400000e+00  0.0000000e+00  2.9746321e-12  9.2596281e-01
9.689800000e+00  0.0000000e+00  3.3584679e-12  1.1953966e+00
9.755200000e+00  0.0000000e+00  3.3953152e-12  1.2292394e+00
9.820600000e+00  0.0000000e+00  3.7234438e-12  1.4914774e+00
9.886000000e+00  0.0000000e+00  4.1759085e-12  1.8916512e+00
9.951400000e+00  0.0000000e+00  4.6415325e-12  2.3557038e+00
1.001680000e+01  0.0000000e+00  4.9728057e-12  2.7238283e+00
1.008220000e+01  0.0000000e+00  5.1974418e-12  2.9971657e+00
1.014760000e+01  0.0000000e+00  5.2888731e-12  3.1242915e+00
1.021300000e+01  0.0000000e+00  5.3302670e-12  3.1936592e+00
1.027840000e+01  0.0000000e+00  5.3334781e-12  3.2171186e+00
1.034380000e+01  0.0000000e+00  5.3376088e-12  3.2423247e+00
1.040920000e+01  0.0000000e+00  5.3402167e-12  3.2656362e+00
1.047460000e+01  0.0000000e+00  5.3300003e-12  3.2723577e+00
1.054000000e+01  0.0000000e+00  5.3237514e-12  3.2841602e+00
1.060540000e+01  0.0000000e+00  5.3204527e-12  3.2999845e+00
1.067080000e+01  0.0000000e+00  5.3150273e-12  3.3130576e+00
1.073620000e+01  0.0000000e+00  5.3080181e-12  3.3241043e+00
1.080160000e+01  0.0000000e+00  5.2983842e-12  3.3315646e+00
1.086700000e+01  0.0000000e+00  5.2897181e-12  3.3402476e+00
1.093240000e+01  0.0000000e+00  5.2799168e-12  3.3473454e+00
1.099780000e+01  0.0000000e+00  5.2671426e-12  3.3502902e+00
1.106320000e+01  0.0000000e+00  5.2562837e-12  3.3559127e+00
1.112860000e+01  0.0000000e+00  5.2430987e-12  3.3582218e+00
1.119400000e+01  0.0000000e+00  5.2298187e-12  3.3602475e+00
1.125940000e+01  0.0000000e+00  5.2129786e-12  3.3572417e+00
1.132480000e+01  0.0000000e+00  5.2014453e-12  3.3614231e+00
1.139020000e+01  0.0000000e+00  5.1876973e-12  3.3623931e+00
1.145560000e+01  0.0000000e+00  5.1732786e-12  3.3622674e+00
1.152100000e+01  0.0000000e+00  5.1595902e-12  3.3630361e+00
1.158640000e+01  0.0000000e+00  5.1444346e-12  3.3616300e+00
1.165180000e+01  0.0000000e+00  5.1292830e-12  3.3600890e+00
1.171720000e+01  0.0000000e+00  5.1081945e-12  3.3500422e+00
1.178260000e+01  0.0000000e+00  5.0961221e-12  3.3525314e+00
1.184800000e+01  0.0000000e+00  5.0820623e-12  3.3521033e+00
1.191340000e+01  0.0000000e+00  5.0652118e-12  3.3475947e+00
1.197880000e+01  0.0000000e+00  5.0499681e-12  3.3452005e+00
1.204420000e+01  0.0000000e+00  5.0330814e-12  3.3403420e+00
1.210960000e+01  0.0000000e+00  5.0141820e-12  3.3324966e+00
1.217500000e+01  0.0000000e+00  4.9989055e-12  3.3296646e+00
1.224040000e+01  0.0000000e+00  4.9805355e-12  3.3222782e+00
1.230580000e+01  0.0000000e+00  4.9604657e-12  3.3123370e+00
1.237120000e+01  0.0000000e+00  4.9391956e-12  3.3005980e+00
1.243660000e+01  0.0000000e+00  4.9192762e-12  3.2905979e+00
1.250200000e+01  0.0000000e+00  4.8926130e-12  3.2710057e+00
1.256740000e+01  0.0000000e+00  4.8739572e-12  3.2624110e+00
1.263280000e+01  0.0000000e+00  4.8035773e-12  3.1817129e+00
1.269820000e+01  0.0000000e+00  4.8451996e-12  3.2574153e+00
1.276360000e+01  0.0000000e+00  4.8141377e-12  3.2311470e+00
1.282900000e+01  0.0000000e+00  4.7932014e-12  3.2190004e+00
1.289440000e+01  0.0000000e+00  4.7700157e-12  3.2035113e+00
1.295980000e+01  0.0000000e+00  4.7384280e-12  3.1763311e+00
1.302520000e+01  0.0000000e+00  4.7151589e-12  3.1601589e+00
1.309060000e+01  0.0000000e+00  4.6738370e-12  3.1191908e+00
1.315600000e+01  0.0000000e+00  4.6372366e-12  3.0839353e+00
1.322140000e+01  0.0000000e+00  4.5566669e-12  2.9892150e+00
1.328680000e+01  0.0000000e+00  4.4953072e-12  2.9208212e+00
1.335220000e+01  0.0000000e+00  4.3938252e-12  2.8005346e+00
1.341760000e+01  0.0000000e+00  4.3007907e-12  2.6933394e+00
1.348300000e+01  0.0000000e+00  3.9657005e-12  2.2922746e+00
1.354840000e+01  0.0000000e+00  4.0558156e-12  2.4122898e+00
1.361380000e+01  0.0000000e+00  3.9930172e-12  2.3482080e+00
1.367920000e+01  0.0000000e+00  3.9630032e-12  2.3243679e+00
1.374460000e+01  0.0000000e+00  4.0313212e-12  2.4183029e+00
1.381000000e+01  0.0000000e+00  3.9435731e-12  2.3247749e+00
1.387540000e+01  0.0000000e+00  3.1372934e-12  1.4679817e+00
1.394080000e+01  0.0000000e+00  3.7138711e-12  2.0761983e+00
1.400620000e+01  0.0000000e+00  3.6397217e-12  2.0015794e+00
1.407160000e+01  0.0000000e+00  3.5161320e-12  1.8751876e+00
1.413700000e+01  0.0000000e+00  3.3681402e-12  1.7262106e+00
1.420240000e+01  0.0000000e+00  3.1709957e-12  1.5353482e+00
1.426780000e+01  0.0000000e+00  3.0136105e-12  1.3920556e+00
1.433320000e+01  0.0000000e+00  2.8988456e-12  1.2934501e+00
1.439860000e+01  0.0000000e+00  2.7546421e-12  1.1728866e+00
1.446400000e+01  0.0000000e+00  2.7075091e-12  1.1381966e+00
1.452940000e+01  0.0000000e+00  2.6626447e-12  1.1057251e+00
1.459480000e+01  0.0000000e+00  2.5988897e-12  1.0580322e+00
1.466020000e+01  0.0000000e+00  2.5804582e-12  1.0477275e+00
1.472560000e+01  0.0000000e+00  2.5704391e-12  1.0442414e+00
1.479100000e+01  0.0000000e+00  2.5350601e-12  1.0201590e+00
1.485640000e+01  0.0000000e+00  2.5418705e-12  1.0301919e+00
1.492180000e+01  0.0000000e+00  2.5006646e-12  1.0013831e+00
1.498720000e+01  0.0000000e+00  2.4337642e-12  9.5262729e-01
1.505260000e+01  0.0000000e+00  2.5194782e-12  1.0254896e+00
1.511800000e+01  0.0000000e+00  2.5112390e-12  1.0231881e+00
1.518340000e+01  0.0000000e+00  2.5348471e-12  1.0470777e+00
1.524880000e+01  0.0000000e+00  2.5322798e-12  1.0494595e+00
1.531420000e+01  0.0000000e+00  2.5177738e-12  1.0418952e+00
1.537960000e+01  0.0000000e+00  2.5013527e-12  1.0327033e+00
1.544500000e+01  0.0000000e+00  2.5708732e-12  1.0956736e+00
1.551040000e+01  0.0000000e+00  2.5816637e-12  1.1096044e+00
1.557580000e+01  0.0000000e+00  2.6309136e-12  1.1572676e+00
1.564120000e+01  0.0000000e+00  2.6985406e-12  1.2228150e+00
1.570660000e+01  0.0000000e+00  2.7177435e-12  1.2455305e+00
1.577200000e+01  0.0000000e+00  2.7868221e-12  1.3154165e+00
1.583740000e+01  0.0000000e+00  2.8938897e-12  1.4250815e+00
1.590280000e+01  0.0000000e+00  2.9808961e-12  1.5189770e+00
1.596820000e+01  0.0000000e+00  3.1369463e-12  1.6907955e+00
1.603360000e+01  0.0000000e+00  3.1927627e-12  1.7595111e+00
1.609900000e+01  0.0000000e+00  3.4449099e-12  2.0615761e+00
1.616440000e+01  0.0000000e+00  2.9984663e-12  1.5628997e+00
1.622980000e+01  0.0000000e+00  3.0859458e-12  1.6626880e+00
1.629520000e+01  0.0000000e+00  3.3668299e-12  1.9922081e+00
1.636060000e+01  0.0000000e+00  3.4558760e-12  2.1096065e+00
1.642600000e+01  0.0000000e+00  3.3323361e-12  1.9669737e+00
1.649140000e+01  0.0000000e+00  3.4310501e-12  2.0959788e+00
1.655680000e+01  0.0000000e+00  3.3594290e-12  2.0158424e+00
1.662220000e+01  0.0000000e+00  3.4801589e-12  2.1750365e+00
1.668760000e+01  0.0000000e+00  3.4263752e-12  2.1155102e+00
1.675300000e+01  0.0000000e+00  3.3268146e-12  2.0001725e+00
1.681840000e+01  0.0000000e+00  3.4649790e-12  2.1819387e+00
1.688380000e+01  0.0000000e+00  3.4882463e-12  2.2207373e+00
1.694920000e+01  0.0000000e+00  3.5315571e-12  2.2872080e+00
1.701460000e+01  0.0000000e+00  3.5455069e-12  2.3152047e+00
1.708000000e+01  0.0000000e+00  3.5562456e-12  2.3391024e+00
1.714540000e+01  0.0000000e+00  3.5555817e-12  2.3477317e+00
1.721080000e+01  0.0000000e+00  3.4876753e-12  2.2650646e+00
1.727620000e+01  0.0000000e+00  3.5665973e-12  2.3821689e+00
1.734160000e+01  0.0000000e+00  3.4890390e-12  2.2853348e+00
1.740700000e+01  0.0000000e+00  3.5408178e-12  2.3658921e+00
1.747240000e+01  0.0000000e+00  3.5228125e-12  2.3504789e+00
1.753780000e+01  0.0000000e+00  3.4753832e-12  2.2945327e+00
1.760320000e+01  0.0000000e+00  3.4401785e-12  2.2557440e+00
1.766860000e+01  0.0000000e+00  3.4548067e-12  2.2848221e+00
1.773400000e+01  0.0000000e+00  3.4202905e-12  2.2467423e+00
1.779940000e+01  0.0000000e+00  3.4483509e-12  2.2944300e+00
1.786480000e+01  0.0000000e+00  3.4344275e-12  2.2844086e+00
1.793020000e+01  0.0000000e+00  3.4156920e-12  2.2675797e+00
1.799560000e+01  0.0000000e+00  3.3837367e-12  2.2324487e+00
1.806100000e+01  0.0000000e+00  3.3681422e-12  2.2199088e+00
1.812640000e+01  0.0000000e+00  3.3638529e-12  2.2228881e+00
1.819180000e+01  0.0000000e+00  3.3199328e-12  2.1713241e+00
1.825720000e+01  0.0000000e+00  3.2937755e-12  2.1442899e+00
1.832260000e+01  0.0000000e+00  3.2080712e-12  2.0387534e+00
1.838800000e+01  0.0000000e+00  3.2866280e-12  2.1513790e+00
1.845340000e+01  0.0000000e+00  3.2552689e-12  2.1171739e+00
1.851880000e+01  0.0000000e+00  3.2674913e-12  2.1421059e+00
1.858420000e+01  0.0000000e+00  3.2532121e-12  2.1309088e+00
1.864960000e+01  0.0000000e+00  3.1765075e-12  2.0356912e+00
1.871500000e+01  0.0000000e+00  3.2219113e-12  2.1045991e+00
1.878040000e+01  0.0000000e+00  3.2082340e-12  2.0940977e+00
1.884580000e+01  0.0000000e+00  3.1929537e-12  2.0813282e+00
1.891120000e+01  0.0000000e+00  3.1752566e-12  2.0651557e+00
1.897660000e+01  0.0000000e+00  3.1132037e-12  1.9895206e+00
1.904200000e+01  0.0000000e+00  3.0696699e-12  1.9398226e+00
1.910740000e+01  0.0000000e+00  3.1316173e-12  2.0293066e+00
1.917280000e+01  0.0000000e+00  3.1159324e-12  2.0157225e+00
1.923820000e+01  0.0000000e+00  3.0380489e-12  1.9196980e+00
1.930360000e+01  0.0000000e+00  2.9811857e-12  1.8533276e+00
1.936900000e+01  0.0000000e+00  3.0200451e-12  1.9101785e+00
1.943440000e+01  0.0000000e+00  3.0562021e-12  1.9652129e+00
1.949980000e+01  0.0000000e+00  3.0425180e-12  1.9542024e+00
1.956520000e+01  0.0000000e+00  3.0153102e-12  1.9250066e+00
1.963060000e+01  0.0000000e+00  3.0113273e-12  1.9268579e+00
1.969600000e+01  0.0000000e+00  2.9223128e-12  1.8175591e+00
1.976140000e+01  0.0000000e+00  2.9330896e-12  1.8379344e+00
1.982680000e+01  0.0000000e+00  2.9614496e-12  1.8816991e+00
1.989220000e+01  0.0000000e+00  2.8794169e-12  1.7819109e+00
1.995760000e+01  0.0000000e+00  2.9056749e-12  1.8220877e+00
