# 3D spectroscopic simulation - Spatial binning of 5 (195 calculations)
# ------------------------------------------------------------------------
# Radiance spectrum
# NASA-GSFC Planetary Spectrum Generator (PSG) (Villanueva et al. 2018, 2022)
# Synthesized on Thu Jan 30 16:29:54 2025
# Doppler velocities [km/s] (vobs,vrot+vorb,vwidth,vrfl,vstr): -21.10000,-0.00030,0.00000,0.00000,-0.00123
# ------------------------------------------------------------------------
# Spectra synthesized with the Planetary and Universal Model of Atmospheric Scattering (PUMAS, Villanueva et al. 2018, 2022)
# Multiple scattering method employing PSGDORT, NMAX:2 / LMAX:4 / gMAX:0.95
# Radiative transfer took 4.089 seconds
# ------------------------------------------------------------------------
# Spectral unit: Wavelength [um]
# Radiance unit: Spectral radiance [W/sr/m2/um]
# Wave/freq Total Noise Proxima-Cen-b
4.000000000e+00  0.0000000e+00  2.3372125e-12  5.0210137e-01
4.065400000e+00  0.0000000e+00  2.0694577e-12  3.5622602e-01
4.130800000e+00  0.0000000e+00  1.8755864e-12  2.5428659e-01
4.196200000e+00  0.0000000e+00  6.4457732e-13  2.0886067e-02
4.261600000e+00  0.0000000e+00  1.5020680e-13  1.0336051e-03
4.327000000e+00  0.0000000e+00  1.9982709e-13  1.8666492e-03
4.392400000e+00  0.0000000e+00  4.0787096e-13  8.1340998e-03
4.457800000e+00  0.0000000e+00  1.5530981e-12  1.2614889e-01
4.523200000e+00  0.0000000e+00  2.0340178e-12  3.0593693e-01
4.588600000e+00  0.0000000e+00  2.0462801e-12  3.4130355e-01
4.654000000e+00  0.0000000e+00  2.0566899e-12  3.5340744e-01
4.719400000e+00  0.0000000e+00  1.9134479e-12  2.9241636e-01
4.784800000e+00  0.0000000e+00  2.0461284e-12  3.1292470e-01
4.850200000e+00  0.0000000e+00  2.1749230e-12  3.1893346e-01
4.915600000e+00  0.0000000e+00  2.1858952e-12  3.7979404e-01
4.981000000e+00  0.0000000e+00  2.2092718e-12  3.9330238e-01
5.046400000e+00  0.0000000e+00  2.2276263e-12  4.0905102e-01
5.111800000e+00  0.0000000e+00  2.3176695e-12  4.1157579e-01
5.177200000e+00  0.0000000e+00  2.4185697e-12  4.0868780e-01
5.242600000e+00  0.0000000e+00  2.4966345e-12  4.3607253e-01
5.308000000e+00  0.0000000e+00  2.5270575e-12  4.6129345e-01
5.373400000e+00  0.0000000e+00  2.6215167e-12  4.7855185e-01
5.438800000e+00  0.0000000e+00  2.7590903e-12  4.9074747e-01
5.504200000e+00  0.0000000e+00  2.8294810e-12  5.3487521e-01
5.569600000e+00  0.0000000e+00  2.8653047e-12  5.2396524e-01
5.635000000e+00  0.0000000e+00  2.8743608e-12  5.2514394e-01
5.700400000e+00  0.0000000e+00  2.9025529e-12  5.3788131e-01
5.765800000e+00  0.0000000e+00  2.9185644e-12  5.4730628e-01
5.831200000e+00  0.0000000e+00  2.9913374e-12  5.8079016e-01
5.896600000e+00  0.0000000e+00  2.8753559e-12  5.3766178e-01
5.962000000e+00  0.0000000e+00  2.9183293e-12  5.5892625e-01
6.027400000e+00  0.0000000e+00  3.0433271e-12  6.1283643e-01
6.092800000e+00  0.0000000e+00  3.0327724e-12  6.1381373e-01
6.158200000e+00  0.0000000e+00  3.2637241e-12  7.1992529e-01
6.223600000e+00  0.0000000e+00  3.6150387e-12  9.0164531e-01
6.289000000e+00  0.0000000e+00  3.8228375e-12  1.0305727e+00
6.354400000e+00  0.0000000e+00  3.4073266e-12  8.0737009e-01
6.419800000e+00  0.0000000e+00  3.2349658e-12  7.3364187e-01
6.485200000e+00  0.0000000e+00  3.1939658e-12  7.2333837e-01
6.550600000e+00  0.0000000e+00  3.2385390e-12  7.5205859e-01
6.616000000e+00  0.0000000e+00  3.2816389e-12  7.7944044e-01
6.681400000e+00  0.0000000e+00  3.7297250e-12  1.0202286e+00
6.746800000e+00  0.0000000e+00  4.1380745e-12  1.2944904e+00
6.812200000e+00  0.0000000e+00  3.9591980e-12  1.1804821e+00
6.877600000e+00  0.0000000e+00  4.0813116e-12  1.2770015e+00
6.943000000e+00  0.0000000e+00  4.1519296e-12  1.3484057e+00
7.008400000e+00  0.0000000e+00  4.2490874e-12  1.4365460e+00
7.073800000e+00  0.0000000e+00  4.2466501e-12  1.4881141e+00
7.139200000e+00  0.0000000e+00  4.2746073e-12  1.4738919e+00
7.204600000e+00  0.0000000e+00  4.2929085e-12  1.5531257e+00
7.270000000e+00  0.0000000e+00  4.3211983e-12  1.5832924e+00
7.335400000e+00  0.0000000e+00  4.3055669e-12  1.5921826e+00
7.400800000e+00  0.0000000e+00  4.0582787e-12  1.5184445e+00
7.466200000e+00  0.0000000e+00  4.3258285e-12  1.6559481e+00
7.531600000e+00  0.0000000e+00  3.9042331e-12  1.4974076e+00
7.597000000e+00  0.0000000e+00  4.3445830e-12  1.7329234e+00
7.662400000e+00  0.0000000e+00  3.8396809e-12  1.4964215e+00
7.727800000e+00  0.0000000e+00  3.9153019e-12  1.5535625e+00
7.793200000e+00  0.0000000e+00  3.9851349e-12  1.6048761e+00
7.858600000e+00  0.0000000e+00  4.2188831e-12  1.7360572e+00
7.924000000e+00  0.0000000e+00  4.0928711e-12  1.6929701e+00
7.989400000e+00  0.0000000e+00  3.9068424e-12  1.6121917e+00
8.054800000e+00  0.0000000e+00  3.9805792e-12  1.6687878e+00
8.120200000e+00  0.0000000e+00  3.9088706e-12  1.6516318e+00
8.185600000e+00  0.0000000e+00  4.0290611e-12  1.7347466e+00
8.251000000e+00  0.0000000e+00  4.0514586e-12  1.7633319e+00
8.316400000e+00  0.0000000e+00  4.0092266e-12  1.7544744e+00
8.381800000e+00  0.0000000e+00  3.9948076e-12  1.7617655e+00
8.447200000e+00  0.0000000e+00  4.0387806e-12  1.7998204e+00
8.512600000e+00  0.0000000e+00  4.1376745e-12  1.8700724e+00
8.578000000e+00  0.0000000e+00  4.0852787e-12  1.8512434e+00
8.643400000e+00  0.0000000e+00  4.0677707e-12  1.8521197e+00
8.708800000e+00  0.0000000e+00  4.0979685e-12  1.8806237e+00
8.774200000e+00  0.0000000e+00  4.1352190e-12  1.9140324e+00
8.839600000e+00  0.0000000e+00  4.1281710e-12  1.9140057e+00
8.905000000e+00  0.0000000e+00  4.1592194e-12  1.9469479e+00
8.970400000e+00  0.0000000e+00  4.1507090e-12  1.9605560e+00
9.035800000e+00  0.0000000e+00  4.1728579e-12  1.9984095e+00
9.101200000e+00  0.0000000e+00  4.1841194e-12  2.0175906e+00
9.166600000e+00  0.0000000e+00  4.2253423e-12  2.0519718e+00
9.232000000e+00  0.0000000e+00  4.3066340e-12  2.1137744e+00
9.297400000e+00  0.0000000e+00  4.3620361e-12  2.1668506e+00
9.362800000e+00  0.0000000e+00  4.3236895e-12  2.0936475e+00
9.428200000e+00  0.0000000e+00  3.8414557e-12  1.5986041e+00
9.493600000e+00  0.0000000e+00  3.4000375e-12  1.2448243e+00
9.559000000e+00  0.0000000e+00  3.9319510e-12  1.7216186e+00
9.624400000e+00  0.0000000e+00  3.4898871e-12  1.3395819e+00
9.689800000e+00  0.0000000e+00  3.8175008e-12  1.6164085e+00
9.755200000e+00  0.0000000e+00  3.8511661e-12  1.6554221e+00
9.820600000e+00  0.0000000e+00  4.0366519e-12  1.8405211e+00
9.886000000e+00  0.0000000e+00  4.2177936e-12  2.0440089e+00
9.951400000e+00  0.0000000e+00  4.3360761e-12  2.2060138e+00
1.001680000e+01  0.0000000e+00  4.3710252e-12  2.2932778e+00
1.008220000e+01  0.0000000e+00  4.3635346e-12  2.3406757e+00
1.014760000e+01  0.0000000e+00  4.3660558e-12  2.3768062e+00
1.021300000e+01  0.0000000e+00  4.3807133e-12  2.4147709e+00
1.027840000e+01  0.0000000e+00  4.4045545e-12  2.4466106e+00
1.034380000e+01  0.0000000e+00  4.3605492e-12  2.4307589e+00
1.040920000e+01  0.0000000e+00  4.3162539e-12  2.4153604e+00
1.047460000e+01  0.0000000e+00  4.3680161e-12  2.4616356e+00
1.054000000e+01  0.0000000e+00  4.3797353e-12  2.4825908e+00
1.060540000e+01  0.0000000e+00  4.3644957e-12  2.4838010e+00
1.067080000e+01  0.0000000e+00  4.3427315e-12  2.4806837e+00
1.073620000e+01  0.0000000e+00  4.3199698e-12  2.4763816e+00
1.080160000e+01  0.0000000e+00  4.3106323e-12  2.4818047e+00
1.086700000e+01  0.0000000e+00  4.2989615e-12  2.4838346e+00
1.093240000e+01  0.0000000e+00  4.2903103e-12  2.4875827e+00
1.099780000e+01  0.0000000e+00  4.2992947e-12  2.5060128e+00
1.106320000e+01  0.0000000e+00  4.2798035e-12  2.4992943e+00
1.112860000e+01  0.0000000e+00  4.2742699e-12  2.5044435e+00
1.119400000e+01  0.0000000e+00  4.2681735e-12  2.5090304e+00
1.125940000e+01  0.0000000e+00  4.2792468e-12  2.5282787e+00
1.132480000e+01  0.0000000e+00  4.2616709e-12  2.5225928e+00
1.139020000e+01  0.0000000e+00  4.2543612e-12  2.5255743e+00
1.145560000e+01  0.0000000e+00  4.2499837e-12  2.5310066e+00
1.152100000e+01  0.0000000e+00  4.2389603e-12  2.5303715e+00
1.158640000e+01  0.0000000e+00  4.2323492e-12  2.5329836e+00
1.165180000e+01  0.0000000e+00  4.2227518e-12  2.5332438e+00
1.171720000e+01  0.0000000e+00  4.2553794e-12  2.5721218e+00
1.178260000e+01  0.0000000e+00  4.2202967e-12  2.5481471e+00
1.184800000e+01  0.0000000e+00  4.1997384e-12  2.5376984e+00
1.191340000e+01  0.0000000e+00  4.1980373e-12  2.5445683e+00
1.197880000e+01  0.0000000e+00  4.1823815e-12  2.5382429e+00
1.204420000e+01  0.0000000e+00  4.1802691e-12  2.5434339e+00
1.210960000e+01  0.0000000e+00  4.1830956e-12  2.5544941e+00
1.217500000e+01  0.0000000e+00  4.1667754e-12  2.5458649e+00
1.224040000e+01  0.0000000e+00  4.1703103e-12  2.5551120e+00
1.230580000e+01  0.0000000e+00  4.1814877e-12  2.5713513e+00
1.237120000e+01  0.0000000e+00  4.1897551e-12  2.5844450e+00
1.243660000e+01  0.0000000e+00  4.1943280e-12  2.5955048e+00
1.250200000e+01  0.0000000e+00  4.2118709e-12  2.6199027e+00
1.256740000e+01  0.0000000e+00  4.2063788e-12  2.6238428e+00
1.263280000e+01  0.0000000e+00  4.3979286e-12  2.7827397e+00
1.269820000e+01  0.0000000e+00  4.1139942e-12  2.5500703e+00
1.276360000e+01  0.0000000e+00  4.1451590e-12  2.5839750e+00
1.282900000e+01  0.0000000e+00  4.1387393e-12  2.5827153e+00
1.289440000e+01  0.0000000e+00  4.1391958e-12  2.5886473e+00
1.295980000e+01  0.0000000e+00  4.1612563e-12  2.6110946e+00
1.302520000e+01  0.0000000e+00  4.1925650e-12  2.6467389e+00
1.309060000e+01  0.0000000e+00  4.2324676e-12  2.6857590e+00
1.315600000e+01  0.0000000e+00  4.3223332e-12  2.7781146e+00
1.322140000e+01  0.0000000e+00  4.4304400e-12  2.8877249e+00
1.328680000e+01  0.0000000e+00  4.4795537e-12  2.9402986e+00
1.335220000e+01  0.0000000e+00  4.5064548e-12  2.9652740e+00
1.341760000e+01  0.0000000e+00  4.4992311e-12  2.9553790e+00
1.348300000e+01  0.0000000e+00  4.2848669e-12  2.6719617e+00
1.354840000e+01  0.0000000e+00  4.4071904e-12  2.8430691e+00
1.361380000e+01  0.0000000e+00  4.3386443e-12  2.7673010e+00
1.367920000e+01  0.0000000e+00  4.3183384e-12  2.7555271e+00
1.374460000e+01  0.0000000e+00  4.3853925e-12  2.8569986e+00
1.381000000e+01  0.0000000e+00  4.3273408e-12  2.7960485e+00
1.387540000e+01  0.0000000e+00  3.2375620e-12  1.5646868e+00
1.394080000e+01  0.0000000e+00  4.0776388e-12  2.5007634e+00
1.400620000e+01  0.0000000e+00  3.9700740e-12  2.3802574e+00
1.407160000e+01  0.0000000e+00  3.8169960e-12  2.2108032e+00
1.413700000e+01  0.0000000e+00  3.5872472e-12  1.9606666e+00
1.420240000e+01  0.0000000e+00  3.2961567e-12  1.6623940e+00
1.426780000e+01  0.0000000e+00  3.0547940e-12  1.4335977e+00
1.433320000e+01  0.0000000e+00  2.8754628e-12  1.2751075e+00
1.439860000e+01  0.0000000e+00  2.6462314e-12  1.0832445e+00
1.446400000e+01  0.0000000e+00  2.5765298e-12  1.0312299e+00
1.452940000e+01  0.0000000e+00  2.5105074e-12  9.8316060e-01
1.459480000e+01  0.0000000e+00  2.4571641e-12  9.4588731e-01
1.466020000e+01  0.0000000e+00  2.4429862e-12  9.3915948e-01
1.472560000e+01  0.0000000e+00  2.4350442e-12  9.3724825e-01
1.479100000e+01  0.0000000e+00  2.4141215e-12  9.2523967e-01
1.485640000e+01  0.0000000e+00  2.4156968e-12  9.3055848e-01
1.492180000e+01  0.0000000e+00  2.3933971e-12  9.1739114e-01
1.498720000e+01  0.0000000e+00  2.3400358e-12  8.8060335e-01
1.505260000e+01  0.0000000e+00  2.3981122e-12  9.2916878e-01
1.511800000e+01  0.0000000e+00  2.3926234e-12  9.2888966e-01
1.518340000e+01  0.0000000e+00  2.4049308e-12  9.4260586e-01
1.524880000e+01  0.0000000e+00  2.4017244e-12  9.4413584e-01
1.531420000e+01  0.0000000e+00  2.3932875e-12  9.4150443e-01
1.537960000e+01  0.0000000e+00  2.3827199e-12  9.3711182e-01
1.544500000e+01  0.0000000e+00  2.4459395e-12  9.9195905e-01
1.551040000e+01  0.0000000e+00  2.4550580e-12  1.0036807e+00
1.557580000e+01  0.0000000e+00  2.5260601e-12  1.0675109e+00
1.564120000e+01  0.0000000e+00  2.6305488e-12  1.1634227e+00
1.570660000e+01  0.0000000e+00  2.6752408e-12  1.2085276e+00
1.577200000e+01  0.0000000e+00  2.7890977e-12  1.3199055e+00
1.583740000e+01  0.0000000e+00  2.9627719e-12  1.4967083e+00
1.590280000e+01  0.0000000e+00  3.0967142e-12  1.6421081e+00
1.596820000e+01  0.0000000e+00  3.3252420e-12  1.9014886e+00
1.603360000e+01  0.0000000e+00  3.3982001e-12  1.9937724e+00
1.609900000e+01  0.0000000e+00  3.7120601e-12  2.3905100e+00
1.616440000e+01  0.0000000e+00  3.1431985e-12  1.7183192e+00
1.622980000e+01  0.0000000e+00  3.2557238e-12  1.8516034e+00
1.629520000e+01  0.0000000e+00  3.6268384e-12  2.3091612e+00
1.636060000e+01  0.0000000e+00  3.7214567e-12  2.4425587e+00
1.642600000e+01  0.0000000e+00  3.5740194e-12  2.2602097e+00
1.649140000e+01  0.0000000e+00  3.6755950e-12  2.4021521e+00
1.655680000e+01  0.0000000e+00  3.5884272e-12  2.2973508e+00
1.662220000e+01  0.0000000e+00  3.6898668e-12  2.4431834e+00
1.668760000e+01  0.0000000e+00  3.6313265e-12  2.3744054e+00
1.675300000e+01  0.0000000e+00  3.5417858e-12  2.2649349e+00
1.681840000e+01  0.0000000e+00  3.6256276e-12  2.3911238e+00
1.688380000e+01  0.0000000e+00  3.6330908e-12  2.4160901e+00
1.694920000e+01  0.0000000e+00  3.5856132e-12  2.3712804e+00
1.701460000e+01  0.0000000e+00  3.5625975e-12  2.3554226e+00
1.708000000e+01  0.0000000e+00  3.5230481e-12  2.3220542e+00
1.714540000e+01  0.0000000e+00  3.4937595e-12  2.2978951e+00
1.721080000e+01  0.0000000e+00  3.5227548e-12  2.3415000e+00
1.727620000e+01  0.0000000e+00  3.3828113e-12  2.1974958e+00
1.734160000e+01  0.0000000e+00  3.4319816e-12  2.2545792e+00
1.740700000e+01  0.0000000e+00  3.2997458e-12  2.1222342e+00
1.747240000e+01  0.0000000e+00  3.2823161e-12  2.1068620e+00
1.753780000e+01  0.0000000e+00  3.3144180e-12  2.1516049e+00
1.760320000e+01  0.0000000e+00  3.3506577e-12  2.2003496e+00
1.766860000e+01  0.0000000e+00  3.2219399e-12  2.0568828e+00
1.773400000e+01  0.0000000e+00  3.2380473e-12  2.0809430e+00
1.779940000e+01  0.0000000e+00  3.1241434e-12  1.9638588e+00
1.786480000e+01  0.0000000e+00  3.0817767e-12  1.9229972e+00
1.793020000e+01  0.0000000e+00  3.0834031e-12  1.9295596e+00
1.799560000e+01  0.0000000e+00  3.1180321e-12  1.9699513e+00
1.806100000e+01  0.0000000e+00  3.0970587e-12  1.9518350e+00
1.812640000e+01  0.0000000e+00  3.0533081e-12  1.9098488e+00
1.819180000e+01  0.0000000e+00  3.1461687e-12  2.0168096e+00
1.825720000e+01  0.0000000e+00  3.1854001e-12  2.0682185e+00
1.832260000e+01  0.0000000e+00  3.2378403e-12  2.1142962e+00
1.838800000e+01  0.0000000e+00  3.0603903e-12  1.9279726e+00
1.845340000e+01  0.0000000e+00  3.0545567e-12  1.9290058e+00
1.851880000e+01  0.0000000e+00  2.9816380e-12  1.8578350e+00
1.858420000e+01  0.0000000e+00  2.9607737e-12  1.8384126e+00
1.864960000e+01  0.0000000e+00  3.0867823e-12  1.9744902e+00
1.871500000e+01  0.0000000e+00  2.9434269e-12  1.8276689e+00
1.878040000e+01  0.0000000e+00  2.9030218e-12  1.7864558e+00
1.884580000e+01  0.0000000e+00  2.8904022e-12  1.7764661e+00
1.891120000e+01  0.0000000e+00  2.9165302e-12  1.8108285e+00
1.897660000e+01  0.0000000e+00  3.0402541e-12  1.9479519e+00
1.904200000e+01  0.0000000e+00  3.0312784e-12  1.9334347e+00
1.910740000e+01  0.0000000e+00  2.8841713e-12  1.7883334e+00
1.917280000e+01  0.0000000e+00  2.8764793e-12  1.7833126e+00
1.923820000e+01  0.0000000e+00  3.0222799e-12  1.9454031e+00
1.930360000e+01  0.0000000e+00  3.0324268e-12  1.9520276e+00
1.936900000e+01  0.0000000e+00  2.9989538e-12  1.9311729e+00
1.943440000e+01  0.0000000e+00  2.8538232e-12  1.7762455e+00
1.949980000e+01  0.0000000e+00  2.8021062e-12  1.7203074e+00
1.956520000e+01  0.0000000e+00  2.8604200e-12  1.7895766e+00
1.963060000e+01  0.0000000e+00  2.8110136e-12  1.7388774e+00
1.969600000e+01  0.0000000e+00  2.9154484e-12  1.8457688e+00
1.976140000e+01  0.0000000e+00  2.8897124e-12  1.8272840e+00
1.982680000e+01  0.0000000e+00  2.8282933e-12  1.7732115e+00
1.989220000e+01  0.0000000e+00  2.9158067e-12  1.8629709e+00
1.995760000e+01  0.0000000e+00  2.8248404e-12  1.7677454e+00
