# 3D spectroscopic simulation - Spatial binning of 5 (195 calculations)
# ------------------------------------------------------------------------
# Radiance spectrum
# NASA-GSFC Planetary Spectrum Generator (PSG) (Villanueva et al. 2018, 2022)
# Synthesized on Fri Jan 31 14:14:12 2025
# Doppler velocities [km/s] (vobs,vrot+vorb,vwidth,vrfl,vstr): -21.10000,-0.00039,0.00000,0.00000,0.00099
# ------------------------------------------------------------------------
# Spectra synthesized with the Planetary and Universal Model of Atmospheric Scattering (PUMAS, Villanueva et al. 2018, 2022)
# Multiple scattering method employing PSGDORT, NMAX:2 / LMAX:4 / gMAX:0.95
# Radiative transfer took 5.214 seconds
# ------------------------------------------------------------------------
# Spectral unit: Wavelength [um]
# Radiance unit: Spectral radiance [W/sr/m2/um]
# Wave/freq Total Noise Proxima-Cen-b
4.000000000e+00  0.0000000e+00  4.8478735e-13  1.6905461e-02
4.065400000e+00  0.0000000e+00  5.8920797e-13  1.9888594e-02
4.130800000e+00  0.0000000e+00  7.2884804e-13  3.0156665e-02
4.196200000e+00  0.0000000e+00  4.3509359e-13  1.0652715e-02
4.261600000e+00  0.0000000e+00  1.5221128e-13  1.0618119e-03
4.327000000e+00  0.0000000e+00  2.0079378e-13  1.8834607e-03
4.392400000e+00  0.0000000e+00  3.7194437e-13  7.4640198e-03
4.457800000e+00  0.0000000e+00  1.0561629e-12  6.6607506e-02
4.523200000e+00  0.0000000e+00  7.7384203e-13  3.8503459e-02
4.588600000e+00  0.0000000e+00  6.3574281e-13  2.8006914e-02
4.654000000e+00  0.0000000e+00  6.1243258e-13  2.7850001e-02
4.719400000e+00  0.0000000e+00  6.7783417e-13  3.0368695e-02
4.784800000e+00  0.0000000e+00  8.4391471e-13  4.6671301e-02
4.850200000e+00  0.0000000e+00  1.1076767e-12  7.8445928e-02
4.915600000e+00  0.0000000e+00  8.3918397e-13  5.0841684e-02
4.981000000e+00  0.0000000e+00  8.5306513e-13  5.6187864e-02
5.046400000e+00  0.0000000e+00  8.6389457e-13  5.8445364e-02
5.111800000e+00  0.0000000e+00  1.0937472e-12  8.7950319e-02
5.177200000e+00  0.0000000e+00  1.3854166e-12  1.2709493e-01
5.242600000e+00  0.0000000e+00  1.4817646e-12  1.4767676e-01
5.308000000e+00  0.0000000e+00  1.4786740e-12  1.5627442e-01
5.373400000e+00  0.0000000e+00  1.6601050e-12  1.9512070e-01
5.438800000e+00  0.0000000e+00  1.9859483e-12  2.7421082e-01
5.504200000e+00  0.0000000e+00  1.9914515e-12  2.8067090e-01
5.569600000e+00  0.0000000e+00  2.1769280e-12  3.2880428e-01
5.635000000e+00  0.0000000e+00  2.2340465e-12  3.4434735e-01
5.700400000e+00  0.0000000e+00  2.2928128e-12  3.6511841e-01
5.765800000e+00  0.0000000e+00  2.3282906e-12  3.7462244e-01
5.831200000e+00  0.0000000e+00  2.4063980e-12  4.0340513e-01
5.896600000e+00  0.0000000e+00  2.3565934e-12  3.8481744e-01
5.962000000e+00  0.0000000e+00  2.4138821e-12  4.0575738e-01
6.027400000e+00  0.0000000e+00  2.5358784e-12  4.4767286e-01
6.092800000e+00  0.0000000e+00  2.5574585e-12  4.5698059e-01
6.158200000e+00  0.0000000e+00  2.7534000e-12  5.3531525e-01
6.223600000e+00  0.0000000e+00  3.0374080e-12  6.5757282e-01
6.289000000e+00  0.0000000e+00  3.2095090e-12  7.4206449e-01
6.354400000e+00  0.0000000e+00  2.9273259e-12  6.1537538e-01
6.419800000e+00  0.0000000e+00  2.8256090e-12  5.7627649e-01
6.485200000e+00  0.0000000e+00  2.7934831e-12  5.6903316e-01
6.550600000e+00  0.0000000e+00  2.8293705e-12  5.9018697e-01
6.616000000e+00  0.0000000e+00  2.8709755e-12  6.1199799e-01
6.681400000e+00  0.0000000e+00  3.2136372e-12  7.7720296e-01
6.746800000e+00  0.0000000e+00  3.5084900e-12  9.5179909e-01
6.812200000e+00  0.0000000e+00  3.3828666e-12  8.8330245e-01
6.877600000e+00  0.0000000e+00  3.4722112e-12  9.4449783e-01
6.943000000e+00  0.0000000e+00  3.4939168e-12  9.7025258e-01
7.008400000e+00  0.0000000e+00  3.5646652e-12  1.0337877e+00
7.073800000e+00  0.0000000e+00  3.4856013e-12  1.0143038e+00
7.139200000e+00  0.0000000e+00  3.6119397e-12  1.0736907e+00
7.204600000e+00  0.0000000e+00  3.5249587e-12  1.0567981e+00
7.270000000e+00  0.0000000e+00  3.5587271e-12  1.0835441e+00
7.335400000e+00  0.0000000e+00  3.5324353e-12  1.0753125e+00
7.400800000e+00  0.0000000e+00  3.1413686e-12  8.9175931e-01
7.466200000e+00  0.0000000e+00  3.5275844e-12  1.1025340e+00
7.531600000e+00  0.0000000e+00  2.9247490e-12  8.1395648e-01
7.597000000e+00  0.0000000e+00  3.5038500e-12  1.1281090e+00
7.662400000e+00  0.0000000e+00  2.8387394e-12  7.8430225e-01
7.727800000e+00  0.0000000e+00  2.9335943e-12  8.4022698e-01
7.793200000e+00  0.0000000e+00  3.0186881e-12  8.8887858e-01
7.858600000e+00  0.0000000e+00  3.3167101e-12  1.0502305e+00
7.924000000e+00  0.0000000e+00  3.1459151e-12  9.7025763e-01
7.989400000e+00  0.0000000e+00  2.9130335e-12  8.5433302e-01
8.054800000e+00  0.0000000e+00  3.0005613e-12  9.0858027e-01
8.120200000e+00  0.0000000e+00  2.9056948e-12  8.7107531e-01
8.185600000e+00  0.0000000e+00  3.0506945e-12  9.5703134e-01
8.251000000e+00  0.0000000e+00  3.0772594e-12  9.7897790e-01
8.316400000e+00  0.0000000e+00  3.0238580e-12  9.5577172e-01
8.381800000e+00  0.0000000e+00  3.0042299e-12  9.5167527e-01
8.447200000e+00  0.0000000e+00  3.0592496e-12  9.8701816e-01
8.512600000e+00  0.0000000e+00  3.1829297e-12  1.0624463e+00
8.578000000e+00  0.0000000e+00  3.1203607e-12  1.0305265e+00
8.643400000e+00  0.0000000e+00  3.1024635e-12  1.0245764e+00
8.708800000e+00  0.0000000e+00  3.1436804e-12  1.0521052e+00
8.774200000e+00  0.0000000e+00  3.1937029e-12  1.0856685e+00
8.839600000e+00  0.0000000e+00  3.1969122e-12  1.0869907e+00
8.905000000e+00  0.0000000e+00  3.2381252e-12  1.1196842e+00
8.970400000e+00  0.0000000e+00  3.2223023e-12  1.1214386e+00
9.035800000e+00  0.0000000e+00  3.2398735e-12  1.1466165e+00
9.101200000e+00  0.0000000e+00  3.2577214e-12  1.1633947e+00
9.166600000e+00  0.0000000e+00  3.3227709e-12  1.2063880e+00
9.232000000e+00  0.0000000e+00  3.4456661e-12  1.2875139e+00
9.297400000e+00  0.0000000e+00  3.5193293e-12  1.3440596e+00
9.362800000e+00  0.0000000e+00  3.5560369e-12  1.3396137e+00
9.428200000e+00  0.0000000e+00  3.3678106e-12  1.1735982e+00
9.493600000e+00  0.0000000e+00  3.0705671e-12  9.7920814e-01
9.559000000e+00  0.0000000e+00  3.3573051e-12  1.1925877e+00
9.624400000e+00  0.0000000e+00  3.0956989e-12  1.0109019e+00
9.689800000e+00  0.0000000e+00  3.3591275e-12  1.1979439e+00
9.755200000e+00  0.0000000e+00  3.3909414e-12  1.2288184e+00
9.820600000e+00  0.0000000e+00  3.5092147e-12  1.3281707e+00
9.886000000e+00  0.0000000e+00  3.5950345e-12  1.4131573e+00
9.951400000e+00  0.0000000e+00  3.6174276e-12  1.4576674e+00
1.001680000e+01  0.0000000e+00  3.5787405e-12  1.4589613e+00
1.008220000e+01  0.0000000e+00  3.5158806e-12  1.4466239e+00
1.014760000e+01  0.0000000e+00  3.5056413e-12  1.4656777e+00
1.021300000e+01  0.0000000e+00  3.5255623e-12  1.5035762e+00
1.027840000e+01  0.0000000e+00  3.5631782e-12  1.5414514e+00
1.034380000e+01  0.0000000e+00  3.5027802e-12  1.5106730e+00
1.040920000e+01  0.0000000e+00  3.4427790e-12  1.4813908e+00
1.047460000e+01  0.0000000e+00  3.5219864e-12  1.5430906e+00
1.054000000e+01  0.0000000e+00  3.5430482e-12  1.5675314e+00
1.060540000e+01  0.0000000e+00  3.5276145e-12  1.5655231e+00
1.067080000e+01  0.0000000e+00  3.5015668e-12  1.5566734e+00
1.073620000e+01  0.0000000e+00  3.4741534e-12  1.5465241e+00
1.080160000e+01  0.0000000e+00  3.4647254e-12  1.5494579e+00
1.086700000e+01  0.0000000e+00  3.4550048e-12  1.5504817e+00
1.093240000e+01  0.0000000e+00  3.4496333e-12  1.5542181e+00
1.099780000e+01  0.0000000e+00  3.4659413e-12  1.5759231e+00
1.106320000e+01  0.0000000e+00  3.4485787e-12  1.5687971e+00
1.112860000e+01  0.0000000e+00  3.4482229e-12  1.5760885e+00
1.119400000e+01  0.0000000e+00  3.4472612e-12  1.5829346e+00
1.125940000e+01  0.0000000e+00  3.4668753e-12  1.6072141e+00
1.132480000e+01  0.0000000e+00  3.4525739e-12  1.6025672e+00
1.139020000e+01  0.0000000e+00  3.4506226e-12  1.6083454e+00
1.145560000e+01  0.0000000e+00  3.4521581e-12  1.6171321e+00
1.152100000e+01  0.0000000e+00  3.4459846e-12  1.6192174e+00
1.158640000e+01  0.0000000e+00  3.4457919e-12  1.6260514e+00
1.165180000e+01  0.0000000e+00  3.4413610e-12  1.6297075e+00
1.171720000e+01  0.0000000e+00  3.4880054e-12  1.6793058e+00
1.178260000e+01  0.0000000e+00  3.4533528e-12  1.6549754e+00
1.184800000e+01  0.0000000e+00  3.4363166e-12  1.6468395e+00
1.191340000e+01  0.0000000e+00  3.4417344e-12  1.6590475e+00
1.197880000e+01  0.0000000e+00  3.4307152e-12  1.6561548e+00
1.204420000e+01  0.0000000e+00  3.4371812e-12  1.6679413e+00
1.210960000e+01  0.0000000e+00  3.4471584e-12  1.6846257e+00
1.217500000e+01  0.0000000e+00  3.4373325e-12  1.6811450e+00
1.224040000e+01  0.0000000e+00  3.4517555e-12  1.6991134e+00
1.230580000e+01  0.0000000e+00  3.4755949e-12  1.7256856e+00
1.237120000e+01  0.0000000e+00  3.4961046e-12  1.7489468e+00
1.243660000e+01  0.0000000e+00  3.5113083e-12  1.7692243e+00
1.250200000e+01  0.0000000e+00  3.5392790e-12  1.8030534e+00
1.256740000e+01  0.0000000e+00  3.5390162e-12  1.8119270e+00
1.263280000e+01  0.0000000e+00  3.8629391e-12  2.0971350e+00
1.269820000e+01  0.0000000e+00  3.4412581e-12  1.7344031e+00
1.276360000e+01  0.0000000e+00  3.4904341e-12  1.7843049e+00
1.282900000e+01  0.0000000e+00  3.4953197e-12  1.7933516e+00
1.289440000e+01  0.0000000e+00  3.5079976e-12  1.8107163e+00
1.295980000e+01  0.0000000e+00  3.5548833e-12  1.8559920e+00
1.302520000e+01  0.0000000e+00  3.6122509e-12  1.9161497e+00
1.309060000e+01  0.0000000e+00  3.6894854e-12  1.9926107e+00
1.315600000e+01  0.0000000e+00  3.8362955e-12  2.1442055e+00
1.322140000e+01  0.0000000e+00  4.0262418e-12  2.3476396e+00
1.328680000e+01  0.0000000e+00  4.1297167e-12  2.4679186e+00
1.335220000e+01  0.0000000e+00  4.2194722e-12  2.5757624e+00
1.341760000e+01  0.0000000e+00  4.2602021e-12  2.6314382e+00
1.348300000e+01  0.0000000e+00  4.1959306e-12  2.5570599e+00
1.354840000e+01  0.0000000e+00  4.2879388e-12  2.6840192e+00
1.361380000e+01  0.0000000e+00  4.2254370e-12  2.6182186e+00
1.367920000e+01  0.0000000e+00  4.2025014e-12  2.6028500e+00
1.374460000e+01  0.0000000e+00  4.2533209e-12  2.6791995e+00
1.381000000e+01  0.0000000e+00  4.2091288e-12  2.6377639e+00
1.387540000e+01  0.0000000e+00  3.2278088e-12  1.5551441e+00
1.394080000e+01  0.0000000e+00  4.0366611e-12  2.4488334e+00
1.400620000e+01  0.0000000e+00  3.9442508e-12  2.3485640e+00
1.407160000e+01  0.0000000e+00  3.8123662e-12  2.2056782e+00
1.413700000e+01  0.0000000e+00  3.5907808e-12  1.9650830e+00
1.420240000e+01  0.0000000e+00  3.2988089e-12  1.6653581e+00
1.426780000e+01  0.0000000e+00  3.0531088e-12  1.4320216e+00
1.433320000e+01  0.0000000e+00  2.8728647e-12  1.2727308e+00
1.439860000e+01  0.0000000e+00  2.6489018e-12  1.0853505e+00
1.446400000e+01  0.0000000e+00  2.5813403e-12  1.0350025e+00
1.452940000e+01  0.0000000e+00  2.5201881e-12  9.9066153e-01
1.459480000e+01  0.0000000e+00  2.4724284e-12  9.5756473e-01
1.466020000e+01  0.0000000e+00  2.4588746e-12  9.5131042e-01
1.472560000e+01  0.0000000e+00  2.4525544e-12  9.5065796e-01
1.479100000e+01  0.0000000e+00  2.4330710e-12  9.3972959e-01
1.485640000e+01  0.0000000e+00  2.4334390e-12  9.4417776e-01
1.492180000e+01  0.0000000e+00  2.4129171e-12  9.3235169e-01
1.498720000e+01  0.0000000e+00  2.3506182e-12  8.8858606e-01
1.505260000e+01  0.0000000e+00  2.4164531e-12  9.4333902e-01
1.511800000e+01  0.0000000e+00  2.4098119e-12  9.4220025e-01
1.518340000e+01  0.0000000e+00  2.4217373e-12  9.5571380e-01
1.524880000e+01  0.0000000e+00  2.4178337e-12  9.5673456e-01
1.531420000e+01  0.0000000e+00  2.4097368e-12  9.5439102e-01
1.537960000e+01  0.0000000e+00  2.3969040e-12  9.4823382e-01
1.544500000e+01  0.0000000e+00  2.4543323e-12  9.9870412e-01
1.551040000e+01  0.0000000e+00  2.4630973e-12  1.0101827e+00
1.557580000e+01  0.0000000e+00  2.5290478e-12  1.0699695e+00
1.564120000e+01  0.0000000e+00  2.6290234e-12  1.1619984e+00
1.570660000e+01  0.0000000e+00  2.6747371e-12  1.2080261e+00
1.577200000e+01  0.0000000e+00  2.7879243e-12  1.3187998e+00
1.583740000e+01  0.0000000e+00  2.9633255e-12  1.4974355e+00
1.590280000e+01  0.0000000e+00  3.0982528e-12  1.6440421e+00
1.596820000e+01  0.0000000e+00  3.3178597e-12  1.8932528e+00
1.603360000e+01  0.0000000e+00  3.3775397e-12  1.9692758e+00
1.609900000e+01  0.0000000e+00  3.6433433e-12  2.2998660e+00
1.616440000e+01  0.0000000e+00  3.1359813e-12  1.7104398e+00
1.622980000e+01  0.0000000e+00  3.2410716e-12  1.8348344e+00
1.629520000e+01  0.0000000e+00  3.5701203e-12  2.2353014e+00
1.636060000e+01  0.0000000e+00  3.6397815e-12  2.3326892e+00
1.642600000e+01  0.0000000e+00  3.5135504e-12  2.1819120e+00
1.649140000e+01  0.0000000e+00  3.5853724e-12  2.2813217e+00
1.655680000e+01  0.0000000e+00  3.5097303e-12  2.1941615e+00
1.662220000e+01  0.0000000e+00  3.5654224e-12  2.2747070e+00
1.668760000e+01  0.0000000e+00  3.5184499e-12  2.2234083e+00
1.675300000e+01  0.0000000e+00  3.4675085e-12  2.1674669e+00
1.681840000e+01  0.0000000e+00  3.4776338e-12  2.1917694e+00
1.688380000e+01  0.0000000e+00  3.4458725e-12  2.1642882e+00
1.694920000e+01  0.0000000e+00  3.3796370e-12  2.0938027e+00
1.701460000e+01  0.0000000e+00  3.3439506e-12  2.0606962e+00
1.708000000e+01  0.0000000e+00  3.2755205e-12  1.9910255e+00
1.714540000e+01  0.0000000e+00  3.2357349e-12  1.9538314e+00
1.721080000e+01  0.0000000e+00  3.2583708e-12  1.9952963e+00
1.727620000e+01  0.0000000e+00  3.0692593e-12  1.7896642e+00
1.734160000e+01  0.0000000e+00  3.1357656e-12  1.8722056e+00
1.740700000e+01  0.0000000e+00  2.9621204e-12  1.6912393e+00
1.747240000e+01  0.0000000e+00  2.9500694e-12  1.6829507e+00
1.753780000e+01  0.0000000e+00  2.9805619e-12  1.7302572e+00
1.760320000e+01  0.0000000e+00  3.0262878e-12  1.7910002e+00
1.766860000e+01  0.0000000e+00  2.8779456e-12  1.6271143e+00
1.773400000e+01  0.0000000e+00  2.8983720e-12  1.6577526e+00
1.779940000e+01  0.0000000e+00  2.7698600e-12  1.5240233e+00
1.786480000e+01  0.0000000e+00  2.7252561e-12  1.4827668e+00
1.793020000e+01  0.0000000e+00  2.7316676e-12  1.4948509e+00
1.799560000e+01  0.0000000e+00  2.7764973e-12  1.5469928e+00
1.806100000e+01  0.0000000e+00  2.7557030e-12  1.5302359e+00
1.812640000e+01  0.0000000e+00  2.7097588e-12  1.4862849e+00
1.819180000e+01  0.0000000e+00  2.8270603e-12  1.6209485e+00
1.825720000e+01  0.0000000e+00  2.8790058e-12  1.6867039e+00
1.832260000e+01  0.0000000e+00  2.9673641e-12  1.7770140e+00
1.838800000e+01  0.0000000e+00  2.7457688e-12  1.5365708e+00
1.845340000e+01  0.0000000e+00  2.7359717e-12  1.5372897e+00
1.851880000e+01  0.0000000e+00  2.6523929e-12  1.4541875e+00
1.858420000e+01  0.0000000e+00  2.6338443e-12  1.4381020e+00
1.864960000e+01  0.0000000e+00  2.7919616e-12  1.6125139e+00
1.871500000e+01  0.0000000e+00  2.6242475e-12  1.4368707e+00
1.878040000e+01  0.0000000e+00  2.5823609e-12  1.3957380e+00
1.884580000e+01  0.0000000e+00  2.5721961e-12  1.3891140e+00
1.891120000e+01  0.0000000e+00  2.6043095e-12  1.4293518e+00
1.897660000e+01  0.0000000e+00  2.7618871e-12  1.6062749e+00
1.904200000e+01  0.0000000e+00  2.7664361e-12  1.6096507e+00
1.910740000e+01  0.0000000e+00  2.5777942e-12  1.4153158e+00
1.917280000e+01  0.0000000e+00  2.5737334e-12  1.4149039e+00
1.923820000e+01  0.0000000e+00  2.7647588e-12  1.6312366e+00
1.930360000e+01  0.0000000e+00  2.7944831e-12  1.6642618e+00
1.936900000e+01  0.0000000e+00  2.7429686e-12  1.6190967e+00
1.943440000e+01  0.0000000e+00  2.5661985e-12  1.4265260e+00
1.949980000e+01  0.0000000e+00  2.5093489e-12  1.3667704e+00
1.956520000e+01  0.0000000e+00  2.5858623e-12  1.4560673e+00
1.963060000e+01  0.0000000e+00  2.5274182e-12  1.3958259e+00
1.969600000e+01  0.0000000e+00  2.6680118e-12  1.5474347e+00
1.976140000e+01  0.0000000e+00  2.6338364e-12  1.5179680e+00
1.982680000e+01  0.0000000e+00  2.5600454e-12  1.4478878e+00
1.989220000e+01  0.0000000e+00  2.6884001e-12  1.5893666e+00
1.995760000e+01  0.0000000e+00  2.5731916e-12  1.4640334e+00
