# 3D spectroscopic simulation - Spatial binning of 5 (194 calculations)
# ------------------------------------------------------------------------
# Radiance spectrum
# NASA-GSFC Planetary Spectrum Generator (PSG) (Villanueva et al. 2018, 2022)
# Synthesized on Wed Apr  2 08:53:44 2025
# Doppler velocities [km/s] (vobs,vrot+vorb,vwidth,vrfl,vstr): -21.10000,0.00028,0.00000,3.43775,-0.00119
# ------------------------------------------------------------------------
# Spectra synthesized with the Planetary and Universal Model of Atmospheric Scattering (PUMAS, Villanueva et al. 2018, 2022)
# Multiple scattering method employing PSGDORT, NMAX:2 / LMAX:4 / gMAX:0.95
# Radiative transfer took 1.272 seconds
# ------------------------------------------------------------------------
# Spectral unit: Wavelength [um]
# Radiance unit: Spectral radiance [W/sr/m2/um]
# Wave/freq Total Noise Proxima-Cen-b
4.000000000e+00  0.0000000e+00  1.4797906e-12  2.1511911e-01
4.065400000e+00  0.0000000e+00  1.2252808e-12  1.2863433e-01
4.130800000e+00  0.0000000e+00  1.1083987e-12  8.3632151e-02
4.196200000e+00  0.0000000e+00  4.0963861e-13  8.8544982e-03
4.261600000e+00  0.0000000e+00  1.7958207e-13  1.5110345e-03
4.327000000e+00  0.0000000e+00  2.3360531e-13  2.5432379e-03
4.392400000e+00  0.0000000e+00  3.6233510e-13  6.2739604e-03
4.457800000e+00  0.0000000e+00  9.8654763e-13  5.7165198e-02
4.523200000e+00  0.0000000e+00  1.2083773e-12  1.0655239e-01
4.588600000e+00  0.0000000e+00  1.2799506e-12  1.2254211e-01
4.654000000e+00  0.0000000e+00  1.3671608e-12  1.3902299e-01
4.719400000e+00  0.0000000e+00  1.4537814e-12  1.3268888e-01
4.784800000e+00  0.0000000e+00  1.6125805e-12  1.6325929e-01
4.850200000e+00  0.0000000e+00  1.7607342e-12  1.9139620e-01
4.915600000e+00  0.0000000e+00  1.9495702e-12  2.3868995e-01
4.981000000e+00  0.0000000e+00  2.0601690e-12  2.6740302e-01
5.046400000e+00  0.0000000e+00  2.1759508e-12  2.9861573e-01
5.111800000e+00  0.0000000e+00  2.2462141e-12  3.1751362e-01
5.177200000e+00  0.0000000e+00  2.2528081e-12  3.1990434e-01
5.242600000e+00  0.0000000e+00  2.3541673e-12  3.5281752e-01
5.308000000e+00  0.0000000e+00  2.4533595e-12  3.8764635e-01
5.373400000e+00  0.0000000e+00  2.4766481e-12  3.9657852e-01
5.438800000e+00  0.0000000e+00  2.3797935e-12  3.5606105e-01
5.504200000e+00  0.0000000e+00  2.5491339e-12  4.1694203e-01
5.569600000e+00  0.0000000e+00  2.3628043e-12  3.5102075e-01
5.635000000e+00  0.0000000e+00  2.3108785e-12  3.3571171e-01
5.700400000e+00  0.0000000e+00  2.2927879e-12  3.3075205e-01
5.765800000e+00  0.0000000e+00  2.3022968e-12  3.3621398e-01
5.831200000e+00  0.0000000e+00  2.3383365e-12  3.4993807e-01
5.896600000e+00  0.0000000e+00  2.2103872e-12  3.1426327e-01
5.962000000e+00  0.0000000e+00  2.2463939e-12  3.2784520e-01
6.027400000e+00  0.0000000e+00  2.3697901e-12  3.6897296e-01
6.092800000e+00  0.0000000e+00  2.3570163e-12  3.6831505e-01
6.158200000e+00  0.0000000e+00  2.5264785e-12  4.2820368e-01
6.223600000e+00  0.0000000e+00  2.9771963e-12  6.0624402e-01
6.289000000e+00  0.0000000e+00  3.2885840e-12  7.5288442e-01
6.354400000e+00  0.0000000e+00  2.6687834e-12  4.9222330e-01
6.419800000e+00  0.0000000e+00  2.5449039e-12  4.5134146e-01
6.485200000e+00  0.0000000e+00  2.5335919e-12  4.5177931e-01
6.550600000e+00  0.0000000e+00  2.5858491e-12  4.7528769e-01
6.616000000e+00  0.0000000e+00  2.6445024e-12  5.0181257e-01
6.681400000e+00  0.0000000e+00  3.0038392e-12  6.5473875e-01
6.746800000e+00  0.0000000e+00  3.5725844e-12  9.4365624e-01
6.812200000e+00  0.0000000e+00  3.2810095e-12  7.9780955e-01
6.877600000e+00  0.0000000e+00  3.5166598e-12  9.2781498e-01
6.943000000e+00  0.0000000e+00  3.7443534e-12  1.0650233e+00
7.008400000e+00  0.0000000e+00  3.8432195e-12  1.1328139e+00
7.073800000e+00  0.0000000e+00  4.1982233e-12  1.3729873e+00
7.139200000e+00  0.0000000e+00  3.8643403e-12  1.1633894e+00
7.204600000e+00  0.0000000e+00  4.3120887e-12  1.4740817e+00
7.270000000e+00  0.0000000e+00  4.3292719e-12  1.4975839e+00
7.335400000e+00  0.0000000e+00  4.4180172e-12  1.5741579e+00
7.400800000e+00  0.0000000e+00  4.7746006e-12  1.8689553e+00
7.466200000e+00  0.0000000e+00  4.5878944e-12  1.7290661e+00
7.531600000e+00  0.0000000e+00  4.9750379e-12  2.0692084e+00
7.597000000e+00  0.0000000e+00  4.7808110e-12  1.9138614e+00
7.662400000e+00  0.0000000e+00  5.0657617e-12  2.1813562e+00
7.727800000e+00  0.0000000e+00  5.0996014e-12  2.2278492e+00
7.793200000e+00  0.0000000e+00  5.1227246e-12  2.2652342e+00
7.858600000e+00  0.0000000e+00  5.0512710e-12  2.2137530e+00
7.924000000e+00  0.0000000e+00  5.1584428e-12  2.3313515e+00
7.989400000e+00  0.0000000e+00  5.2487305e-12  2.4371632e+00
8.054800000e+00  0.0000000e+00  5.2657547e-12  2.4708813e+00
8.120200000e+00  0.0000000e+00  5.3149830e-12  2.5381871e+00
8.185600000e+00  0.0000000e+00  5.3249863e-12  2.5656712e+00
8.251000000e+00  0.0000000e+00  5.3476920e-12  2.6071736e+00
8.316400000e+00  0.0000000e+00  5.3792316e-12  2.6589782e+00
8.381800000e+00  0.0000000e+00  5.4052445e-12  2.7058023e+00
8.447200000e+00  0.0000000e+00  5.4139466e-12  2.7344943e+00
8.512600000e+00  0.0000000e+00  5.4054397e-12  2.7451478e+00
8.578000000e+00  0.0000000e+00  5.4210551e-12  2.7829552e+00
8.643400000e+00  0.0000000e+00  5.4254897e-12  2.8084920e+00
8.708800000e+00  0.0000000e+00  5.4186635e-12  2.8219673e+00
8.774200000e+00  0.0000000e+00  5.4096111e-12  2.8329071e+00
8.839600000e+00  0.0000000e+00  5.3753952e-12  2.8179429e+00
8.905000000e+00  0.0000000e+00  5.3727774e-12  2.8348466e+00
8.970400000e+00  0.0000000e+00  5.4052889e-12  2.8896728e+00
9.035800000e+00  0.0000000e+00  5.4572715e-12  2.9657485e+00
9.101200000e+00  0.0000000e+00  5.4558889e-12  2.9850532e+00
9.166600000e+00  0.0000000e+00  5.4359576e-12  2.9842093e+00
9.232000000e+00  0.0000000e+00  5.4248474e-12  2.9919619e+00
9.297400000e+00  0.0000000e+00  5.4504564e-12  3.0395942e+00
9.362800000e+00  0.0000000e+00  5.0374988e-12  2.6180054e+00
9.428200000e+00  0.0000000e+00  3.4868955e-12  1.2596428e+00
9.493600000e+00  0.0000000e+00  2.8375151e-12  8.3152847e-01
9.559000000e+00  0.0000000e+00  3.9943671e-12  1.6778203e+00
9.624400000e+00  0.0000000e+00  3.0338877e-12  9.6654981e-01
9.689800000e+00  0.0000000e+00  3.4684973e-12  1.2810890e+00
9.755200000e+00  0.0000000e+00  3.5045077e-12  1.3154985e+00
9.820600000e+00  0.0000000e+00  3.8700921e-12  1.6181586e+00
9.886000000e+00  0.0000000e+00  4.3712036e-12  2.0787683e+00
9.951400000e+00  0.0000000e+00  4.8833676e-12  2.6096689e+00
1.001680000e+01  0.0000000e+00  5.2420977e-12  3.0231117e+00
1.008220000e+01  0.0000000e+00  5.4837130e-12  3.3265746e+00
1.014760000e+01  0.0000000e+00  5.5802116e-12  3.4643806e+00
1.021300000e+01  0.0000000e+00  5.6235270e-12  3.5388102e+00
1.027840000e+01  0.0000000e+00  5.6273653e-12  3.5647820e+00
1.034380000e+01  0.0000000e+00  5.6316000e-12  3.5922756e+00
1.040920000e+01  0.0000000e+00  5.6339880e-12  3.6174767e+00
1.047460000e+01  0.0000000e+00  5.6238397e-12  3.6256636e+00
1.054000000e+01  0.0000000e+00  5.6172654e-12  3.6387228e+00
1.060540000e+01  0.0000000e+00  5.6132864e-12  3.6555725e+00
1.067080000e+01  0.0000000e+00  5.6073428e-12  3.6697940e+00
1.073620000e+01  0.0000000e+00  5.5997210e-12  3.6817703e+00
1.080160000e+01  0.0000000e+00  5.5895823e-12  3.6901563e+00
1.086700000e+01  0.0000000e+00  5.5798735e-12  3.6991042e+00
1.093240000e+01  0.0000000e+00  5.5690304e-12  3.7063825e+00
1.099780000e+01  0.0000000e+00  5.5558555e-12  3.7101523e+00
1.106320000e+01  0.0000000e+00  5.5439118e-12  3.7158568e+00
1.112860000e+01  0.0000000e+00  5.5301650e-12  3.7187798e+00
1.119400000e+01  0.0000000e+00  5.5162511e-12  3.7213061e+00
1.125940000e+01  0.0000000e+00  5.4994153e-12  3.7194185e+00
1.132480000e+01  0.0000000e+00  5.4867703e-12  3.7235442e+00
1.139020000e+01  0.0000000e+00  5.4721553e-12  3.7246133e+00
1.145560000e+01  0.0000000e+00  5.4568972e-12  3.7245567e+00
1.152100000e+01  0.0000000e+00  5.4421412e-12  3.7251165e+00
1.158640000e+01  0.0000000e+00  5.4260485e-12  3.7235758e+00
1.165180000e+01  0.0000000e+00  5.4098998e-12  3.7217960e+00
1.171720000e+01  0.0000000e+00  5.3891476e-12  3.7129133e+00
1.178260000e+01  0.0000000e+00  5.3751100e-12  3.7140209e+00
1.184800000e+01  0.0000000e+00  5.3595524e-12  3.7126879e+00
1.191340000e+01  0.0000000e+00  5.3418612e-12  3.7079714e+00
1.197880000e+01  0.0000000e+00  5.3251541e-12  3.7045843e+00
1.204420000e+01  0.0000000e+00  5.3071118e-12  3.6990366e+00
1.210960000e+01  0.0000000e+00  5.2875494e-12  3.6910295e+00
1.217500000e+01  0.0000000e+00  5.2704794e-12  3.6867005e+00
1.224040000e+01  0.0000000e+00  5.2508744e-12  3.6783618e+00
1.230580000e+01  0.0000000e+00  5.2296785e-12  3.6674882e+00
1.237120000e+01  0.0000000e+00  5.2070256e-12  3.6543880e+00
1.243660000e+01  0.0000000e+00  5.1856753e-12  3.6429965e+00
1.250200000e+01  0.0000000e+00  5.1567669e-12  3.6203549e+00
1.256740000e+01  0.0000000e+00  5.1366265e-12  3.6102596e+00
1.263280000e+01  0.0000000e+00  5.0583155e-12  3.5164137e+00
1.269820000e+01  0.0000000e+00  5.1051488e-12  3.6036836e+00
1.276360000e+01  0.0000000e+00  5.0720619e-12  3.5745030e+00
1.282900000e+01  0.0000000e+00  5.0497273e-12  3.5610244e+00
1.289440000e+01  0.0000000e+00  5.0245530e-12  3.5430991e+00
1.295980000e+01  0.0000000e+00  4.9906093e-12  3.5127191e+00
1.302520000e+01  0.0000000e+00  4.9649551e-12  3.4932382e+00
1.309060000e+01  0.0000000e+00  4.9195235e-12  3.4459270e+00
1.315600000e+01  0.0000000e+00  4.8771689e-12  3.4015111e+00
1.322140000e+01  0.0000000e+00  4.7847156e-12  3.2873469e+00
1.328680000e+01  0.0000000e+00  4.7105699e-12  3.1989157e+00
1.335220000e+01  0.0000000e+00  4.5900341e-12  3.0490051e+00
1.341760000e+01  0.0000000e+00  4.4790719e-12  2.9148824e+00
1.348300000e+01  0.0000000e+00  4.0756550e-12  2.4175285e+00
1.354840000e+01  0.0000000e+00  4.1867889e-12  2.5662432e+00
1.361380000e+01  0.0000000e+00  4.1148627e-12  2.4898775e+00
1.367920000e+01  0.0000000e+00  4.0836713e-12  2.4647835e+00
1.374460000e+01  0.0000000e+00  4.1633280e-12  2.5752861e+00
1.381000000e+01  0.0000000e+00  4.0674299e-12  2.4704813e+00
1.387540000e+01  0.0000000e+00  3.1590788e-12  1.4884411e+00
1.394080000e+01  0.0000000e+00  3.7901423e-12  2.1600493e+00
1.400620000e+01  0.0000000e+00  3.7006912e-12  2.0667962e+00
1.407160000e+01  0.0000000e+00  3.5575206e-12  1.9175371e+00
1.413700000e+01  0.0000000e+00  3.3935317e-12  1.7508451e+00
1.420240000e+01  0.0000000e+00  3.1865653e-12  1.5498217e+00
1.426780000e+01  0.0000000e+00  3.0270519e-12  1.4043058e+00
1.433320000e+01  0.0000000e+00  2.9083873e-12  1.3019489e+00
1.439860000e+01  0.0000000e+00  2.7518227e-12  1.1704939e+00
1.446400000e+01  0.0000000e+00  2.7012722e-12  1.1329602e+00
1.452940000e+01  0.0000000e+00  2.6492312e-12  1.0946713e+00
1.459480000e+01  0.0000000e+00  2.5778169e-12  1.0409534e+00
1.466020000e+01  0.0000000e+00  2.5598808e-12  1.0310953e+00
1.472560000e+01  0.0000000e+00  2.5467307e-12  1.0250461e+00
1.479100000e+01  0.0000000e+00  2.5098363e-12  9.9984973e-01
1.485640000e+01  0.0000000e+00  2.5180174e-12  1.0108977e+00
1.492180000e+01  0.0000000e+00  2.4760673e-12  9.8163160e-01
1.498720000e+01  0.0000000e+00  2.4172602e-12  9.3958404e-01
1.505260000e+01  0.0000000e+00  2.4923530e-12  1.0034380e+00
1.511800000e+01  0.0000000e+00  2.4894941e-12  1.0054785e+00
1.518340000e+01  0.0000000e+00  2.5115181e-12  1.0278705e+00
1.524880000e+01  0.0000000e+00  2.5097847e-12  1.0308860e+00
1.531420000e+01  0.0000000e+00  2.4955497e-12  1.0235323e+00
1.537960000e+01  0.0000000e+00  2.4839725e-12  1.0183743e+00
1.544500000e+01  0.0000000e+00  2.5611203e-12  1.0873695e+00
1.551040000e+01  0.0000000e+00  2.5705184e-12  1.1000363e+00
1.557580000e+01  0.0000000e+00  2.6277485e-12  1.1545036e+00
1.564120000e+01  0.0000000e+00  2.7031154e-12  1.2269857e+00
1.570660000e+01  0.0000000e+00  2.7231243e-12  1.2504733e+00
1.577200000e+01  0.0000000e+00  2.7967152e-12  1.3247171e+00
1.583740000e+01  0.0000000e+00  2.9080022e-12  1.4386776e+00
1.590280000e+01  0.0000000e+00  2.9983711e-12  1.5361757e+00
1.596820000e+01  0.0000000e+00  3.1696603e-12  1.7249705e+00
1.603360000e+01  0.0000000e+00  3.2368405e-12  1.8070239e+00
1.609900000e+01  0.0000000e+00  3.5294373e-12  2.1610901e+00
1.616440000e+01  0.0000000e+00  3.0247502e-12  1.5896223e+00
1.622980000e+01  0.0000000e+00  3.1230417e-12  1.7020794e+00
1.629520000e+01  0.0000000e+00  3.4433978e-12  2.0812414e+00
1.636060000e+01  0.0000000e+00  3.5510193e-12  2.2241439e+00
1.642600000e+01  0.0000000e+00  3.4090649e-12  2.0562129e+00
1.649140000e+01  0.0000000e+00  3.5285833e-12  2.2137867e+00
1.655680000e+01  0.0000000e+00  3.4459548e-12  2.1183548e+00
1.662220000e+01  0.0000000e+00  3.5916470e-12  2.3128707e+00
1.668760000e+01  0.0000000e+00  3.5308362e-12  2.2431376e+00
1.675300000e+01  0.0000000e+00  3.4141874e-12  2.1042041e+00
1.681840000e+01  0.0000000e+00  3.5818874e-12  2.3277586e+00
1.688380000e+01  0.0000000e+00  3.6058070e-12  2.3678887e+00
1.694920000e+01  0.0000000e+00  3.6694806e-12  2.4648289e+00
1.701460000e+01  0.0000000e+00  3.6900527e-12  2.5032663e+00
1.708000000e+01  0.0000000e+00  3.7049949e-12  2.5340168e+00
1.714540000e+01  0.0000000e+00  3.7080723e-12  2.5486184e+00
1.721080000e+01  0.0000000e+00  3.6076274e-12  2.4168580e+00
1.727620000e+01  0.0000000e+00  3.7280168e-12  2.5977315e+00
1.734160000e+01  0.0000000e+00  3.6218686e-12  2.4565044e+00
1.740700000e+01  0.0000000e+00  3.7017845e-12  2.5811017e+00
1.747240000e+01  0.0000000e+00  3.6813507e-12  2.5620670e+00
1.753780000e+01  0.0000000e+00  3.6191553e-12  2.4828169e+00
1.760320000e+01  0.0000000e+00  3.5747834e-12  2.4298255e+00
1.766860000e+01  0.0000000e+00  3.6024399e-12  2.4793791e+00
1.773400000e+01  0.0000000e+00  3.5590135e-12  2.4274254e+00
1.779940000e+01  0.0000000e+00  3.6052410e-12  2.5039787e+00
1.786480000e+01  0.0000000e+00  3.5909599e-12  2.4936400e+00
1.793020000e+01  0.0000000e+00  3.5708547e-12  2.4745942e+00
1.799560000e+01  0.0000000e+00  3.5314536e-12  2.4275840e+00
1.806100000e+01  0.0000000e+00  3.5150644e-12  2.4138899e+00
1.812640000e+01  0.0000000e+00  3.5155173e-12  2.4244517e+00
1.819180000e+01  0.0000000e+00  3.4567556e-12  2.3496932e+00
1.825720000e+01  0.0000000e+00  3.4235479e-12  2.3119274e+00
1.832260000e+01  0.0000000e+00  3.3072310e-12  2.1608630e+00
1.838800000e+01  0.0000000e+00  3.4293145e-12  2.3388758e+00
1.845340000e+01  0.0000000e+00  3.3887986e-12  2.2905566e+00
1.851880000e+01  0.0000000e+00  3.4134115e-12  2.3347741e+00
1.858420000e+01  0.0000000e+00  3.3987670e-12  2.3230846e+00
1.864960000e+01  0.0000000e+00  3.2916794e-12  2.1814061e+00
1.871500000e+01  0.0000000e+00  3.3656848e-12  2.2940256e+00
1.878040000e+01  0.0000000e+00  3.3513223e-12  2.2826366e+00
1.884580000e+01  0.0000000e+00  3.3351047e-12  2.2684357e+00
1.891120000e+01  0.0000000e+00  3.3161453e-12  2.2500384e+00
1.897660000e+01  0.0000000e+00  3.2258969e-12  2.1319784e+00
1.904200000e+01  0.0000000e+00  3.1740583e-12  2.0695104e+00
1.910740000e+01  0.0000000e+00  3.2695439e-12  2.2095890e+00
1.917280000e+01  0.0000000e+00  3.2520283e-12  2.1932154e+00
1.923820000e+01  0.0000000e+00  3.1383055e-12  2.0439399e+00
1.930360000e+01  0.0000000e+00  3.0609132e-12  1.9484928e+00
1.936900000e+01  0.0000000e+00  3.1222828e-12  2.0374042e+00
1.943440000e+01  0.0000000e+00  3.1878408e-12  2.1357745e+00
1.949980000e+01  0.0000000e+00  3.1743616e-12  2.1250643e+00
1.956520000e+01  0.0000000e+00  3.1385678e-12  2.0828499e+00
1.963060000e+01  0.0000000e+00  3.1398790e-12  2.0926053e+00
1.969600000e+01  0.0000000e+00  3.0140172e-12  1.9291590e+00
1.976140000e+01  0.0000000e+00  3.0352793e-12  1.9645367e+00
1.982680000e+01  0.0000000e+00  3.0839915e-12  2.0382328e+00
1.989220000e+01  0.0000000e+00  2.9623691e-12  1.8816719e+00
1.995760000e+01  0.0000000e+00  3.0143777e-12  1.9580205e+00
