# 3D spectroscopic simulation - Spatial binning of 5 (194 calculations)
# ------------------------------------------------------------------------
# Radiance spectrum
# NASA-GSFC Planetary Spectrum Generator (PSG) (Villanueva et al. 2018, 2022)
# Synthesized on Fri Jan 31 11:47:06 2025
# Doppler velocities [km/s] (vobs,vrot+vorb,vwidth,vrfl,vstr): -21.10000,0.00021,0.00000,-14.66334,-0.00026
# ------------------------------------------------------------------------
# Spectra synthesized with the Planetary and Universal Model of Atmospheric Scattering (PUMAS, Villanueva et al. 2018, 2022)
# Multiple scattering method employing PSGDORT, NMAX:2 / LMAX:4 / gMAX:0.95
# Radiative transfer took 6.631 seconds
# ------------------------------------------------------------------------
# Spectral unit: Wavelength [um]
# Radiance unit: Spectral radiance [W/sr/m2/um]
# Wave/freq Total Noise Proxima-Cen-b
4.000000000e+00  0.0000000e+00  5.3300197e-12  1.3353266e+00
4.065400000e+00  0.0000000e+00  4.5936004e-12  1.0110714e+00
4.130800000e+00  0.0000000e+00  3.8764459e-12  7.3911400e-01
4.196200000e+00  0.0000000e+00  9.1471368e-13  4.2090614e-02
4.261600000e+00  0.0000000e+00  1.6699103e-13  1.2792796e-03
4.327000000e+00  0.0000000e+00  2.2721324e-13  2.4071767e-03
4.392400000e+00  0.0000000e+00  3.7854791e-13  6.9528753e-03
4.457800000e+00  0.0000000e+00  2.2244310e-12  2.5632978e-01
4.523200000e+00  0.0000000e+00  4.0607229e-12  8.4988624e-01
4.588600000e+00  0.0000000e+00  4.2164514e-12  9.2850784e-01
4.654000000e+00  0.0000000e+00  4.2479997e-12  9.5367725e-01
4.719400000e+00  0.0000000e+00  3.2701258e-12  5.7642347e-01
4.784800000e+00  0.0000000e+00  3.4811330e-12  6.5822550e-01
4.850200000e+00  0.0000000e+00  3.5823090e-12  7.0064025e-01
4.915600000e+00  0.0000000e+00  4.0522531e-12  9.0684265e-01
4.981000000e+00  0.0000000e+00  4.0376649e-12  9.0929156e-01
5.046400000e+00  0.0000000e+00  4.0617383e-12  9.3141532e-01
5.111800000e+00  0.0000000e+00  3.8849142e-12  8.5784938e-01
5.177200000e+00  0.0000000e+00  3.6073629e-12  7.4580144e-01
5.242600000e+00  0.0000000e+00  3.6200651e-12  7.5874429e-01
5.308000000e+00  0.0000000e+00  3.6722563e-12  7.8946125e-01
5.373400000e+00  0.0000000e+00  3.5109544e-12  7.2728118e-01
5.438800000e+00  0.0000000e+00  2.9948741e-12  5.3121009e-01
5.504200000e+00  0.0000000e+00  3.2534498e-12  6.3552722e-01
5.569600000e+00  0.0000000e+00  2.7815093e-12  4.6718341e-01
5.635000000e+00  0.0000000e+00  2.6467722e-12  4.2742633e-01
5.700400000e+00  0.0000000e+00  2.5842512e-12  4.1202143e-01
5.765800000e+00  0.0000000e+00  2.5644389e-12  4.1049302e-01
5.831200000e+00  0.0000000e+00  2.5842557e-12  4.2180336e-01
5.896600000e+00  0.0000000e+00  2.4230850e-12  3.7550304e-01
5.962000000e+00  0.0000000e+00  2.4504734e-12  3.8843823e-01
6.027400000e+00  0.0000000e+00  2.5607553e-12  4.2828064e-01
6.092800000e+00  0.0000000e+00  2.5385346e-12  4.2580228e-01
6.158200000e+00  0.0000000e+00  2.7174894e-12  4.9326785e-01
6.223600000e+00  0.0000000e+00  3.1482974e-12  6.6944966e-01
6.289000000e+00  0.0000000e+00  3.4433871e-12  8.1133335e-01
6.354400000e+00  0.0000000e+00  2.8447812e-12  5.5758370e-01
6.419800000e+00  0.0000000e+00  2.7083833e-12  5.1081906e-01
6.485200000e+00  0.0000000e+00  2.6937842e-12  5.1074879e-01
6.550600000e+00  0.0000000e+00  2.7513748e-12  5.3825658e-01
6.616000000e+00  0.0000000e+00  2.8037992e-12  5.6405239e-01
6.681400000e+00  0.0000000e+00  3.1805065e-12  7.3192543e-01
6.746800000e+00  0.0000000e+00  3.7172721e-12  1.0112291e+00
6.812200000e+00  0.0000000e+00  3.4459200e-12  8.7571483e-01
6.877600000e+00  0.0000000e+00  3.6618350e-12  9.9855112e-01
6.943000000e+00  0.0000000e+00  3.8771757e-12  1.1310781e+00
7.008400000e+00  0.0000000e+00  3.9763989e-12  1.2012867e+00
7.073800000e+00  0.0000000e+00  4.3142432e-12  1.4311051e+00
7.139200000e+00  0.0000000e+00  4.0006989e-12  1.2373468e+00
7.204600000e+00  0.0000000e+00  4.4220471e-12  1.5312452e+00
7.270000000e+00  0.0000000e+00  4.4358329e-12  1.5541047e+00
7.335400000e+00  0.0000000e+00  4.5226103e-12  1.6304710e+00
7.400800000e+00  0.0000000e+00  4.8812954e-12  1.9253562e+00
7.466200000e+00  0.0000000e+00  4.6858011e-12  1.7827601e+00
7.531600000e+00  0.0000000e+00  5.0756171e-12  2.1223019e+00
7.597000000e+00  0.0000000e+00  4.8601167e-12  1.9540939e+00
7.662400000e+00  0.0000000e+00  5.1619490e-12  2.2335163e+00
7.727800000e+00  0.0000000e+00  5.1842622e-12  2.2712850e+00
7.793200000e+00  0.0000000e+00  5.1956580e-12  2.2995323e+00
7.858600000e+00  0.0000000e+00  5.1127937e-12  2.2407784e+00
7.924000000e+00  0.0000000e+00  5.2172701e-12  2.3553561e+00
7.989400000e+00  0.0000000e+00  5.3103007e-12  2.4631646e+00
8.054800000e+00  0.0000000e+00  5.3199120e-12  2.4910502e+00
8.120200000e+00  0.0000000e+00  5.3686564e-12  2.5581972e+00
8.185600000e+00  0.0000000e+00  5.3677870e-12  2.5762331e+00
8.251000000e+00  0.0000000e+00  5.3868022e-12  2.6146879e+00
8.316400000e+00  0.0000000e+00  5.4177630e-12  2.6660668e+00
8.381800000e+00  0.0000000e+00  5.4408652e-12  2.7100847e+00
8.447200000e+00  0.0000000e+00  5.4452427e-12  2.7348908e+00
8.512600000e+00  0.0000000e+00  5.4300736e-12  2.7394263e+00
8.578000000e+00  0.0000000e+00  5.4448059e-12  2.7760369e+00
8.643400000e+00  0.0000000e+00  5.4488720e-12  2.8013174e+00
8.708800000e+00  0.0000000e+00  5.4388065e-12  2.8116652e+00
8.774200000e+00  0.0000000e+00  5.4270406e-12  2.8200215e+00
8.839600000e+00  0.0000000e+00  5.3916075e-12  2.8040605e+00
8.905000000e+00  0.0000000e+00  5.3869248e-12  2.8191327e+00
8.970400000e+00  0.0000000e+00  5.4204871e-12  2.8749985e+00
9.035800000e+00  0.0000000e+00  5.4731387e-12  2.9516685e+00
9.101200000e+00  0.0000000e+00  5.4717091e-12  2.9710682e+00
9.166600000e+00  0.0000000e+00  5.4507658e-12  2.9692867e+00
9.232000000e+00  0.0000000e+00  5.4392592e-12  2.9769013e+00
9.297400000e+00  0.0000000e+00  5.4660158e-12  3.0260330e+00
9.362800000e+00  0.0000000e+00  5.0430753e-12  2.5975170e+00
9.428200000e+00  0.0000000e+00  3.4748554e-12  1.2447230e+00
9.493600000e+00  0.0000000e+00  2.8238829e-12  8.2232508e-01
9.559000000e+00  0.0000000e+00  3.9827989e-12  1.6557820e+00
9.624400000e+00  0.0000000e+00  3.0249294e-12  9.5848869e-01
9.689800000e+00  0.0000000e+00  3.4481895e-12  1.2604422e+00
9.755200000e+00  0.0000000e+00  3.4862514e-12  1.2960090e+00
9.820600000e+00  0.0000000e+00  3.8559219e-12  1.5967804e+00
9.886000000e+00  0.0000000e+00  4.3669827e-12  2.0590043e+00
9.951400000e+00  0.0000000e+00  4.8894163e-12  2.5933578e+00
1.001680000e+01  0.0000000e+00  5.2569431e-12  3.0129507e+00
1.008220000e+01  0.0000000e+00  5.5019733e-12  3.3192619e+00
1.014760000e+01  0.0000000e+00  5.5983067e-12  3.4572605e+00
1.021300000e+01  0.0000000e+00  5.6394383e-12  3.5296472e+00
1.027840000e+01  0.0000000e+00  5.6392912e-12  3.5512236e+00
1.034380000e+01  0.0000000e+00  5.6407523e-12  3.5756884e+00
1.040920000e+01  0.0000000e+00  5.6403811e-12  3.5978319e+00
1.047460000e+01  0.0000000e+00  5.6262180e-12  3.6013568e+00
1.054000000e+01  0.0000000e+00  5.6166289e-12  3.6109536e+00
1.060540000e+01  0.0000000e+00  5.6111672e-12  3.6261353e+00
1.067080000e+01  0.0000000e+00  5.6028798e-12  3.6375208e+00
1.073620000e+01  0.0000000e+00  5.5933317e-12  3.6471601e+00
1.080160000e+01  0.0000000e+00  5.5810882e-12  3.6529658e+00
1.086700000e+01  0.0000000e+00  5.5701750e-12  3.6604548e+00
1.093240000e+01  0.0000000e+00  5.5582534e-12  3.6664369e+00
1.099780000e+01  0.0000000e+00  5.5429891e-12  3.6676250e+00
1.106320000e+01  0.0000000e+00  5.5303325e-12  3.6724557e+00
1.112860000e+01  0.0000000e+00  5.5150285e-12  3.6734302e+00
1.119400000e+01  0.0000000e+00  5.4996121e-12  3.6740735e+00
1.125940000e+01  0.0000000e+00  5.4804416e-12  3.6692700e+00
1.132480000e+01  0.0000000e+00  5.4670307e-12  3.6724140e+00
1.139020000e+01  0.0000000e+00  5.4512471e-12  3.6720321e+00
1.145560000e+01  0.0000000e+00  5.4347572e-12  3.6704546e+00
1.152100000e+01  0.0000000e+00  5.4190826e-12  3.6698769e+00
1.158640000e+01  0.0000000e+00  5.4019435e-12  3.6670434e+00
1.165180000e+01  0.0000000e+00  5.3848166e-12  3.6640625e+00
1.171720000e+01  0.0000000e+00  5.3615217e-12  3.6520263e+00
1.178260000e+01  0.0000000e+00  5.3476860e-12  3.6534213e+00
1.184800000e+01  0.0000000e+00  5.3317671e-12  3.6516633e+00
1.191340000e+01  0.0000000e+00  5.3130082e-12  3.6456374e+00
1.197880000e+01  0.0000000e+00  5.2958947e-12  3.6418038e+00
1.204420000e+01  0.0000000e+00  5.2771405e-12  3.6354155e+00
1.210960000e+01  0.0000000e+00  5.2564551e-12  3.6260780e+00
1.217500000e+01  0.0000000e+00  5.2392901e-12  3.6216803e+00
1.224040000e+01  0.0000000e+00  5.2190575e-12  3.6126272e+00
1.230580000e+01  0.0000000e+00  5.1971014e-12  3.6009022e+00
1.237120000e+01  0.0000000e+00  5.1738882e-12  3.5872382e+00
1.243660000e+01  0.0000000e+00  5.1520335e-12  3.5753523e+00
1.250200000e+01  0.0000000e+00  5.1230614e-12  3.5531258e+00
1.256740000e+01  0.0000000e+00  5.1027790e-12  3.5430778e+00
1.263280000e+01  0.0000000e+00  5.0253033e-12  3.4512845e+00
1.269820000e+01  0.0000000e+00  5.0707354e-12  3.5354946e+00
1.276360000e+01  0.0000000e+00  5.0372694e-12  3.5062236e+00
1.282900000e+01  0.0000000e+00  5.0144836e-12  3.4921661e+00
1.289440000e+01  0.0000000e+00  4.9891863e-12  3.4742825e+00
1.295980000e+01  0.0000000e+00  4.9550631e-12  3.4438358e+00
1.302520000e+01  0.0000000e+00  4.9296265e-12  3.4250069e+00
1.309060000e+01  0.0000000e+00  4.8845598e-12  3.3787254e+00
1.315600000e+01  0.0000000e+00  4.8438563e-12  3.3374714e+00
1.322140000e+01  0.0000000e+00  4.7545400e-12  3.2293806e+00
1.328680000e+01  0.0000000e+00  4.6844951e-12  3.1482929e+00
1.335220000e+01  0.0000000e+00  4.5694727e-12  3.0082918e+00
1.341760000e+01  0.0000000e+00  4.4635028e-12  2.8828719e+00
1.348300000e+01  0.0000000e+00  4.0813254e-12  2.4186756e+00
1.354840000e+01  0.0000000e+00  4.1846827e-12  2.5562556e+00
1.361380000e+01  0.0000000e+00  4.1144552e-12  2.4827851e+00
1.367920000e+01  0.0000000e+00  4.0827718e-12  2.4570154e+00
1.374460000e+01  0.0000000e+00  4.1604441e-12  2.5641040e+00
1.381000000e+01  0.0000000e+00  4.0647249e-12  2.4599499e+00
1.387540000e+01  0.0000000e+00  3.1611452e-12  1.4900328e+00
1.394080000e+01  0.0000000e+00  3.8029626e-12  2.1714469e+00
1.400620000e+01  0.0000000e+00  3.7180640e-12  2.0841529e+00
1.407160000e+01  0.0000000e+00  3.5800786e-12  1.9411545e+00
1.413700000e+01  0.0000000e+00  3.4152022e-12  1.7734473e+00
1.420240000e+01  0.0000000e+00  3.1990937e-12  1.5625930e+00
1.426780000e+01  0.0000000e+00  3.0272079e-12  1.4049210e+00
1.433320000e+01  0.0000000e+00  2.9004015e-12  1.2950815e+00
1.439860000e+01  0.0000000e+00  2.7368345e-12  1.1578091e+00
1.446400000e+01  0.0000000e+00  2.6841003e-12  1.1185718e+00
1.452940000e+01  0.0000000e+00  2.6332088e-12  1.0813665e+00
1.459480000e+01  0.0000000e+00  2.5681677e-12  1.0331236e+00
1.466020000e+01  0.0000000e+00  2.5501779e-12  1.0232401e+00
1.472560000e+01  0.0000000e+00  2.5385924e-12  1.0184667e+00
1.479100000e+01  0.0000000e+00  2.5023017e-12  9.9386476e-01
1.485640000e+01  0.0000000e+00  2.5110298e-12  1.0052837e+00
1.492180000e+01  0.0000000e+00  2.4675981e-12  9.7496185e-01
1.498720000e+01  0.0000000e+00  2.4062128e-12  9.3111455e-01
1.505260000e+01  0.0000000e+00  2.4878015e-12  9.9979598e-01
1.511800000e+01  0.0000000e+00  2.4809284e-12  9.9856832e-01
1.518340000e+01  0.0000000e+00  2.5044395e-12  1.0220554e+00
1.524880000e+01  0.0000000e+00  2.5024506e-12  1.0248363e+00
1.531420000e+01  0.0000000e+00  2.4873430e-12  1.0167925e+00
1.537960000e+01  0.0000000e+00  2.4737700e-12  1.0100121e+00
1.544500000e+01  0.0000000e+00  2.5460879e-12  1.0746037e+00
1.551040000e+01  0.0000000e+00  2.5568464e-12  1.0883311e+00
1.557580000e+01  0.0000000e+00  2.6140159e-12  1.1424767e+00
1.564120000e+01  0.0000000e+00  2.6910975e-12  1.2162034e+00
1.570660000e+01  0.0000000e+00  2.7149365e-12  1.2431340e+00
1.577200000e+01  0.0000000e+00  2.7934161e-12  1.3218835e+00
1.583740000e+01  0.0000000e+00  2.9139760e-12  1.4450447e+00
1.590280000e+01  0.0000000e+00  3.0102553e-12  1.5487732e+00
1.596820000e+01  0.0000000e+00  3.1847875e-12  1.7412365e+00
1.603360000e+01  0.0000000e+00  3.2490968e-12  1.8198677e+00
1.609900000e+01  0.0000000e+00  3.5343214e-12  2.1635791e+00
1.616440000e+01  0.0000000e+00  3.0351667e-12  1.6002553e+00
1.622980000e+01  0.0000000e+00  3.1327987e-12  1.7121020e+00
1.629520000e+01  0.0000000e+00  3.4498206e-12  2.0860997e+00
1.636060000e+01  0.0000000e+00  3.5520368e-12  2.2211619e+00
1.642600000e+01  0.0000000e+00  3.4135078e-12  2.0586602e+00
1.649140000e+01  0.0000000e+00  3.5274243e-12  2.2079495e+00
1.655680000e+01  0.0000000e+00  3.4472657e-12  2.1163834e+00
1.662220000e+01  0.0000000e+00  3.5861160e-12  2.3003200e+00
1.668760000e+01  0.0000000e+00  3.5268818e-12  2.2332725e+00
1.675300000e+01  0.0000000e+00  3.4152107e-12  2.1018271e+00
1.681840000e+01  0.0000000e+00  3.5753859e-12  2.3136653e+00
1.688380000e+01  0.0000000e+00  3.6048523e-12  2.3611038e+00
1.694920000e+01  0.0000000e+00  3.6545012e-12  2.4374952e+00
1.701460000e+01  0.0000000e+00  3.6718381e-12  2.4707904e+00
1.708000000e+01  0.0000000e+00  3.6860166e-12  2.5000635e+00
1.714540000e+01  0.0000000e+00  3.6870760e-12  2.5115027e+00
1.721080000e+01  0.0000000e+00  3.6112875e-12  2.4161059e+00
1.727620000e+01  0.0000000e+00  3.7024021e-12  2.5532081e+00
1.734160000e+01  0.0000000e+00  3.6159127e-12  2.4419055e+00
1.740700000e+01  0.0000000e+00  3.6759526e-12  2.5363795e+00
1.747240000e+01  0.0000000e+00  3.6566071e-12  2.5190620e+00
1.753780000e+01  0.0000000e+00  3.6050822e-12  2.4562163e+00
1.760320000e+01  0.0000000e+00  3.5674062e-12  2.4132353e+00
1.766860000e+01  0.0000000e+00  3.5839037e-12  2.4461819e+00
1.773400000e+01  0.0000000e+00  3.5470763e-12  2.4041675e+00
1.779940000e+01  0.0000000e+00  3.5787605e-12  2.4587021e+00
1.786480000e+01  0.0000000e+00  3.5638002e-12  2.4473663e+00
1.793020000e+01  0.0000000e+00  3.5443303e-12  2.4294179e+00
1.799560000e+01  0.0000000e+00  3.5102018e-12  2.3905881e+00
1.806100000e+01  0.0000000e+00  3.4937434e-12  2.3768567e+00
1.812640000e+01  0.0000000e+00  3.4898838e-12  2.3809225e+00
1.819180000e+01  0.0000000e+00  3.4421242e-12  2.3228327e+00
1.825720000e+01  0.0000000e+00  3.4142419e-12  2.2929161e+00
1.832260000e+01  0.0000000e+00  3.3179428e-12  2.1705258e+00
1.838800000e+01  0.0000000e+00  3.4081606e-12  2.3024870e+00
1.845340000e+01  0.0000000e+00  3.3742407e-12  2.2640752e+00
1.851880000e+01  0.0000000e+00  3.3890296e-12  2.2936520e+00
1.858420000e+01  0.0000000e+00  3.3738663e-12  2.2812528e+00
1.864960000e+01  0.0000000e+00  3.2889432e-12  2.1722958e+00
1.871500000e+01  0.0000000e+00  3.3410613e-12  2.2527833e+00
1.878040000e+01  0.0000000e+00  3.3261663e-12  2.2406356e+00
1.884580000e+01  0.0000000e+00  3.3100393e-12  2.2266544e+00
1.891120000e+01  0.0000000e+00  3.2923075e-12  2.2102527e+00
1.897660000e+01  0.0000000e+00  3.2223894e-12  2.1219277e+00
1.904200000e+01  0.0000000e+00  3.1747527e-12  2.0657317e+00
1.910740000e+01  0.0000000e+00  3.2463946e-12  2.1711403e+00
1.917280000e+01  0.0000000e+00  3.2296226e-12  2.1559655e+00
1.923820000e+01  0.0000000e+00  3.1417210e-12  2.0438676e+00
1.930360000e+01  0.0000000e+00  3.0770816e-12  1.9658269e+00
1.936900000e+01  0.0000000e+00  3.1236145e-12  2.0344529e+00
1.943440000e+01  0.0000000e+00  3.1672746e-12  2.1015834e+00
1.949980000e+01  0.0000000e+00  3.1525803e-12  2.0891805e+00
1.956520000e+01  0.0000000e+00  3.1234206e-12  2.0567119e+00
1.963060000e+01  0.0000000e+00  3.1201050e-12  2.0598129e+00
1.969600000e+01  0.0000000e+00  3.0196240e-12  1.9324161e+00
1.976140000e+01  0.0000000e+00  3.0339129e-12  1.9581665e+00
1.982680000e+01  0.0000000e+00  3.0684950e-12  2.0117822e+00
1.989220000e+01  0.0000000e+00  2.9730397e-12  1.8916510e+00
1.995760000e+01  0.0000000e+00  3.0070470e-12  1.9434173e+00
