# 3D spectroscopic simulation - Spatial binning of 5 (195 calculations)
# ------------------------------------------------------------------------
# Radiance spectrum
# NASA-GSFC Planetary Spectrum Generator (PSG) (Villanueva et al. 2018, 2022)
# Synthesized on Fri Jan 31 12:59:09 2025
# Doppler velocities [km/s] (vobs,vrot+vorb,vwidth,vrfl,vstr): -21.10000,-0.00020,0.00000,-0.93144,0.00123
# ------------------------------------------------------------------------
# Spectra synthesized with the Planetary and Universal Model of Atmospheric Scattering (PUMAS, Villanueva et al. 2018, 2022)
# Multiple scattering method employing PSGDORT, NMAX:2 / LMAX:4 / gMAX:0.95
# Radiative transfer took 5.724 seconds
# ------------------------------------------------------------------------
# Spectral unit: Wavelength [um]
# Radiance unit: Spectral radiance [W/sr/m2/um]
# Wave/freq Total Noise Proxima-Cen-b
4.000000000e+00  0.0000000e+00  2.8009533e-12  5.4027484e-01
4.065400000e+00  0.0000000e+00  2.4930601e-12  4.1044112e-01
4.130800000e+00  0.0000000e+00  2.1837482e-12  3.0101921e-01
4.196200000e+00  0.0000000e+00  6.1033767e-13  1.9597748e-02
4.261600000e+00  0.0000000e+00  1.6163005e-13  1.1986119e-03
4.327000000e+00  0.0000000e+00  2.3385334e-13  2.5480283e-03
4.392400000e+00  0.0000000e+00  3.6789437e-13  6.4805809e-03
4.457800000e+00  0.0000000e+00  1.5186339e-12  1.2768422e-01
4.523200000e+00  0.0000000e+00  2.5919721e-12  4.1445983e-01
4.588600000e+00  0.0000000e+00  2.7267473e-12  4.6371160e-01
4.654000000e+00  0.0000000e+00  2.7987288e-12  4.8837128e-01
4.719400000e+00  0.0000000e+00  2.1973041e-12  2.9178550e-01
4.784800000e+00  0.0000000e+00  2.3837618e-12  3.4363327e-01
4.850200000e+00  0.0000000e+00  2.5288272e-12  3.8289935e-01
4.915600000e+00  0.0000000e+00  2.8690675e-12  5.0518461e-01
4.981000000e+00  0.0000000e+00  2.9189839e-12  5.2321690e-01
5.046400000e+00  0.0000000e+00  2.9769023e-12  5.4615597e-01
5.111800000e+00  0.0000000e+00  2.9398677e-12  5.2985709e-01
5.177200000e+00  0.0000000e+00  2.8181294e-12  4.8423025e-01
5.242600000e+00  0.0000000e+00  2.8783705e-12  5.0785044e-01
5.308000000e+00  0.0000000e+00  2.9575610e-12  5.4080000e-01
5.373400000e+00  0.0000000e+00  2.9019573e-12  5.2176472e-01
5.438800000e+00  0.0000000e+00  2.6147147e-12  4.2100298e-01
5.504200000e+00  0.0000000e+00  2.8079947e-12  4.9304135e-01
5.569600000e+00  0.0000000e+00  2.5152004e-12  3.9536543e-01
5.635000000e+00  0.0000000e+00  2.4369889e-12  3.7453917e-01
5.700400000e+00  0.0000000e+00  2.4141737e-12  3.7129922e-01
5.765800000e+00  0.0000000e+00  2.4105934e-12  3.7434396e-01
5.831200000e+00  0.0000000e+00  2.4468954e-12  3.9017464e-01
5.896600000e+00  0.0000000e+00  2.3374080e-12  3.5995936e-01
5.962000000e+00  0.0000000e+00  2.3734332e-12  3.7515609e-01
6.027400000e+00  0.0000000e+00  2.4655296e-12  4.0843410e-01
6.092800000e+00  0.0000000e+00  2.4596323e-12  4.1085270e-01
6.158200000e+00  0.0000000e+00  2.6241955e-12  4.7297517e-01
6.223600000e+00  0.0000000e+00  2.9694652e-12  6.1157715e-01
6.289000000e+00  0.0000000e+00  3.2096416e-12  7.2295007e-01
6.354400000e+00  0.0000000e+00  2.7547876e-12  5.3641599e-01
6.419800000e+00  0.0000000e+00  2.6457028e-12  4.9899732e-01
6.485200000e+00  0.0000000e+00  2.6404691e-12  5.0206137e-01
6.550600000e+00  0.0000000e+00  2.6997469e-12  5.3027512e-01
6.616000000e+00  0.0000000e+00  2.7489243e-12  5.5439603e-01
6.681400000e+00  0.0000000e+00  3.0833416e-12  7.0482300e-01
6.746800000e+00  0.0000000e+00  3.5217138e-12  9.2952524e-01
6.812200000e+00  0.0000000e+00  3.3171218e-12  8.3120993e-01
6.877600000e+00  0.0000000e+00  3.4947136e-12  9.3093637e-01
6.943000000e+00  0.0000000e+00  3.6724431e-12  1.0379838e+00
7.008400000e+00  0.0000000e+00  3.7684422e-12  1.1037197e+00
7.073800000e+00  0.0000000e+00  4.0352234e-12  1.2794335e+00
7.139200000e+00  0.0000000e+00  3.8080639e-12  1.1458932e+00
7.204600000e+00  0.0000000e+00  4.1398308e-12  1.3702388e+00
7.270000000e+00  0.0000000e+00  4.1607626e-12  1.3956417e+00
7.335400000e+00  0.0000000e+00  4.2358056e-12  1.4589967e+00
7.400800000e+00  0.0000000e+00  4.5163899e-12  1.6799279e+00
7.466200000e+00  0.0000000e+00  4.3828994e-12  1.5897439e+00
7.531600000e+00  0.0000000e+00  4.6822495e-12  1.8390769e+00
7.597000000e+00  0.0000000e+00  4.5373710e-12  1.7346467e+00
7.662400000e+00  0.0000000e+00  4.7652530e-12  1.9364928e+00
7.727800000e+00  0.0000000e+00  4.7930990e-12  1.9746045e+00
7.793200000e+00  0.0000000e+00  4.8118096e-12  2.0053969e+00
7.858600000e+00  0.0000000e+00  4.7610805e-12  1.9755272e+00
7.924000000e+00  0.0000000e+00  4.8475579e-12  2.0664254e+00
7.989400000e+00  0.0000000e+00  4.9210256e-12  2.1485256e+00
8.054800000e+00  0.0000000e+00  4.9380095e-12  2.1795807e+00
8.120200000e+00  0.0000000e+00  4.9814301e-12  2.2359894e+00
8.185600000e+00  0.0000000e+00  4.9908102e-12  2.2606864e+00
8.251000000e+00  0.0000000e+00  5.0119955e-12  2.2971069e+00
8.316400000e+00  0.0000000e+00  5.0403135e-12  2.3410824e+00
8.381800000e+00  0.0000000e+00  5.0627978e-12  2.3799940e+00
8.447200000e+00  0.0000000e+00  5.0713964e-12  2.4055030e+00
8.512600000e+00  0.0000000e+00  5.0651288e-12  2.4164460e+00
8.578000000e+00  0.0000000e+00  5.0773948e-12  2.4463821e+00
8.643400000e+00  0.0000000e+00  5.0823924e-12  2.4690141e+00
8.708800000e+00  0.0000000e+00  5.0766155e-12  2.4808864e+00
8.774200000e+00  0.0000000e+00  5.0693723e-12  2.4912269e+00
8.839600000e+00  0.0000000e+00  5.0387854e-12  2.4783961e+00
8.905000000e+00  0.0000000e+00  5.0383542e-12  2.4951841e+00
8.970400000e+00  0.0000000e+00  5.0700983e-12  2.5448199e+00
9.035800000e+00  0.0000000e+00  5.1200865e-12  2.6136969e+00
9.101200000e+00  0.0000000e+00  5.1207129e-12  2.6323223e+00
9.166600000e+00  0.0000000e+00  5.1036340e-12  2.6325266e+00
9.232000000e+00  0.0000000e+00  5.0954733e-12  2.6414794e+00
9.297400000e+00  0.0000000e+00  5.1225123e-12  2.6873352e+00
9.362800000e+00  0.0000000e+00  4.7407917e-12  2.3147402e+00
9.428200000e+00  0.0000000e+00  3.3503431e-12  1.1567154e+00
9.493600000e+00  0.0000000e+00  2.7824152e-12  7.9694040e-01
9.559000000e+00  0.0000000e+00  3.8035356e-12  1.5138942e+00
9.624400000e+00  0.0000000e+00  2.9572659e-12  9.1465611e-01
9.689800000e+00  0.0000000e+00  3.3360478e-12  1.1786908e+00
9.755200000e+00  0.0000000e+00  3.3727301e-12  1.2121024e+00
9.820600000e+00  0.0000000e+00  3.6996472e-12  1.4711905e+00
9.886000000e+00  0.0000000e+00  4.1523497e-12  1.8681186e+00
9.951400000e+00  0.0000000e+00  4.6188227e-12  2.3290412e+00
1.001680000e+01  0.0000000e+00  4.9510787e-12  2.6951416e+00
1.008220000e+01  0.0000000e+00  5.1763527e-12  2.9669195e+00
1.014760000e+01  0.0000000e+00  5.2680584e-12  3.0932802e+00
1.021300000e+01  0.0000000e+00  5.3097715e-12  3.1624388e+00
1.027840000e+01  0.0000000e+00  5.3132629e-12  3.1860183e+00
1.034380000e+01  0.0000000e+00  5.3173874e-12  3.2109697e+00
1.040920000e+01  0.0000000e+00  5.3200024e-12  3.2340812e+00
1.047460000e+01  0.0000000e+00  5.3101219e-12  3.2411606e+00
1.054000000e+01  0.0000000e+00  5.3041773e-12  3.2532690e+00
1.060540000e+01  0.0000000e+00  5.3007853e-12  3.2687991e+00
1.067080000e+01  0.0000000e+00  5.2955270e-12  3.2819699e+00
1.073620000e+01  0.0000000e+00  5.2887553e-12  3.2932217e+00
1.080160000e+01  0.0000000e+00  5.2796141e-12  3.3012885e+00
1.086700000e+01  0.0000000e+00  5.2710732e-12  3.3100371e+00
1.093240000e+01  0.0000000e+00  5.2614805e-12  3.3173349e+00
1.099780000e+01  0.0000000e+00  5.2493621e-12  3.3211658e+00
1.106320000e+01  0.0000000e+00  5.2384758e-12  3.3266516e+00
1.112860000e+01  0.0000000e+00  5.2256296e-12  3.3293895e+00
1.119400000e+01  0.0000000e+00  5.2126689e-12  3.3318225e+00
1.125940000e+01  0.0000000e+00  5.1967444e-12  3.3301425e+00
1.132480000e+01  0.0000000e+00  5.1850903e-12  3.3340701e+00
1.139020000e+01  0.0000000e+00  5.1716009e-12  3.3353706e+00
1.145560000e+01  0.0000000e+00  5.1575586e-12  3.3357607e+00
1.152100000e+01  0.0000000e+00  5.1440397e-12  3.3367264e+00
1.158640000e+01  0.0000000e+00  5.1292127e-12  3.3357702e+00
1.165180000e+01  0.0000000e+00  5.1143800e-12  3.3346641e+00
1.171720000e+01  0.0000000e+00  5.0946845e-12  3.3267289e+00
1.178260000e+01  0.0000000e+00  5.0822456e-12  3.3286058e+00
1.184800000e+01  0.0000000e+00  5.0681513e-12  3.3280785e+00
1.191340000e+01  0.0000000e+00  5.0517566e-12  3.3242405e+00
1.197880000e+01  0.0000000e+00  5.0366438e-12  3.3220105e+00
1.204420000e+01  0.0000000e+00  5.0200767e-12  3.3176189e+00
1.210960000e+01  0.0000000e+00  5.0019537e-12  3.3109539e+00
1.217500000e+01  0.0000000e+00  4.9864970e-12  3.3078181e+00
1.224040000e+01  0.0000000e+00  4.9684603e-12  3.3009351e+00
1.230580000e+01  0.0000000e+00  4.9489218e-12  3.2918159e+00
1.237120000e+01  0.0000000e+00  4.9282012e-12  3.2809333e+00
1.243660000e+01  0.0000000e+00  4.9086739e-12  3.2715473e+00
1.250200000e+01  0.0000000e+00  4.8833701e-12  3.2540779e+00
1.256740000e+01  0.0000000e+00  4.8654278e-12  3.2465684e+00
1.263280000e+01  0.0000000e+00  4.7950231e-12  3.1661171e+00
1.269820000e+01  0.0000000e+00  4.8352443e-12  3.2393806e+00
1.276360000e+01  0.0000000e+00  4.8052738e-12  3.2148779e+00
1.282900000e+01  0.0000000e+00  4.7841763e-12  3.2025208e+00
1.289440000e+01  0.0000000e+00  4.7611654e-12  3.1873448e+00
1.295980000e+01  0.0000000e+00  4.7296678e-12  3.1604115e+00
1.302520000e+01  0.0000000e+00  4.7067615e-12  3.1448255e+00
1.309060000e+01  0.0000000e+00  4.6658905e-12  3.1046954e+00
1.315600000e+01  0.0000000e+00  4.6300443e-12  3.0706683e+00
1.322140000e+01  0.0000000e+00  4.5510590e-12  2.9786664e+00
1.328680000e+01  0.0000000e+00  4.4909359e-12  2.9122855e+00
1.335220000e+01  0.0000000e+00  4.3912592e-12  2.7949769e+00
1.341760000e+01  0.0000000e+00  4.2995792e-12  2.6899747e+00
1.348300000e+01  0.0000000e+00  3.9714144e-12  2.2985561e+00
1.354840000e+01  0.0000000e+00  4.0594163e-12  2.4158345e+00
1.361380000e+01  0.0000000e+00  3.9972346e-12  2.3526029e+00
1.367920000e+01  0.0000000e+00  3.9669461e-12  2.3284813e+00
1.374460000e+01  0.0000000e+00  4.0349074e-12  2.4218938e+00
1.381000000e+01  0.0000000e+00  3.9466179e-12  2.3278373e+00
1.387540000e+01  0.0000000e+00  3.1404175e-12  1.4710208e+00
1.394080000e+01  0.0000000e+00  3.7212422e-12  2.0845627e+00
1.400620000e+01  0.0000000e+00  3.6485973e-12  2.0115807e+00
1.407160000e+01  0.0000000e+00  3.5266439e-12  1.8868012e+00
1.413700000e+01  0.0000000e+00  3.3795024e-12  1.7382395e+00
1.420240000e+01  0.0000000e+00  3.1810723e-12  1.5453268e+00
1.426780000e+01  0.0000000e+00  3.0214633e-12  1.3993411e+00
1.433320000e+01  0.0000000e+00  2.9033543e-12  1.2974170e+00
1.439860000e+01  0.0000000e+00  2.7522750e-12  1.1707779e+00
1.446400000e+01  0.0000000e+00  2.7028739e-12  1.1341974e+00
1.452940000e+01  0.0000000e+00  2.6554089e-12  1.0996070e+00
1.459480000e+01  0.0000000e+00  2.5905218e-12  1.0511035e+00
1.466020000e+01  0.0000000e+00  2.5719730e-12  1.0407229e+00
1.472560000e+01  0.0000000e+00  2.5613300e-12  1.0367204e+00
1.479100000e+01  0.0000000e+00  2.5254466e-12  1.0123032e+00
1.485640000e+01  0.0000000e+00  2.5330721e-12  1.0229456e+00
1.492180000e+01  0.0000000e+00  2.4913383e-12  9.9380632e-01
1.498720000e+01  0.0000000e+00  2.4246032e-12  9.4538899e-01
1.505260000e+01  0.0000000e+00  2.5108898e-12  1.0183857e+00
1.511800000e+01  0.0000000e+00  2.5026923e-12  1.0161142e+00
1.518340000e+01  0.0000000e+00  2.5262534e-12  1.0398664e+00
1.524880000e+01  0.0000000e+00  2.5239253e-12  1.0424248e+00
1.531420000e+01  0.0000000e+00  2.5091882e-12  1.0346779e+00
1.537960000e+01  0.0000000e+00  2.4941782e-12  1.0266805e+00
1.544500000e+01  0.0000000e+00  2.5650555e-12  1.0906187e+00
1.551040000e+01  0.0000000e+00  2.5759249e-12  1.1045753e+00
1.557580000e+01  0.0000000e+00  2.6283093e-12  1.1548975e+00
1.564120000e+01  0.0000000e+00  2.6996208e-12  1.2237234e+00
1.570660000e+01  0.0000000e+00  2.7201385e-12  1.2476754e+00
1.577200000e+01  0.0000000e+00  2.7920333e-12  1.3203271e+00
1.583740000e+01  0.0000000e+00  2.9022115e-12  1.4333769e+00
1.590280000e+01  0.0000000e+00  2.9902573e-12  1.5287106e+00
1.596820000e+01  0.0000000e+00  3.1467399e-12  1.7016127e+00
1.603360000e+01  0.0000000e+00  3.2015415e-12  1.7693938e+00
1.609900000e+01  0.0000000e+00  3.4514303e-12  2.0692229e+00
1.616440000e+01  0.0000000e+00  3.0045826e-12  1.5694551e+00
1.622980000e+01  0.0000000e+00  3.0935934e-12  1.6711353e+00
1.629520000e+01  0.0000000e+00  3.3739701e-12  2.0006059e+00
1.636060000e+01  0.0000000e+00  3.4614214e-12  2.1160572e+00
1.642600000e+01  0.0000000e+00  3.3387006e-12  1.9743917e+00
1.649140000e+01  0.0000000e+00  3.4360100e-12  2.1016772e+00
1.655680000e+01  0.0000000e+00  3.3648426e-12  2.0221129e+00
1.662220000e+01  0.0000000e+00  3.4834496e-12  2.1785171e+00
1.668760000e+01  0.0000000e+00  3.4302624e-12  2.1198195e+00
1.675300000e+01  0.0000000e+00  3.3320805e-12  2.0063026e+00
1.681840000e+01  0.0000000e+00  3.4690097e-12  2.1864395e+00
1.688380000e+01  0.0000000e+00  3.4961823e-12  2.2305381e+00
1.694920000e+01  0.0000000e+00  3.5328436e-12  2.2878438e+00
1.701460000e+01  0.0000000e+00  3.5456620e-12  2.3141968e+00
1.708000000e+01  0.0000000e+00  3.5565961e-12  2.3383361e+00
1.714540000e+01  0.0000000e+00  3.5555639e-12  2.3464192e+00
1.721080000e+01  0.0000000e+00  3.5000830e-12  2.2811379e+00
1.727620000e+01  0.0000000e+00  3.5653278e-12  2.3790012e+00
1.734160000e+01  0.0000000e+00  3.4968575e-12  2.2951159e+00
1.740700000e+01  0.0000000e+00  3.5397843e-12  2.3631193e+00
1.747240000e+01  0.0000000e+00  3.5219523e-12  2.3479853e+00
1.753780000e+01  0.0000000e+00  3.4801257e-12  2.3000981e+00
1.760320000e+01  0.0000000e+00  3.4481092e-12  2.2657996e+00
1.766860000e+01  0.0000000e+00  3.4573395e-12  2.2872636e+00
1.773400000e+01  0.0000000e+00  3.4266259e-12  2.2545827e+00
1.779940000e+01  0.0000000e+00  3.4466488e-12  2.2908603e+00
1.786480000e+01  0.0000000e+00  3.4321381e-12  2.2799973e+00
1.793020000e+01  0.0000000e+00  3.4137892e-12  2.2637794e+00
1.799560000e+01  0.0000000e+00  3.3845626e-12  2.2326146e+00
1.806100000e+01  0.0000000e+00  3.3687824e-12  2.2198310e+00
1.812640000e+01  0.0000000e+00  3.3621532e-12  2.2194868e+00
1.819180000e+01  0.0000000e+00  3.3229935e-12  2.1747372e+00
1.825720000e+01  0.0000000e+00  3.2991705e-12  2.1509982e+00
1.832260000e+01  0.0000000e+00  3.2229315e-12  2.0580126e+00
1.838800000e+01  0.0000000e+00  3.2866400e-12  2.1505373e+00
1.845340000e+01  0.0000000e+00  3.2588847e-12  2.1213964e+00
1.851880000e+01  0.0000000e+00  3.2659371e-12  2.1390954e+00
1.858420000e+01  0.0000000e+00  3.2512364e-12  2.1273125e+00
1.864960000e+01  0.0000000e+00  3.1850846e-12  2.0466779e+00
1.871500000e+01  0.0000000e+00  3.2198911e-12  2.1009979e+00
1.878040000e+01  0.0000000e+00  3.2057199e-12  2.0897965e+00
1.884580000e+01  0.0000000e+00  3.1903486e-12  2.0769251e+00
1.891120000e+01  0.0000000e+00  3.1735187e-12  2.0620344e+00
1.897660000e+01  0.0000000e+00  3.1197515e-12  1.9978128e+00
1.904200000e+01  0.0000000e+00  3.0786893e-12  1.9512763e+00
1.910740000e+01  0.0000000e+00  3.1300613e-12  2.0264732e+00
1.917280000e+01  0.0000000e+00  3.1146218e-12  2.0132374e+00
1.923820000e+01  0.0000000e+00  3.0474627e-12  1.9317424e+00
1.930360000e+01  0.0000000e+00  2.9959988e-12  1.8721919e+00
1.936900000e+01  0.0000000e+00  3.0280731e-12  1.9204131e+00
1.943440000e+01  0.0000000e+00  3.0552889e-12  1.9633631e+00
1.949980000e+01  0.0000000e+00  3.0413946e-12  1.9520485e+00
1.956520000e+01  0.0000000e+00  3.0168726e-12  1.9265994e+00
1.963060000e+01  0.0000000e+00  3.0106895e-12  1.9254344e+00
1.969600000e+01  0.0000000e+00  2.9329473e-12  1.8310290e+00
1.976140000e+01  0.0000000e+00  2.9402839e-12  1.8470149e+00
1.982680000e+01  0.0000000e+00  2.9620472e-12  1.8820815e+00
1.989220000e+01  0.0000000e+00  2.8904820e-12  1.7959446e+00
1.995760000e+01  0.0000000e+00  2.9096824e-12  1.8270013e+00
