# 3D spectroscopic simulation - Spatial binning of 5 (193 calculations)
# ------------------------------------------------------------------------
# Radiance spectrum
# NASA-GSFC Planetary Spectrum Generator (PSG) (Villanueva et al. 2018, 2022)
# Synthesized on Wed Apr  2 08:54:54 2025
# Doppler velocities [km/s] (vobs,vrot+vorb,vwidth,vrfl,vstr): -21.10000,0.00013,0.00000,13.98317,-0.00035
# ------------------------------------------------------------------------
# Spectra synthesized with the Planetary and Universal Model of Atmospheric Scattering (PUMAS, Villanueva et al. 2018, 2022)
# Multiple scattering method employing PSGDORT, NMAX:2 / LMAX:4 / gMAX:0.95
# Radiative transfer took 1.987 seconds
# ------------------------------------------------------------------------
# Spectral unit: Wavelength [um]
# Radiance unit: Spectral radiance [W/sr/m2/um]
# Wave/freq Total Noise Proxima-Cen-b
4.000000000e+00  0.0000000e+00  1.5293845e-12  3.8921761e-01
4.065400000e+00  0.0000000e+00  1.3874667e-12  2.0694747e-01
4.130800000e+00  0.0000000e+00  1.2716449e-12  1.1631618e-01
4.196200000e+00  0.0000000e+00  4.5111296e-13  1.0145699e-02
4.261600000e+00  0.0000000e+00  1.6808215e-13  1.2945550e-03
4.327000000e+00  0.0000000e+00  2.3535489e-13  2.5811655e-03
4.392400000e+00  0.0000000e+00  3.7187625e-13  6.6049528e-03
4.457800000e+00  0.0000000e+00  1.1748793e-12  7.4827897e-02
4.523200000e+00  0.0000000e+00  1.9326755e-12  3.1057469e-01
4.588600000e+00  0.0000000e+00  2.1094159e-12  4.1243757e-01
4.654000000e+00  0.0000000e+00  2.2325258e-12  4.6996065e-01
4.719400000e+00  0.0000000e+00  1.7900514e-12  2.2031326e-01
4.784800000e+00  0.0000000e+00  1.9739104e-12  2.6719417e-01
4.850200000e+00  0.0000000e+00  2.1447872e-12  3.1293725e-01
4.915600000e+00  0.0000000e+00  2.4907561e-12  4.8993805e-01
4.981000000e+00  0.0000000e+00  2.5868945e-12  5.2276096e-01
5.046400000e+00  0.0000000e+00  2.6814239e-12  5.5455020e-01
5.111800000e+00  0.0000000e+00  2.6899479e-12  5.2200197e-01
5.177200000e+00  0.0000000e+00  2.6123170e-12  4.6432415e-01
5.242600000e+00  0.0000000e+00  2.6933227e-12  4.8431433e-01
5.308000000e+00  0.0000000e+00  2.7934623e-12  5.2135808e-01
5.373400000e+00  0.0000000e+00  2.7586205e-12  4.9633173e-01
5.438800000e+00  0.0000000e+00  2.4862552e-12  3.8759733e-01
5.504200000e+00  0.0000000e+00  2.6900875e-12  4.6113043e-01
5.569600000e+00  0.0000000e+00  2.3872998e-12  3.5633399e-01
5.635000000e+00  0.0000000e+00  2.3039790e-12  3.3192130e-01
5.700400000e+00  0.0000000e+00  2.2662091e-12  3.2233886e-01
5.765800000e+00  0.0000000e+00  2.2639817e-12  3.2389098e-01
5.831200000e+00  0.0000000e+00  2.2877741e-12  3.3337010e-01
5.896600000e+00  0.0000000e+00  2.1741374e-12  3.0293563e-01
5.962000000e+00  0.0000000e+00  2.2079852e-12  3.1541516e-01
6.027400000e+00  0.0000000e+00  2.3142453e-12  3.4997969e-01
6.092800000e+00  0.0000000e+00  2.3076694e-12  3.5128906e-01
6.158200000e+00  0.0000000e+00  2.4509814e-12  4.0057463e-01
6.223600000e+00  0.0000000e+00  2.8371812e-12  5.4453402e-01
6.289000000e+00  0.0000000e+00  3.1135274e-12  6.6551517e-01
6.354400000e+00  0.0000000e+00  2.5886523e-12  4.6046559e-01
6.419800000e+00  0.0000000e+00  2.4981856e-12  4.3299155e-01
6.485200000e+00  0.0000000e+00  2.5021931e-12  4.3887085e-01
6.550600000e+00  0.0000000e+00  2.5566975e-12  4.6285058e-01
6.616000000e+00  0.0000000e+00  2.6158295e-12  4.8917555e-01
6.681400000e+00  0.0000000e+00  2.9116967e-12  6.1211909e-01
6.746800000e+00  0.0000000e+00  3.4041182e-12  8.4895974e-01
6.812200000e+00  0.0000000e+00  3.1592618e-12  7.3533127e-01
6.877600000e+00  0.0000000e+00  3.3731604e-12  8.4764050e-01
6.943000000e+00  0.0000000e+00  3.5869613e-12  9.6980400e-01
7.008400000e+00  0.0000000e+00  3.6760114e-12  1.0283090e+00
7.073800000e+00  0.0000000e+00  4.0203128e-12  1.2480070e+00
7.139200000e+00  0.0000000e+00  3.7087387e-12  1.0644421e+00
7.204600000e+00  0.0000000e+00  4.1339675e-12  1.3435879e+00
7.270000000e+00  0.0000000e+00  4.1512198e-12  1.3659110e+00
7.335400000e+00  0.0000000e+00  4.2434128e-12  1.4410569e+00
7.400800000e+00  0.0000000e+00  4.6010451e-12  1.7222176e+00
7.466200000e+00  0.0000000e+00  4.4105341e-12  1.5861188e+00
7.531600000e+00  0.0000000e+00  4.8036102e-12  1.9153099e+00
7.597000000e+00  0.0000000e+00  4.5918257e-12  1.7520211e+00
7.662400000e+00  0.0000000e+00  4.8945632e-12  2.0229480e+00
7.727800000e+00  0.0000000e+00  4.9227175e-12  2.0618998e+00
7.793200000e+00  0.0000000e+00  4.9386386e-12  2.0906091e+00
7.858600000e+00  0.0000000e+00  4.8583562e-12  2.0330942e+00
7.924000000e+00  0.0000000e+00  4.9667810e-12  2.1461697e+00
7.989400000e+00  0.0000000e+00  5.0589965e-12  2.2486899e+00
8.054800000e+00  0.0000000e+00  5.0723033e-12  2.2770403e+00
8.120200000e+00  0.0000000e+00  5.1220226e-12  2.3415195e+00
8.185600000e+00  0.0000000e+00  5.1263243e-12  2.3616442e+00
8.251000000e+00  0.0000000e+00  5.1471885e-12  2.3989420e+00
8.316400000e+00  0.0000000e+00  5.1784979e-12  2.4476088e+00
8.381800000e+00  0.0000000e+00  5.2029192e-12  2.4899752e+00
8.447200000e+00  0.0000000e+00  5.2091726e-12  2.5141332e+00
8.512600000e+00  0.0000000e+00  5.1973957e-12  2.5200710e+00
8.578000000e+00  0.0000000e+00  5.2119802e-12  2.5539541e+00
8.643400000e+00  0.0000000e+00  5.2158858e-12  2.5767387e+00
8.708800000e+00  0.0000000e+00  5.2073017e-12  2.5867224e+00
8.774200000e+00  0.0000000e+00  5.1970544e-12  2.5949028e+00
8.839600000e+00  0.0000000e+00  5.1614097e-12  2.5777158e+00
8.905000000e+00  0.0000000e+00  5.1595271e-12  2.5939490e+00
8.970400000e+00  0.0000000e+00  5.1931446e-12  2.6468252e+00
9.035800000e+00  0.0000000e+00  5.2470020e-12  2.7212453e+00
9.101200000e+00  0.0000000e+00  5.2461809e-12  2.7393890e+00
9.166600000e+00  0.0000000e+00  5.2255544e-12  2.7366503e+00
9.232000000e+00  0.0000000e+00  5.2147199e-12  2.7435565e+00
9.297400000e+00  0.0000000e+00  5.2427042e-12  2.7915564e+00
9.362800000e+00  0.0000000e+00  4.8166099e-12  2.3721414e+00
9.428200000e+00  0.0000000e+00  3.3220994e-12  1.1327417e+00
9.493600000e+00  0.0000000e+00  2.7481480e-12  7.7540495e-01
9.559000000e+00  0.0000000e+00  3.8135049e-12  1.5149394e+00
9.624400000e+00  0.0000000e+00  2.9278297e-12  8.9373341e-01
9.689800000e+00  0.0000000e+00  3.3076132e-12  1.1546485e+00
9.755200000e+00  0.0000000e+00  3.3444215e-12  1.1876529e+00
9.820600000e+00  0.0000000e+00  3.6848049e-12  1.4534915e+00
9.886000000e+00  0.0000000e+00  4.1663256e-12  1.8713081e+00
9.951400000e+00  0.0000000e+00  4.6715983e-12  2.3681263e+00
1.001680000e+01  0.0000000e+00  5.0362457e-12  2.7695122e+00
1.008220000e+01  0.0000000e+00  5.2848169e-12  3.0698147e+00
1.014760000e+01  0.0000000e+00  5.3863022e-12  3.2093835e+00
1.021300000e+01  0.0000000e+00  5.4324184e-12  3.2851126e+00
1.027840000e+01  0.0000000e+00  5.4350450e-12  3.3085461e+00
1.034380000e+01  0.0000000e+00  5.4386473e-12  3.3339742e+00
1.040920000e+01  0.0000000e+00  5.4406507e-12  3.3574325e+00
1.047460000e+01  0.0000000e+00  5.4284774e-12  3.3623496e+00
1.054000000e+01  0.0000000e+00  5.4209759e-12  3.3733093e+00
1.060540000e+01  0.0000000e+00  5.4168305e-12  3.3888338e+00
1.067080000e+01  0.0000000e+00  5.4111292e-12  3.4023561e+00
1.073620000e+01  0.0000000e+00  5.4039121e-12  3.4138978e+00
1.080160000e+01  0.0000000e+00  5.3941997e-12  3.4219809e+00
1.086700000e+01  0.0000000e+00  5.3852643e-12  3.4310296e+00
1.093240000e+01  0.0000000e+00  5.3751704e-12  3.4384382e+00
1.099780000e+01  0.0000000e+00  5.3623852e-12  3.4420120e+00
1.106320000e+01  0.0000000e+00  5.3511460e-12  3.4478227e+00
1.112860000e+01  0.0000000e+00  5.3378148e-12  3.4505888e+00
1.119400000e+01  0.0000000e+00  5.3243685e-12  3.4530395e+00
1.125940000e+01  0.0000000e+00  5.3075093e-12  3.4505934e+00
1.132480000e+01  0.0000000e+00  5.2957351e-12  3.4551192e+00
1.139020000e+01  0.0000000e+00  5.2817453e-12  3.4563877e+00
1.145560000e+01  0.0000000e+00  5.2670856e-12  3.4565426e+00
1.152100000e+01  0.0000000e+00  5.2531593e-12  3.4576066e+00
1.158640000e+01  0.0000000e+00  5.2378656e-12  3.4566065e+00
1.165180000e+01  0.0000000e+00  5.2225664e-12  3.4554507e+00
1.171720000e+01  0.0000000e+00  5.2017977e-12  3.4462772e+00
1.178260000e+01  0.0000000e+00  5.1892175e-12  3.4487336e+00
1.184800000e+01  0.0000000e+00  5.1748399e-12  3.4484698e+00
1.191340000e+01  0.0000000e+00  5.1579096e-12  3.4443784e+00
1.197880000e+01  0.0000000e+00  5.1423312e-12  3.4420841e+00
1.204420000e+01  0.0000000e+00  5.1251748e-12  3.4373722e+00
1.210960000e+01  0.0000000e+00  5.1061707e-12  3.4298505e+00
1.217500000e+01  0.0000000e+00  5.0904029e-12  3.4268857e+00
1.224040000e+01  0.0000000e+00  5.0716385e-12  3.4194208e+00
1.230580000e+01  0.0000000e+00  5.0511534e-12  3.4093256e+00
1.237120000e+01  0.0000000e+00  5.0292051e-12  3.3970577e+00
1.243660000e+01  0.0000000e+00  5.0087975e-12  3.3867881e+00
1.250200000e+01  0.0000000e+00  4.9805291e-12  3.3652288e+00
1.256740000e+01  0.0000000e+00  4.9614341e-12  3.3564338e+00
1.263280000e+01  0.0000000e+00  4.8844959e-12  3.2665584e+00
1.269820000e+01  0.0000000e+00  4.9326524e-12  3.3526367e+00
1.276360000e+01  0.0000000e+00  4.8999216e-12  3.3242854e+00
1.282900000e+01  0.0000000e+00  4.8785538e-12  3.3119927e+00
1.289440000e+01  0.0000000e+00  4.8544929e-12  3.2956613e+00
1.295980000e+01  0.0000000e+00  4.8210388e-12  3.2662358e+00
1.302520000e+01  0.0000000e+00  4.7967452e-12  3.2488547e+00
1.309060000e+01  0.0000000e+00  4.7523970e-12  3.2038826e+00
1.315600000e+01  0.0000000e+00  4.7123285e-12  3.1637718e+00
1.322140000e+01  0.0000000e+00  4.6234571e-12  3.0577138e+00
1.328680000e+01  0.0000000e+00  4.5549292e-12  2.9797282e+00
1.335220000e+01  0.0000000e+00  4.4424160e-12  2.8453420e+00
1.341760000e+01  0.0000000e+00  4.3402434e-12  2.7270236e+00
1.348300000e+01  0.0000000e+00  3.9802666e-12  2.2993294e+00
1.354840000e+01  0.0000000e+00  4.0736789e-12  2.4218043e+00
1.361380000e+01  0.0000000e+00  4.0088018e-12  2.3560780e+00
1.367920000e+01  0.0000000e+00  3.9761110e-12  2.3293612e+00
1.374460000e+01  0.0000000e+00  4.0479408e-12  2.4265223e+00
1.381000000e+01  0.0000000e+00  3.9542244e-12  2.3269140e+00
1.387540000e+01  0.0000000e+00  3.1478709e-12  1.4769138e+00
1.394080000e+01  0.0000000e+00  3.7144316e-12  2.0699038e+00
1.400620000e+01  0.0000000e+00  3.6405948e-12  1.9966465e+00
1.407160000e+01  0.0000000e+00  3.5165240e-12  1.8711720e+00
1.413700000e+01  0.0000000e+00  3.3795126e-12  1.7352329e+00
1.420240000e+01  0.0000000e+00  3.1978121e-12  1.5604111e+00
1.426780000e+01  0.0000000e+00  3.0542264e-12  1.4296407e+00
1.433320000e+01  0.0000000e+00  2.9395483e-12  1.3301064e+00
1.439860000e+01  0.0000000e+00  2.7759595e-12  1.1911776e+00
1.446400000e+01  0.0000000e+00  2.7221464e-12  1.1505685e+00
1.452940000e+01  0.0000000e+00  2.6629464e-12  1.1059757e+00
1.459480000e+01  0.0000000e+00  2.5915431e-12  1.0520391e+00
1.466020000e+01  0.0000000e+00  2.5731544e-12  1.0417835e+00
1.472560000e+01  0.0000000e+00  2.5611737e-12  1.0366987e+00
1.479100000e+01  0.0000000e+00  2.5284755e-12  1.0148027e+00
1.485640000e+01  0.0000000e+00  2.5342629e-12  1.0239994e+00
1.492180000e+01  0.0000000e+00  2.4977657e-12  9.9897878e-01
1.498720000e+01  0.0000000e+00  2.4410270e-12  9.5822823e-01
1.505260000e+01  0.0000000e+00  2.5110306e-12  1.0185783e+00
1.511800000e+01  0.0000000e+00  2.5064765e-12  1.0192659e+00
1.518340000e+01  0.0000000e+00  2.5259838e-12  1.0397455e+00
1.524880000e+01  0.0000000e+00  2.5236157e-12  1.0422709e+00
1.531420000e+01  0.0000000e+00  2.5109377e-12  1.0362079e+00
1.537960000e+01  0.0000000e+00  2.4992046e-12  1.0308945e+00
1.544500000e+01  0.0000000e+00  2.5783641e-12  1.1020642e+00
1.551040000e+01  0.0000000e+00  2.5877426e-12  1.1148396e+00
1.557580000e+01  0.0000000e+00  2.6490246e-12  1.1733215e+00
1.564120000e+01  0.0000000e+00  2.7298501e-12  1.2514785e+00
1.570660000e+01  0.0000000e+00  2.7480717e-12  1.2735622e+00
1.577200000e+01  0.0000000e+00  2.8206268e-12  1.3474932e+00
1.583740000e+01  0.0000000e+00  2.9248597e-12  1.4552430e+00
1.590280000e+01  0.0000000e+00  3.0039496e-12  1.5414569e+00
1.596820000e+01  0.0000000e+00  3.1511438e-12  1.7035863e+00
1.603360000e+01  0.0000000e+00  3.2058575e-12  1.7707118e+00
1.609900000e+01  0.0000000e+00  3.4582985e-12  2.0706643e+00
1.616440000e+01  0.0000000e+00  3.0061467e-12  1.5690164e+00
1.622980000e+01  0.0000000e+00  3.0980968e-12  1.6735544e+00
1.629520000e+01  0.0000000e+00  3.3789038e-12  2.0003380e+00
1.636060000e+01  0.0000000e+00  3.4714494e-12  2.1208869e+00
1.642600000e+01  0.0000000e+00  3.3461737e-12  1.9774549e+00
1.649140000e+01  0.0000000e+00  3.4491999e-12  2.1105973e+00
1.655680000e+01  0.0000000e+00  3.3766637e-12  2.0300165e+00
1.662220000e+01  0.0000000e+00  3.5042745e-12  2.1965240e+00
1.668760000e+01  0.0000000e+00  3.4498283e-12  2.1366350e+00
1.675300000e+01  0.0000000e+00  3.3457420e-12  2.0166701e+00
1.681840000e+01  0.0000000e+00  3.4942255e-12  2.2100219e+00
1.688380000e+01  0.0000000e+00  3.5166603e-12  2.2472050e+00
1.694920000e+01  0.0000000e+00  3.5715821e-12  2.3292110e+00
1.701460000e+01  0.0000000e+00  3.5890605e-12  2.3620400e+00
1.708000000e+01  0.0000000e+00  3.6025419e-12  2.3896992e+00
1.714540000e+01  0.0000000e+00  3.6043108e-12  2.4018134e+00
1.721080000e+01  0.0000000e+00  3.5160124e-12  2.2907471e+00
1.727620000e+01  0.0000000e+00  3.6214870e-12  2.4452146e+00
1.734160000e+01  0.0000000e+00  3.5265944e-12  2.3237431e+00
1.740700000e+01  0.0000000e+00  3.5965163e-12  2.4303352e+00
1.747240000e+01  0.0000000e+00  3.5777459e-12  2.4139167e+00
1.753780000e+01  0.0000000e+00  3.5200756e-12  2.3432118e+00
1.760320000e+01  0.0000000e+00  3.4779314e-12  2.2946166e+00
1.766860000e+01  0.0000000e+00  3.5035876e-12  2.3396152e+00
1.773400000e+01  0.0000000e+00  3.4623530e-12  2.2920019e+00
1.779940000e+01  0.0000000e+00  3.5042203e-12  2.3597595e+00
1.786480000e+01  0.0000000e+00  3.4911354e-12  2.3511003e+00
1.793020000e+01  0.0000000e+00  3.4716077e-12  2.3331409e+00
1.799560000e+01  0.0000000e+00  3.4342476e-12  2.2901623e+00
1.806100000e+01  0.0000000e+00  3.4185334e-12  2.2775329e+00
1.812640000e+01  0.0000000e+00  3.4182571e-12  2.2864198e+00
1.819180000e+01  0.0000000e+00  3.3639317e-12  2.2198515e+00
1.825720000e+01  0.0000000e+00  3.3320986e-12  2.1848420e+00
1.832260000e+01  0.0000000e+00  3.2283329e-12  2.0548742e+00
1.838800000e+01  0.0000000e+00  3.3356926e-12  2.2073932e+00
1.845340000e+01  0.0000000e+00  3.2982632e-12  2.1646036e+00
1.851880000e+01  0.0000000e+00  3.3197137e-12  2.2027727e+00
1.858420000e+01  0.0000000e+00  3.3057803e-12  2.1921487e+00
1.864960000e+01  0.0000000e+00  3.2081687e-12  2.0675128e+00
1.871500000e+01  0.0000000e+00  3.2741223e-12  2.1654016e+00
1.878040000e+01  0.0000000e+00  3.2607172e-12  2.1554065e+00
1.884580000e+01  0.0000000e+00  3.2451345e-12  2.1422473e+00
1.891120000e+01  0.0000000e+00  3.2262170e-12  2.1242530e+00
1.897660000e+01  0.0000000e+00  3.1443984e-12  2.0210574e+00
1.904200000e+01  0.0000000e+00  3.0990312e-12  1.9687541e+00
1.910740000e+01  0.0000000e+00  3.1814771e-12  2.0869297e+00
1.917280000e+01  0.0000000e+00  3.1648851e-12  2.0720990e+00
1.923820000e+01  0.0000000e+00  3.0628458e-12  1.9427698e+00
1.930360000e+01  0.0000000e+00  2.9951071e-12  1.8623282e+00
1.936900000e+01  0.0000000e+00  3.0458832e-12  1.9347346e+00
1.943440000e+01  0.0000000e+00  3.1033228e-12  2.0190538e+00
1.949980000e+01  0.0000000e+00  3.0902753e-12  2.0090431e+00
1.956520000e+01  0.0000000e+00  3.0570359e-12  1.9713347e+00
1.963060000e+01  0.0000000e+00  3.0568919e-12  1.9786057e+00
1.969600000e+01  0.0000000e+00  2.9446966e-12  1.8378306e+00
1.976140000e+01  0.0000000e+00  2.9611459e-12  1.8657085e+00
1.982680000e+01  0.0000000e+00  3.0029239e-12  1.9277201e+00
1.989220000e+01  0.0000000e+00  2.8960850e-12  1.7949385e+00
1.995760000e+01  0.0000000e+00  2.9398896e-12  1.8582185e+00
