# 3D spectroscopic simulation - Spatial binning of 5 (194 calculations)
# ------------------------------------------------------------------------
# Radiance spectrum
# NASA-GSFC Planetary Spectrum Generator (PSG) (Villanueva et al. 2018, 2022)
# Synthesized on Wed Apr  2 08:43:26 2025
# Doppler velocities [km/s] (vobs,vrot+vorb,vwidth,vrfl,vstr): -21.10000,0.00037,0.00000,9.84870,0.00097
# ------------------------------------------------------------------------
# Spectra synthesized with the Planetary and Universal Model of Atmospheric Scattering (PUMAS, Villanueva et al. 2018, 2022)
# Multiple scattering method employing PSGDORT, NMAX:2 / LMAX:4 / gMAX:0.95
# Radiative transfer took 1.217 seconds
# ------------------------------------------------------------------------
# Spectral unit: Wavelength [um]
# Radiance unit: Spectral radiance [W/sr/m2/um]
# Wave/freq Total Noise Proxima-Cen-b
4.000000000e+00  0.0000000e+00  1.2121863e-12  8.0666749e-02
4.065400000e+00  0.0000000e+00  1.1859744e-12  7.5827444e-02
4.130800000e+00  0.0000000e+00  1.1800304e-12  7.5200287e-02
4.196200000e+00  0.0000000e+00  4.5758061e-13  1.0889731e-02
4.261600000e+00  0.0000000e+00  1.6537948e-13  1.2537120e-03
4.327000000e+00  0.0000000e+00  2.3444625e-13  2.5615738e-03
4.392400000e+00  0.0000000e+00  3.6696107e-13  6.8517897e-03
4.457800000e+00  0.0000000e+00  1.1703376e-12  7.6907971e-02
4.523200000e+00  0.0000000e+00  1.6680171e-12  1.6445653e-01
4.588600000e+00  0.0000000e+00  1.7708938e-12  1.8842736e-01
4.654000000e+00  0.0000000e+00  1.8631430e-12  2.1082341e-01
4.719400000e+00  0.0000000e+00  1.6533571e-12  1.6731842e-01
4.784800000e+00  0.0000000e+00  1.8214368e-12  2.0305894e-01
4.850200000e+00  0.0000000e+00  1.9843036e-12  2.3914441e-01
4.915600000e+00  0.0000000e+00  2.2014761e-12  2.9934270e-01
4.981000000e+00  0.0000000e+00  2.3009428e-12  3.2890900e-01
5.046400000e+00  0.0000000e+00  2.4035716e-12  3.6091963e-01
5.111800000e+00  0.0000000e+00  2.4670050e-12  3.8054062e-01
5.177200000e+00  0.0000000e+00  2.4567375e-12  3.7807954e-01
5.242600000e+00  0.0000000e+00  2.5583416e-12  4.1383878e-01
5.308000000e+00  0.0000000e+00  2.6612396e-12  4.5264839e-01
5.373400000e+00  0.0000000e+00  2.6708365e-12  4.5879667e-01
5.438800000e+00  0.0000000e+00  2.5097436e-12  4.0260285e-01
5.504200000e+00  0.0000000e+00  2.6914249e-12  4.6999474e-01
5.569600000e+00  0.0000000e+00  2.4750253e-12  3.9530223e-01
5.635000000e+00  0.0000000e+00  2.4179175e-12  3.7943836e-01
5.700400000e+00  0.0000000e+00  2.3998434e-12  3.7720978e-01
5.765800000e+00  0.0000000e+00  2.4055868e-12  3.8224419e-01
5.831200000e+00  0.0000000e+00  2.4449439e-12  3.9898479e-01
5.896600000e+00  0.0000000e+00  2.3277582e-12  3.6514597e-01
5.962000000e+00  0.0000000e+00  2.3695421e-12  3.8129413e-01
6.027400000e+00  0.0000000e+00  2.4804140e-12  4.2058659e-01
6.092800000e+00  0.0000000e+00  2.4747258e-12  4.2269106e-01
6.158200000e+00  0.0000000e+00  2.6485520e-12  4.8919674e-01
6.223600000e+00  0.0000000e+00  3.0588240e-12  6.6003429e-01
6.289000000e+00  0.0000000e+00  3.3454700e-12  8.0036289e-01
6.354400000e+00  0.0000000e+00  2.8004272e-12  5.5899519e-01
6.419800000e+00  0.0000000e+00  2.6829596e-12  5.1650310e-01
6.485200000e+00  0.0000000e+00  2.6736578e-12  5.1772256e-01
6.550600000e+00  0.0000000e+00  2.7330454e-12  5.4575452e-01
6.616000000e+00  0.0000000e+00  2.7870155e-12  5.7155513e-01
6.681400000e+00  0.0000000e+00  3.1431829e-12  7.3480033e-01
6.746800000e+00  0.0000000e+00  3.6579760e-12  1.0075541e+00
6.812200000e+00  0.0000000e+00  3.4057955e-12  8.7712932e-01
6.877600000e+00  0.0000000e+00  3.6154081e-12  9.9741726e-01
6.943000000e+00  0.0000000e+00  3.8277372e-12  1.1288947e+00
7.008400000e+00  0.0000000e+00  3.9277762e-12  1.1992227e+00
7.073800000e+00  0.0000000e+00  4.2515572e-12  1.4221652e+00
7.139200000e+00  0.0000000e+00  3.9619083e-12  1.2387564e+00
7.204600000e+00  0.0000000e+00  4.3670499e-12  1.5253723e+00
7.270000000e+00  0.0000000e+00  4.3897735e-12  1.5515268e+00
7.335400000e+00  0.0000000e+00  4.4800466e-12  1.6283847e+00
7.400800000e+00  0.0000000e+00  4.8260620e-12  1.9159646e+00
7.466200000e+00  0.0000000e+00  4.6494866e-12  1.7825476e+00
7.531600000e+00  0.0000000e+00  5.0257928e-12  2.1151035e+00
7.597000000e+00  0.0000000e+00  4.8336091e-12  1.9602099e+00
7.662400000e+00  0.0000000e+00  5.1253569e-12  2.2345015e+00
7.727800000e+00  0.0000000e+00  5.1558080e-12  2.2777751e+00
7.793200000e+00  0.0000000e+00  5.1762286e-12  2.3126373e+00
7.858600000e+00  0.0000000e+00  5.1056382e-12  2.2617945e+00
7.924000000e+00  0.0000000e+00  5.2119848e-12  2.3790741e+00
7.989400000e+00  0.0000000e+00  5.3072551e-12  2.4901514e+00
8.054800000e+00  0.0000000e+00  5.3219139e-12  2.5217991e+00
8.120200000e+00  0.0000000e+00  5.3732981e-12  2.5916760e+00
8.185600000e+00  0.0000000e+00  5.3775418e-12  2.6136773e+00
8.251000000e+00  0.0000000e+00  5.3997608e-12  2.6550658e+00
8.316400000e+00  0.0000000e+00  5.4332576e-12  2.7093053e+00
8.381800000e+00  0.0000000e+00  5.4594334e-12  2.7567850e+00
8.447200000e+00  0.0000000e+00  5.4667555e-12  2.7844478e+00
8.512600000e+00  0.0000000e+00  5.4546639e-12  2.7917280e+00
8.578000000e+00  0.0000000e+00  5.4720618e-12  2.8318671e+00
8.643400000e+00  0.0000000e+00  5.4784193e-12  2.8599161e+00
8.708800000e+00  0.0000000e+00  5.4708517e-12  2.8730251e+00
8.774200000e+00  0.0000000e+00  5.4607120e-12  2.8832721e+00
8.839600000e+00  0.0000000e+00  5.4284637e-12  2.8708472e+00
8.905000000e+00  0.0000000e+00  5.4245565e-12  2.8867830e+00
8.970400000e+00  0.0000000e+00  5.4572395e-12  2.9423927e+00
9.035800000e+00  0.0000000e+00  5.5069770e-12  3.0166879e+00
9.101200000e+00  0.0000000e+00  5.5057889e-12  3.0367187e+00
9.166600000e+00  0.0000000e+00  5.4858347e-12  3.0363393e+00
9.232000000e+00  0.0000000e+00  5.4737271e-12  3.0435258e+00
9.297400000e+00  0.0000000e+00  5.4973803e-12  3.0896385e+00
9.362800000e+00  0.0000000e+00  5.0900147e-12  2.6736135e+00
9.428200000e+00  0.0000000e+00  3.5602252e-12  1.3183015e+00
9.493600000e+00  0.0000000e+00  2.9094986e-12  8.7759132e-01
9.559000000e+00  0.0000000e+00  4.0636816e-12  1.7401009e+00
9.624400000e+00  0.0000000e+00  3.1077975e-12  1.0179958e+00
9.689800000e+00  0.0000000e+00  3.5450821e-12  1.3431830e+00
9.755200000e+00  0.0000000e+00  3.5796613e-12  1.3774232e+00
9.820600000e+00  0.0000000e+00  3.9405957e-12  1.6826547e+00
9.886000000e+00  0.0000000e+00  4.4342011e-12  2.1432699e+00
9.951400000e+00  0.0000000e+00  4.9378304e-12  2.6703915e+00
1.001680000e+01  0.0000000e+00  5.2899910e-12  3.0787442e+00
1.008220000e+01  0.0000000e+00  5.5268960e-12  3.3773618e+00
1.014760000e+01  0.0000000e+00  5.6206056e-12  3.5118486e+00
1.021300000e+01  0.0000000e+00  5.6619306e-12  3.5837725e+00
1.027840000e+01  0.0000000e+00  5.6645690e-12  3.6082089e+00
1.034380000e+01  0.0000000e+00  5.6686964e-12  3.6354822e+00
1.040920000e+01  0.0000000e+00  5.6708471e-12  3.6602790e+00
1.047460000e+01  0.0000000e+00  5.6591780e-12  3.6665399e+00
1.054000000e+01  0.0000000e+00  5.6514447e-12  3.6781023e+00
1.060540000e+01  0.0000000e+00  5.6472330e-12  3.6947051e+00
1.067080000e+01  0.0000000e+00  5.6408022e-12  3.7084061e+00
1.073620000e+01  0.0000000e+00  5.6326404e-12  3.7198370e+00
1.080160000e+01  0.0000000e+00  5.6213523e-12  3.7269059e+00
1.086700000e+01  0.0000000e+00  5.6112486e-12  3.7355371e+00
1.093240000e+01  0.0000000e+00  5.5999568e-12  3.7424425e+00
1.099780000e+01  0.0000000e+00  5.5849770e-12  3.7440056e+00
1.106320000e+01  0.0000000e+00  5.5732861e-12  3.7502513e+00
1.112860000e+01  0.0000000e+00  5.5586602e-12  3.7521760e+00
1.119400000e+01  0.0000000e+00  5.5438952e-12  3.7537248e+00
1.125940000e+01  0.0000000e+00  5.5249175e-12  3.7490994e+00
1.132480000e+01  0.0000000e+00  5.5122364e-12  3.7533252e+00
1.139020000e+01  0.0000000e+00  5.4969139e-12  3.7535843e+00
1.145560000e+01  0.0000000e+00  5.4807460e-12  3.7524309e+00
1.152100000e+01  0.0000000e+00  5.4655220e-12  3.7524970e+00
1.158640000e+01  0.0000000e+00  5.4486984e-12  3.7501068e+00
1.165180000e+01  0.0000000e+00  5.4318642e-12  3.7475327e+00
1.171720000e+01  0.0000000e+00  5.4073307e-12  3.7335309e+00
1.178260000e+01  0.0000000e+00  5.3946236e-12  3.7366352e+00
1.184800000e+01  0.0000000e+00  5.3792810e-12  3.7357408e+00
1.191340000e+01  0.0000000e+00  5.3603212e-12  3.7293755e+00
1.197880000e+01  0.0000000e+00  5.3435252e-12  3.7259970e+00
1.204420000e+01  0.0000000e+00  5.3247025e-12  3.7194818e+00
1.210960000e+01  0.0000000e+00  5.3033992e-12  3.7091482e+00
1.217500000e+01  0.0000000e+00  5.2867296e-12  3.7055047e+00
1.224040000e+01  0.0000000e+00  5.2662907e-12  3.6961167e+00
1.230580000e+01  0.0000000e+00  5.2437718e-12  3.6835022e+00
1.237120000e+01  0.0000000e+00  5.2201947e-12  3.6692414e+00
1.243660000e+01  0.0000000e+00  5.1977351e-12  3.6563864e+00
1.250200000e+01  0.0000000e+00  5.1672791e-12  3.6317251e+00
1.256740000e+01  0.0000000e+00  5.1460943e-12  3.6202250e+00
1.263280000e+01  0.0000000e+00  5.0702871e-12  3.5307268e+00
1.269820000e+01  0.0000000e+00  5.1166314e-12  3.6166219e+00
1.276360000e+01  0.0000000e+00  5.0817605e-12  3.5850678e+00
1.282900000e+01  0.0000000e+00  5.0592004e-12  3.5713450e+00
1.289440000e+01  0.0000000e+00  5.0336401e-12  3.5529649e+00
1.295980000e+01  0.0000000e+00  4.9999793e-12  3.5231624e+00
1.302520000e+01  0.0000000e+00  4.9734272e-12  3.5025274e+00
1.309060000e+01  0.0000000e+00  4.9281748e-12  3.4557385e+00
1.315600000e+01  0.0000000e+00  4.8857410e-12  3.4115112e+00
1.322140000e+01  0.0000000e+00  4.7954268e-12  3.3008341e+00
1.328680000e+01  0.0000000e+00  4.7256442e-12  3.2188347e+00
1.335220000e+01  0.0000000e+00  4.6127009e-12  3.0794847e+00
1.341760000e+01  0.0000000e+00  4.5092687e-12  2.9552379e+00
1.348300000e+01  0.0000000e+00  4.1279940e-12  2.4823134e+00
1.354840000e+01  0.0000000e+00  4.2364417e-12  2.6294730e+00
1.361380000e+01  0.0000000e+00  4.1680158e-12  2.5567793e+00
1.367920000e+01  0.0000000e+00  4.1366501e-12  2.5311874e+00
1.374460000e+01  0.0000000e+00  4.2139874e-12  2.6404324e+00
1.381000000e+01  0.0000000e+00  4.1175258e-12  2.5335311e+00
1.387540000e+01  0.0000000e+00  3.2037784e-12  1.5316362e+00
1.394080000e+01  0.0000000e+00  3.8531530e-12  2.2348060e+00
1.400620000e+01  0.0000000e+00  3.7690646e-12  2.1463530e+00
1.407160000e+01  0.0000000e+00  3.6310380e-12  2.0000622e+00
1.413700000e+01  0.0000000e+00  3.4644156e-12  1.8267559e+00
1.420240000e+01  0.0000000e+00  3.2446643e-12  1.6081837e+00
1.426780000e+01  0.0000000e+00  3.0672648e-12  1.4426396e+00
1.433320000e+01  0.0000000e+00  2.9355389e-12  1.3267880e+00
1.439860000e+01  0.0000000e+00  2.7671261e-12  1.1835652e+00
1.446400000e+01  0.0000000e+00  2.7137415e-12  1.1433638e+00
1.452940000e+01  0.0000000e+00  2.6634682e-12  1.1063061e+00
1.459480000e+01  0.0000000e+00  2.5968441e-12  1.0562783e+00
1.466020000e+01  0.0000000e+00  2.5793822e-12  1.0467716e+00
1.472560000e+01  0.0000000e+00  2.5666733e-12  1.0410867e+00
1.479100000e+01  0.0000000e+00  2.5293910e-12  1.0154689e+00
1.485640000e+01  0.0000000e+00  2.5387741e-12  1.0275870e+00
1.492180000e+01  0.0000000e+00  2.4954913e-12  9.9711087e-01
1.498720000e+01  0.0000000e+00  2.4333643e-12  9.5218868e-01
1.505260000e+01  0.0000000e+00  2.5140945e-12  1.0210032e+00
1.511800000e+01  0.0000000e+00  2.5092331e-12  1.0214492e+00
1.518340000e+01  0.0000000e+00  2.5311825e-12  1.0439610e+00
1.524880000e+01  0.0000000e+00  2.5291665e-12  1.0467953e+00
1.531420000e+01  0.0000000e+00  2.5139058e-12  1.0385890e+00
1.537960000e+01  0.0000000e+00  2.5029133e-12  1.0339119e+00
1.544500000e+01  0.0000000e+00  2.5746774e-12  1.0988211e+00
1.551040000e+01  0.0000000e+00  2.5834298e-12  1.1110277e+00
1.557580000e+01  0.0000000e+00  2.6412399e-12  1.1663755e+00
1.564120000e+01  0.0000000e+00  2.7189446e-12  1.2415365e+00
1.570660000e+01  0.0000000e+00  2.7446889e-12  1.2706089e+00
1.577200000e+01  0.0000000e+00  2.8257733e-12  1.3528589e+00
1.583740000e+01  0.0000000e+00  2.9507378e-12  1.4821740e+00
1.590280000e+01  0.0000000e+00  3.0489318e-12  1.5896229e+00
1.596820000e+01  0.0000000e+00  3.2246643e-12  1.7870168e+00
1.603360000e+01  0.0000000e+00  3.2888044e-12  1.8672191e+00
1.609900000e+01  0.0000000e+00  3.5722825e-12  2.2157366e+00
1.616440000e+01  0.0000000e+00  3.0712454e-12  1.6400384e+00
1.622980000e+01  0.0000000e+00  3.1659412e-12  1.7503910e+00
1.629520000e+01  0.0000000e+00  3.4861579e-12  2.1350455e+00
1.636060000e+01  0.0000000e+00  3.5873829e-12  2.2715828e+00
1.642600000e+01  0.0000000e+00  3.4496431e-12  2.1071452e+00
1.649140000e+01  0.0000000e+00  3.5613652e-12  2.2566159e+00
1.655680000e+01  0.0000000e+00  3.4806797e-12  2.1628149e+00
1.662220000e+01  0.0000000e+00  3.6161982e-12  2.3458264e+00
1.668760000e+01  0.0000000e+00  3.5557325e-12  2.2761235e+00
1.675300000e+01  0.0000000e+00  3.4423697e-12  2.1404127e+00
1.681840000e+01  0.0000000e+00  3.5983384e-12  2.3501642e+00
1.688380000e+01  0.0000000e+00  3.6206221e-12  2.3884287e+00
1.694920000e+01  0.0000000e+00  3.6746622e-12  2.4721023e+00
1.701460000e+01  0.0000000e+00  3.6917590e-12  2.5056110e+00
1.708000000e+01  0.0000000e+00  3.7035543e-12  2.5318679e+00
1.714540000e+01  0.0000000e+00  3.7040703e-12  2.5427231e+00
1.721080000e+01  0.0000000e+00  3.6174583e-12  2.4309118e+00
1.727620000e+01  0.0000000e+00  3.7185775e-12  2.5836495e+00
1.734160000e+01  0.0000000e+00  3.6241884e-12  2.4599073e+00
1.740700000e+01  0.0000000e+00  3.6910175e-12  2.5650503e+00
1.747240000e+01  0.0000000e+00  3.6712899e-12  2.5470579e+00
1.753780000e+01  0.0000000e+00  3.6143668e-12  2.4758889e+00
1.760320000e+01  0.0000000e+00  3.5734956e-12  2.4281409e+00
1.766860000e+01  0.0000000e+00  3.5961584e-12  2.4701460e+00
1.773400000e+01  0.0000000e+00  3.5565603e-12  2.4239154e+00
1.779940000e+01  0.0000000e+00  3.5943744e-12  2.4878152e+00
1.786480000e+01  0.0000000e+00  3.5802893e-12  2.4777075e+00
1.793020000e+01  0.0000000e+00  3.5596059e-12  2.4579044e+00
1.799560000e+01  0.0000000e+00  3.5223691e-12  2.4143069e+00
1.806100000e+01  0.0000000e+00  3.5059357e-12  2.4005615e+00
1.812640000e+01  0.0000000e+00  3.5037362e-12  2.4071454e+00
1.819180000e+01  0.0000000e+00  3.4492292e-12  2.3389518e+00
1.825720000e+01  0.0000000e+00  3.4183815e-12  2.3047222e+00
1.832260000e+01  0.0000000e+00  3.3190339e-12  2.1774640e+00
1.838800000e+01  0.0000000e+00  3.4194684e-12  2.3246746e+00
1.845340000e+01  0.0000000e+00  3.3828613e-12  2.2821294e+00
1.851880000e+01  0.0000000e+00  3.4010596e-12  2.3169064e+00
1.858420000e+01  0.0000000e+00  3.3863626e-12  2.3051402e+00
1.864960000e+01  0.0000000e+00  3.2931316e-12  2.1836318e+00
1.871500000e+01  0.0000000e+00  3.3526457e-12  2.2752432e+00
1.878040000e+01  0.0000000e+00  3.3393435e-12  2.2653392e+00
1.884580000e+01  0.0000000e+00  3.3231263e-12  2.2511716e+00
1.891120000e+01  0.0000000e+00  3.3026147e-12  2.2307101e+00
1.897660000e+01  0.0000000e+00  3.2252743e-12  2.1312982e+00
1.904200000e+01  0.0000000e+00  3.1766889e-12  2.0734200e+00
1.910740000e+01  0.0000000e+00  3.2557067e-12  2.1899681e+00
1.917280000e+01  0.0000000e+00  3.2386294e-12  2.1742691e+00
1.923820000e+01  0.0000000e+00  3.1413882e-12  2.0484602e+00
1.930360000e+01  0.0000000e+00  3.0752480e-12  1.9680771e+00
1.936900000e+01  0.0000000e+00  3.1232013e-12  2.0389451e+00
1.943440000e+01  0.0000000e+00  3.1735620e-12  2.1157950e+00
1.949980000e+01  0.0000000e+00  3.1612909e-12  2.1067543e+00
1.956520000e+01  0.0000000e+00  3.1274467e-12  2.0675068e+00
1.963060000e+01  0.0000000e+00  3.1264592e-12  2.0739613e+00
1.969600000e+01  0.0000000e+00  3.0200458e-12  1.9376276e+00
1.976140000e+01  0.0000000e+00  3.0348614e-12  1.9642848e+00
1.982680000e+01  0.0000000e+00  3.0707523e-12  2.0200890e+00
1.989220000e+01  0.0000000e+00  2.9707166e-12  1.8931462e+00
1.995760000e+01  0.0000000e+00  3.0081601e-12  1.9498034e+00
