# 3D spectroscopic simulation - Spatial binning of 5 (194 calculations)
# ------------------------------------------------------------------------
# Radiance spectrum
# NASA-GSFC Planetary Spectrum Generator (PSG) (Villanueva et al. 2018, 2022)
# Synthesized on Fri Jan 31 14:30:31 2025
# Doppler velocities [km/s] (vobs,vrot+vorb,vwidth,vrfl,vstr): -21.10000,0.00023,0.00000,-0.00000,0.00111
# ------------------------------------------------------------------------
# Spectra synthesized with the Planetary and Universal Model of Atmospheric Scattering (PUMAS, Villanueva et al. 2018, 2022)
# Multiple scattering method employing PSGDORT, NMAX:2 / LMAX:4 / gMAX:0.95
# Radiative transfer took 1.803 seconds
# ------------------------------------------------------------------------
# Spectral unit: Wavelength [um]
# Radiance unit: Spectral radiance [W/sr/m2/um]
# Wave/freq Total Noise Proxima-Cen-b
4.000000000e+00  0.0000000e+00  2.5103388e-12  3.8149763e-01
4.065400000e+00  0.0000000e+00  2.3037515e-12  3.0189062e-01
4.130800000e+00  0.0000000e+00  2.1466929e-12  2.4736191e-01
4.196200000e+00  0.0000000e+00  7.8010703e-13  3.0248605e-02
4.261600000e+00  0.0000000e+00  1.5428471e-13  1.0908285e-03
4.327000000e+00  0.0000000e+00  2.0118879e-13  1.9223557e-03
4.392400000e+00  0.0000000e+00  4.3902211e-13  9.9902134e-03
4.457800000e+00  0.0000000e+00  1.7209618e-12  1.4685937e-01
4.523200000e+00  0.0000000e+00  2.1399433e-12  2.5845795e-01
4.588600000e+00  0.0000000e+00  2.1291801e-12  2.7319866e-01
4.654000000e+00  0.0000000e+00  2.1634549e-12  2.8900985e-01
4.719400000e+00  0.0000000e+00  2.0300792e-12  2.5444085e-01
4.784800000e+00  0.0000000e+00  2.1788780e-12  2.8415517e-01
4.850200000e+00  0.0000000e+00  2.3205896e-12  3.0876575e-01
4.915600000e+00  0.0000000e+00  2.3532413e-12  3.4632366e-01
4.981000000e+00  0.0000000e+00  2.3760341e-12  3.5894372e-01
5.046400000e+00  0.0000000e+00  2.4046491e-12  3.7565209e-01
5.111800000e+00  0.0000000e+00  2.4639909e-12  3.8164740e-01
5.177200000e+00  0.0000000e+00  2.4806839e-12  3.7390160e-01
5.242600000e+00  0.0000000e+00  2.5504247e-12  3.9796463e-01
5.308000000e+00  0.0000000e+00  2.5810099e-12  4.1792284e-01
5.373400000e+00  0.0000000e+00  2.5983072e-12  4.2041716e-01
5.438800000e+00  0.0000000e+00  2.5180536e-12  3.8587491e-01
5.504200000e+00  0.0000000e+00  2.6482472e-12  4.3710017e-01
5.569600000e+00  0.0000000e+00  2.4544197e-12  3.7188103e-01
5.635000000e+00  0.0000000e+00  2.3695313e-12  3.4961218e-01
5.700400000e+00  0.0000000e+00  2.3319648e-12  3.4233618e-01
5.765800000e+00  0.0000000e+00  2.3088754e-12  3.3969334e-01
5.831200000e+00  0.0000000e+00  2.3300553e-12  3.5073162e-01
5.896600000e+00  0.0000000e+00  2.1456963e-12  3.0126974e-01
5.962000000e+00  0.0000000e+00  2.1690988e-12  3.1173497e-01
6.027400000e+00  0.0000000e+00  2.2986125e-12  3.5355167e-01
6.092800000e+00  0.0000000e+00  2.2653899e-12  3.4782551e-01
6.158200000e+00  0.0000000e+00  2.4668888e-12  4.1699577e-01
6.223600000e+00  0.0000000e+00  2.9619122e-12  6.0722498e-01
6.289000000e+00  0.0000000e+00  3.2780199e-12  7.5495098e-01
6.354400000e+00  0.0000000e+00  2.5967965e-12  4.7671267e-01
6.419800000e+00  0.0000000e+00  2.4288339e-12  4.2213311e-01
6.485200000e+00  0.0000000e+00  2.3750930e-12  4.0843608e-01
6.550600000e+00  0.0000000e+00  2.4147264e-12  4.2624282e-01
6.616000000e+00  0.0000000e+00  2.4590662e-12  4.4573586e-01
6.681400000e+00  0.0000000e+00  2.8925234e-12  6.2091118e-01
6.746800000e+00  0.0000000e+00  3.4693204e-12  9.0719107e-01
6.812200000e+00  0.0000000e+00  3.1515241e-12  7.5218049e-01
6.877600000e+00  0.0000000e+00  3.3621780e-12  8.6636313e-01
6.943000000e+00  0.0000000e+00  3.5374793e-12  9.7163797e-01
7.008400000e+00  0.0000000e+00  3.6305343e-12  1.0365093e+00
7.073800000e+00  0.0000000e+00  3.8515397e-12  1.1906637e+00
7.139200000e+00  0.0000000e+00  3.6379520e-12  1.0566857e+00
7.204600000e+00  0.0000000e+00  3.9219379e-12  1.2581651e+00
7.270000000e+00  0.0000000e+00  3.9330835e-12  1.2747232e+00
7.335400000e+00  0.0000000e+00  3.9714670e-12  1.3126237e+00
7.400800000e+00  0.0000000e+00  4.0229478e-12  1.3975125e+00
7.466200000e+00  0.0000000e+00  4.0643480e-12  1.4050564e+00
7.531600000e+00  0.0000000e+00  4.0282172e-12  1.4566568e+00
7.597000000e+00  0.0000000e+00  4.1759176e-12  1.5231356e+00
7.662400000e+00  0.0000000e+00  4.0115079e-12  1.4849112e+00
7.727800000e+00  0.0000000e+00  4.0773139e-12  1.5375059e+00
7.793200000e+00  0.0000000e+00  4.1276230e-12  1.5786338e+00
7.858600000e+00  0.0000000e+00  4.2228695e-12  1.6304280e+00
7.924000000e+00  0.0000000e+00  4.2010809e-12  1.6498873e+00
7.989400000e+00  0.0000000e+00  4.1234438e-12  1.6354078e+00
8.054800000e+00  0.0000000e+00  4.1738708e-12  1.6782945e+00
8.120200000e+00  0.0000000e+00  4.1449728e-12  1.6868348e+00
8.185600000e+00  0.0000000e+00  4.2271541e-12  1.7467033e+00
8.251000000e+00  0.0000000e+00  4.2491128e-12  1.7766222e+00
8.316400000e+00  0.0000000e+00  4.2318158e-12  1.7859548e+00
8.381800000e+00  0.0000000e+00  4.2352655e-12  1.8078656e+00
8.447200000e+00  0.0000000e+00  4.2673752e-12  1.8414842e+00
8.512600000e+00  0.0000000e+00  4.3321098e-12  1.8929416e+00
8.578000000e+00  0.0000000e+00  4.3081191e-12  1.8968200e+00
8.643400000e+00  0.0000000e+00  4.3004203e-12  1.9088483e+00
8.708800000e+00  0.0000000e+00  4.3225163e-12  1.9365596e+00
8.774200000e+00  0.0000000e+00  4.3480101e-12  1.9661151e+00
8.839600000e+00  0.0000000e+00  4.3395547e-12  1.9724621e+00
8.905000000e+00  0.0000000e+00  4.3640938e-12  2.0028153e+00
8.970400000e+00  0.0000000e+00  4.3681251e-12  2.0248855e+00
9.035800000e+00  0.0000000e+00  4.3974862e-12  2.0656923e+00
9.101200000e+00  0.0000000e+00  4.4090919e-12  2.0884877e+00
9.166600000e+00  0.0000000e+00  4.4438223e-12  2.1242947e+00
9.232000000e+00  0.0000000e+00  4.5129849e-12  2.1851837e+00
9.297400000e+00  0.0000000e+00  4.5582121e-12  2.2342227e+00
9.362800000e+00  0.0000000e+00  4.4517520e-12  2.1350492e+00
9.428200000e+00  0.0000000e+00  3.9523512e-12  1.6619083e+00
9.493600000e+00  0.0000000e+00  3.5349270e-12  1.3290889e+00
9.559000000e+00  0.0000000e+00  4.0487238e-12  1.7822121e+00
9.624400000e+00  0.0000000e+00  3.6245087e-12  1.4242409e+00
9.689800000e+00  0.0000000e+00  3.9244598e-12  1.6806649e+00
9.755200000e+00  0.0000000e+00  3.9609013e-12  1.7227820e+00
9.820600000e+00  0.0000000e+00  4.1355728e-12  1.8960728e+00
9.886000000e+00  0.0000000e+00  4.3139515e-12  2.0884016e+00
9.951400000e+00  0.0000000e+00  4.4475984e-12  2.2496864e+00
1.001680000e+01  0.0000000e+00  4.5172076e-12  2.3510261e+00
1.008220000e+01  0.0000000e+00  4.5494569e-12  2.4143574e+00
1.014760000e+01  0.0000000e+00  4.5758942e-12  2.4593623e+00
1.021300000e+01  0.0000000e+00  4.6039346e-12  2.5009330e+00
1.027840000e+01  0.0000000e+00  4.6212773e-12  2.5284592e+00
1.034380000e+01  0.0000000e+00  4.5839494e-12  2.5142626e+00
1.040920000e+01  0.0000000e+00  4.5466674e-12  2.5008716e+00
1.047460000e+01  0.0000000e+00  4.5834966e-12  2.5402965e+00
1.054000000e+01  0.0000000e+00  4.5888647e-12  2.5572665e+00
1.060540000e+01  0.0000000e+00  4.5762649e-12  2.5608010e+00
1.067080000e+01  0.0000000e+00  4.5566618e-12  2.5584447e+00
1.073620000e+01  0.0000000e+00  4.5349988e-12  2.5540670e+00
1.080160000e+01  0.0000000e+00  4.5229803e-12  2.5568800e+00
1.086700000e+01  0.0000000e+00  4.5112599e-12  2.5597362e+00
1.093240000e+01  0.0000000e+00  4.5015263e-12  2.5635990e+00
1.099780000e+01  0.0000000e+00  4.5043020e-12  2.5775003e+00
1.106320000e+01  0.0000000e+00  4.4861809e-12  2.5734519e+00
1.112860000e+01  0.0000000e+00  4.4780429e-12  2.5775206e+00
1.119400000e+01  0.0000000e+00  4.4696029e-12  2.5812491e+00
1.125940000e+01  0.0000000e+00  4.4722309e-12  2.5936677e+00
1.132480000e+01  0.0000000e+00  4.4566955e-12  2.5914626e+00
1.139020000e+01  0.0000000e+00  4.4475185e-12  2.5941057e+00
1.145560000e+01  0.0000000e+00  4.4401757e-12  2.5980891e+00
1.152100000e+01  0.0000000e+00  4.4286408e-12  2.5984692e+00
1.158640000e+01  0.0000000e+00  4.4201717e-12  2.6009838e+00
1.165180000e+01  0.0000000e+00  4.4090915e-12  2.6012561e+00
1.171720000e+01  0.0000000e+00  4.4276786e-12  2.6277800e+00
1.178260000e+01  0.0000000e+00  4.3987676e-12  2.6115235e+00
1.184800000e+01  0.0000000e+00  4.3804917e-12  2.6049795e+00
1.191340000e+01  0.0000000e+00  4.3752593e-12  2.6099069e+00
1.197880000e+01  0.0000000e+00  4.3600096e-12  2.6055912e+00
1.204420000e+01  0.0000000e+00  4.3552610e-12  2.6102864e+00
1.210960000e+01  0.0000000e+00  4.3513897e-12  2.6157974e+00
1.217500000e+01  0.0000000e+00  4.3371522e-12  2.6118016e+00
1.224040000e+01  0.0000000e+00  4.3361339e-12  2.6193062e+00
1.230580000e+01  0.0000000e+00  4.3393388e-12  2.6305127e+00
1.237120000e+01  0.0000000e+00  4.3393601e-12  2.6384266e+00
1.243660000e+01  0.0000000e+00  4.3373262e-12  2.6453204e+00
1.250200000e+01  0.0000000e+00  4.3374719e-12  2.6532807e+00
1.256740000e+01  0.0000000e+00  4.3271373e-12  2.6524305e+00
1.263280000e+01  0.0000000e+00  4.4554085e-12  2.7809843e+00
1.269820000e+01  0.0000000e+00  4.2597282e-12  2.6070036e+00
1.276360000e+01  0.0000000e+00  4.2722587e-12  2.6255606e+00
1.282900000e+01  0.0000000e+00  4.2667990e-12  2.6286671e+00
1.289440000e+01  0.0000000e+00  4.2638789e-12  2.6339605e+00
1.295980000e+01  0.0000000e+00  4.2779754e-12  2.6548964e+00
1.302520000e+01  0.0000000e+00  4.2965492e-12  2.6822209e+00
1.309060000e+01  0.0000000e+00  4.3141061e-12  2.7070004e+00
1.315600000e+01  0.0000000e+00  4.3663231e-12  2.7706447e+00
1.322140000e+01  0.0000000e+00  4.4175401e-12  2.8338370e+00
1.328680000e+01  0.0000000e+00  4.4240029e-12  2.8483510e+00
1.335220000e+01  0.0000000e+00  4.4032134e-12  2.8290429e+00
1.341760000e+01  0.0000000e+00  4.3636598e-12  2.7884805e+00
1.348300000e+01  0.0000000e+00  4.0960563e-12  2.4606563e+00
1.354840000e+01  0.0000000e+00  4.2107717e-12  2.6170470e+00
1.361380000e+01  0.0000000e+00  4.1414450e-12  2.5422475e+00
1.367920000e+01  0.0000000e+00  4.1239103e-12  2.5329656e+00
1.374460000e+01  0.0000000e+00  4.1924913e-12  2.6321611e+00
1.381000000e+01  0.0000000e+00  4.1429318e-12  2.5824673e+00
1.387540000e+01  0.0000000e+00  3.1287591e-12  1.4642150e+00
1.394080000e+01  0.0000000e+00  3.8883036e-12  2.2905227e+00
1.400620000e+01  0.0000000e+00  3.7811182e-12  2.1735209e+00
1.407160000e+01  0.0000000e+00  3.6409545e-12  2.0224356e+00
1.413700000e+01  0.0000000e+00  3.4310058e-12  1.7999491e+00
1.420240000e+01  0.0000000e+00  3.1709929e-12  1.5407807e+00
1.426780000e+01  0.0000000e+00  2.9517439e-12  1.3385681e+00
1.433320000e+01  0.0000000e+00  2.7864042e-12  1.1965786e+00
1.439860000e+01  0.0000000e+00  2.5879603e-12  1.0353518e+00
1.446400000e+01  0.0000000e+00  2.5278312e-12  9.9202984e-01
1.452940000e+01  0.0000000e+00  2.4777642e-12  9.5732491e-01
1.459480000e+01  0.0000000e+00  2.4453270e-12  9.3666340e-01
1.466020000e+01  0.0000000e+00  2.4348871e-12  9.3284477e-01
1.472560000e+01  0.0000000e+00  2.4304996e-12  9.3366668e-01
1.479100000e+01  0.0000000e+00  2.4161454e-12  9.2675673e-01
1.485640000e+01  0.0000000e+00  2.4150075e-12  9.2997806e-01
1.492180000e+01  0.0000000e+00  2.3991642e-12  9.2181255e-01
1.498720000e+01  0.0000000e+00  2.3500723e-12  8.8820920e-01
1.505260000e+01  0.0000000e+00  2.3998080e-12  9.3044645e-01
1.511800000e+01  0.0000000e+00  2.3925035e-12  9.2876154e-01
1.518340000e+01  0.0000000e+00  2.4004187e-12  9.3898869e-01
1.524880000e+01  0.0000000e+00  2.3960641e-12  9.3960185e-01
1.531420000e+01  0.0000000e+00  2.3888504e-12  9.3794276e-01
1.537960000e+01  0.0000000e+00  2.3766105e-12  9.3225701e-01
1.544500000e+01  0.0000000e+00  2.4153988e-12  9.6703155e-01
1.551040000e+01  0.0000000e+00  2.4219865e-12  9.7646367e-01
1.557580000e+01  0.0000000e+00  2.4755618e-12  1.0246473e+00
1.564120000e+01  0.0000000e+00  2.5609933e-12  1.1018518e+00
1.570660000e+01  0.0000000e+00  2.6037242e-12  1.1440975e+00
1.577200000e+01  0.0000000e+00  2.7039827e-12  1.2401879e+00
1.583740000e+01  0.0000000e+00  2.8584275e-12  1.3938546e+00
1.590280000e+01  0.0000000e+00  2.9781787e-12  1.5210549e+00
1.596820000e+01  0.0000000e+00  3.1784692e-12  1.7433314e+00
1.603360000e+01  0.0000000e+00  3.2457598e-12  1.8267504e+00
1.609900000e+01  0.0000000e+00  3.5362625e-12  2.1841237e+00
1.616440000e+01  0.0000000e+00  3.0220412e-12  1.5928380e+00
1.622980000e+01  0.0000000e+00  3.1213057e-12  1.7076534e+00
1.629520000e+01  0.0000000e+00  3.4518173e-12  2.1051005e+00
1.636060000e+01  0.0000000e+00  3.5479243e-12  2.2354905e+00
1.642600000e+01  0.0000000e+00  3.4098945e-12  2.0700591e+00
1.649140000e+01  0.0000000e+00  3.5117335e-12  2.2069756e+00
1.655680000e+01  0.0000000e+00  3.4297687e-12  2.1114455e+00
1.662220000e+01  0.0000000e+00  3.5400095e-12  2.2612757e+00
1.668760000e+01  0.0000000e+00  3.4828671e-12  2.1960903e+00
1.675300000e+01  0.0000000e+00  3.3950113e-12  2.0929618e+00
1.681840000e+01  0.0000000e+00  3.4888340e-12  2.2216109e+00
1.688380000e+01  0.0000000e+00  3.4748768e-12  2.2123917e+00
1.694920000e+01  0.0000000e+00  3.4978846e-12  2.2539203e+00
1.701460000e+01  0.0000000e+00  3.4956139e-12  2.2612136e+00
1.708000000e+01  0.0000000e+00  3.4694127e-12  2.2380844e+00
1.714540000e+01  0.0000000e+00  3.4541308e-12  2.2282798e+00
1.721080000e+01  0.0000000e+00  3.3814673e-12  2.1395360e+00
1.727620000e+01  0.0000000e+00  3.3915701e-12  2.1731723e+00
1.734160000e+01  0.0000000e+00  3.3458359e-12  2.1163304e+00
1.740700000e+01  0.0000000e+00  3.3253329e-12  2.1109422e+00
1.747240000e+01  0.0000000e+00  3.3070467e-12  2.0948149e+00
1.753780000e+01  0.0000000e+00  3.2813568e-12  2.0686894e+00
1.760320000e+01  0.0000000e+00  3.2779383e-12  2.0700600e+00
1.766860000e+01  0.0000000e+00  3.2237379e-12  2.0153232e+00
1.773400000e+01  0.0000000e+00  3.2036611e-12  1.9954873e+00
1.779940000e+01  0.0000000e+00  3.1799547e-12  1.9829819e+00
1.786480000e+01  0.0000000e+00  3.1494453e-12  1.9550927e+00
1.793020000e+01  0.0000000e+00  3.1430691e-12  1.9528970e+00
1.799560000e+01  0.0000000e+00  3.1410795e-12  1.9524744e+00
1.806100000e+01  0.0000000e+00  3.1226233e-12  1.9373906e+00
1.812640000e+01  0.0000000e+00  3.1054842e-12  1.9260848e+00
1.819180000e+01  0.0000000e+00  3.1285370e-12  1.9537802e+00
1.825720000e+01  0.0000000e+00  3.1346233e-12  1.9657701e+00
1.832260000e+01  0.0000000e+00  3.0909995e-12  1.9060020e+00
1.838800000e+01  0.0000000e+00  3.0777603e-12  1.9101059e+00
1.845340000e+01  0.0000000e+00  3.0434155e-12  1.8750585e+00
1.851880000e+01  0.0000000e+00  3.0275147e-12  1.8688780e+00
1.858420000e+01  0.0000000e+00  3.0117103e-12  1.8559994e+00
1.864960000e+01  0.0000000e+00  3.0132225e-12  1.8511255e+00
1.871500000e+01  0.0000000e+00  2.9916157e-12  1.8430418e+00
1.878040000e+01  0.0000000e+00  2.9620293e-12  1.8145302e+00
1.884580000e+01  0.0000000e+00  2.9493474e-12  1.8050192e+00
1.891120000e+01  0.0000000e+00  2.9581276e-12  1.8197226e+00
1.897660000e+01  0.0000000e+00  2.9732201e-12  1.8340756e+00
1.904200000e+01  0.0000000e+00  2.9381612e-12  1.7933768e+00
1.910740000e+01  0.0000000e+00  2.9225971e-12  1.7943597e+00
1.917280000e+01  0.0000000e+00  2.9112805e-12  1.7857923e+00
1.923820000e+01  0.0000000e+00  2.9231927e-12  1.7949504e+00
1.930360000e+01  0.0000000e+00  2.8825701e-12  1.7464421e+00
1.936900000e+01  0.0000000e+00  2.9094868e-12  1.7916410e+00
1.943440000e+01  0.0000000e+00  2.8769797e-12  1.7662825e+00
1.949980000e+01  0.0000000e+00  2.8381013e-12  1.7254697e+00
1.956520000e+01  0.0000000e+00  2.8537740e-12  1.7461822e+00
1.963060000e+01  0.0000000e+00  2.8316204e-12  1.7274351e+00
1.969600000e+01  0.0000000e+00  2.8064708e-12  1.6907217e+00
1.976140000e+01  0.0000000e+00  2.8121296e-12  1.7066086e+00
1.982680000e+01  0.0000000e+00  2.8202561e-12  1.7290660e+00
1.989220000e+01  0.0000000e+00  2.7909772e-12  1.6886690e+00
1.995760000e+01  0.0000000e+00  2.7790731e-12  1.6846597e+00
