# 3D spectroscopic simulation - Spatial binning of 5 (195 calculations)
# ------------------------------------------------------------------------
# Radiance spectrum
# NASA-GSFC Planetary Spectrum Generator (PSG) (Villanueva et al. 2018, 2022)
# Synthesized on Fri Jan 31 13:39:43 2025
# Doppler velocities [km/s] (vobs,vrot+vorb,vwidth,vrfl,vstr): -21.10000,-0.00038,0.00000,13.82073,0.00052
# ------------------------------------------------------------------------
# Spectra synthesized with the Planetary and Universal Model of Atmospheric Scattering (PUMAS, Villanueva et al. 2018, 2022)
# Multiple scattering method employing PSGDORT, NMAX:2 / LMAX:4 / gMAX:0.95
# Radiative transfer took 1.657 seconds
# ------------------------------------------------------------------------
# Spectral unit: Wavelength [um]
# Radiance unit: Spectral radiance [W/sr/m2/um]
# Wave/freq Total Noise Proxima-Cen-b
4.000000000e+00  0.0000000e+00  1.6217986e-12  3.9118702e-01
4.065400000e+00  0.0000000e+00  1.5176171e-12  2.6835142e-01
4.130800000e+00  0.0000000e+00  1.4175936e-12  1.8404482e-01
4.196200000e+00  0.0000000e+00  4.9369108e-13  1.4279214e-02
4.261600000e+00  0.0000000e+00  1.6361696e-13  1.2270400e-03
4.327000000e+00  0.0000000e+00  2.4029578e-13  2.6959958e-03
4.392400000e+00  0.0000000e+00  3.8321095e-13  7.0293594e-03
4.457800000e+00  0.0000000e+00  1.2623306e-12  9.7534932e-02
4.523200000e+00  0.0000000e+00  2.0027157e-12  3.2151307e-01
4.588600000e+00  0.0000000e+00  2.1504502e-12  3.8274486e-01
4.654000000e+00  0.0000000e+00  2.2598987e-12  4.2085054e-01
4.719400000e+00  0.0000000e+00  1.8299226e-12  2.2002708e-01
4.784800000e+00  0.0000000e+00  2.0183522e-12  2.6978058e-01
4.850200000e+00  0.0000000e+00  2.2028359e-12  3.2563034e-01
4.915600000e+00  0.0000000e+00  2.5142751e-12  4.5671875e-01
4.981000000e+00  0.0000000e+00  2.6055650e-12  4.8491610e-01
5.046400000e+00  0.0000000e+00  2.6946804e-12  5.1212495e-01
5.111800000e+00  0.0000000e+00  2.7101489e-12  4.9809440e-01
5.177200000e+00  0.0000000e+00  2.6464595e-12  4.5867335e-01
5.242600000e+00  0.0000000e+00  2.7305026e-12  4.8380791e-01
5.308000000e+00  0.0000000e+00  2.8289075e-12  5.1982445e-01
5.373400000e+00  0.0000000e+00  2.8092074e-12  5.0676807e-01
5.438800000e+00  0.0000000e+00  2.5879581e-12  4.2122713e-01
5.504200000e+00  0.0000000e+00  2.7736715e-12  4.8929714e-01
5.569600000e+00  0.0000000e+00  2.5124948e-12  3.9534583e-01
5.635000000e+00  0.0000000e+00  2.4408672e-12  3.7284396e-01
5.700400000e+00  0.0000000e+00  2.4116586e-12  3.6513973e-01
5.765800000e+00  0.0000000e+00  2.4103592e-12  3.6717422e-01
5.831200000e+00  0.0000000e+00  2.4419970e-12  3.7989476e-01
5.896600000e+00  0.0000000e+00  2.3330799e-12  3.4860109e-01
5.962000000e+00  0.0000000e+00  2.3688768e-12  3.6283652e-01
6.027400000e+00  0.0000000e+00  2.4721520e-12  3.9950836e-01
6.092800000e+00  0.0000000e+00  2.4675703e-12  4.0172013e-01
6.158200000e+00  0.0000000e+00  2.6199188e-12  4.5808273e-01
6.223600000e+00  0.0000000e+00  2.9858351e-12  6.0431493e-01
6.289000000e+00  0.0000000e+00  3.2454881e-12  7.2437208e-01
6.354400000e+00  0.0000000e+00  2.7575667e-12  5.2299926e-01
6.419800000e+00  0.0000000e+00  2.6604256e-12  4.9113607e-01
6.485200000e+00  0.0000000e+00  2.6640464e-12  4.9742748e-01
6.550600000e+00  0.0000000e+00  2.7217506e-12  5.2438471e-01
6.616000000e+00  0.0000000e+00  2.7782945e-12  5.5174081e-01
6.681400000e+00  0.0000000e+00  3.0857273e-12  6.8804711e-01
6.746800000e+00  0.0000000e+00  3.5509587e-12  9.2517980e-01
6.812200000e+00  0.0000000e+00  3.3281593e-12  8.1705900e-01
6.877600000e+00  0.0000000e+00  3.5238818e-12  9.2616932e-01
6.943000000e+00  0.0000000e+00  3.7174865e-12  1.0423463e+00
7.008400000e+00  0.0000000e+00  3.8096262e-12  1.1052492e+00
7.073800000e+00  0.0000000e+00  4.1117521e-12  1.3043697e+00
7.139200000e+00  0.0000000e+00  3.8438690e-12  1.1442265e+00
7.204600000e+00  0.0000000e+00  4.2198363e-12  1.3986448e+00
7.270000000e+00  0.0000000e+00  4.2394677e-12  1.4234319e+00
7.335400000e+00  0.0000000e+00  4.3218268e-12  1.4929218e+00
7.400800000e+00  0.0000000e+00  4.6388632e-12  1.7445534e+00
7.466200000e+00  0.0000000e+00  4.4774848e-12  1.6319542e+00
7.531600000e+00  0.0000000e+00  4.8239430e-12  1.9230269e+00
7.597000000e+00  0.0000000e+00  4.6464740e-12  1.7904334e+00
7.662400000e+00  0.0000000e+00  4.9137918e-12  2.0297486e+00
7.727800000e+00  0.0000000e+00  4.9421653e-12  2.0695655e+00
7.793200000e+00  0.0000000e+00  4.9598484e-12  2.1006189e+00
7.858600000e+00  0.0000000e+00  4.8942161e-12  2.0576967e+00
7.924000000e+00  0.0000000e+00  4.9922555e-12  2.1612563e+00
7.989400000e+00  0.0000000e+00  5.0782498e-12  2.2574770e+00
8.054800000e+00  0.0000000e+00  5.0932457e-12  2.2880006e+00
8.120200000e+00  0.0000000e+00  5.1413333e-12  2.3508789e+00
8.185600000e+00  0.0000000e+00  5.1470250e-12  2.3731703e+00
8.251000000e+00  0.0000000e+00  5.1685445e-12  2.4115016e+00
8.316400000e+00  0.0000000e+00  5.1995588e-12  2.4600191e+00
8.381800000e+00  0.0000000e+00  5.2234628e-12  2.5021704e+00
8.447200000e+00  0.0000000e+00  5.2307603e-12  2.5278950e+00
8.512600000e+00  0.0000000e+00  5.2203785e-12  2.5359745e+00
8.578000000e+00  0.0000000e+00  5.2347690e-12  2.5699230e+00
8.643400000e+00  0.0000000e+00  5.2398376e-12  2.5943000e+00
8.708800000e+00  0.0000000e+00  5.2321734e-12  2.6057405e+00
8.774200000e+00  0.0000000e+00  5.2227032e-12  2.6152203e+00
8.839600000e+00  0.0000000e+00  5.1890177e-12  2.6005906e+00
8.905000000e+00  0.0000000e+00  5.1873552e-12  2.6174218e+00
8.970400000e+00  0.0000000e+00  5.2211005e-12  2.6707180e+00
9.035800000e+00  0.0000000e+00  5.2734276e-12  2.7437089e+00
9.101200000e+00  0.0000000e+00  5.2732093e-12  2.7628726e+00
9.166600000e+00  0.0000000e+00  5.2536457e-12  2.7617361e+00
9.232000000e+00  0.0000000e+00  5.2430649e-12  2.7693176e+00
9.297400000e+00  0.0000000e+00  5.2700822e-12  2.8164903e+00
9.362800000e+00  0.0000000e+00  4.8506531e-12  2.4046186e+00
9.428200000e+00  0.0000000e+00  3.3679062e-12  1.1661732e+00
9.493600000e+00  0.0000000e+00  2.7878355e-12  7.9932325e-01
9.559000000e+00  0.0000000e+00  3.8594984e-12  1.5532206e+00
9.624400000e+00  0.0000000e+00  2.9703152e-12  9.2150259e-01
9.689800000e+00  0.0000000e+00  3.3550744e-12  1.1899101e+00
9.755200000e+00  0.0000000e+00  3.3923687e-12  1.2239217e+00
9.820600000e+00  0.0000000e+00  3.7318242e-12  1.4927630e+00
9.886000000e+00  0.0000000e+00  4.2103744e-12  1.9125177e+00
9.951400000e+00  0.0000000e+00  4.7100551e-12  2.4073162e+00
1.001680000e+01  0.0000000e+00  5.0691394e-12  2.8041014e+00
1.008220000e+01  0.0000000e+00  5.3139116e-12  3.1001689e+00
1.014760000e+01  0.0000000e+00  5.4133214e-12  3.2370988e+00
1.021300000e+01  0.0000000e+00  5.4584114e-12  3.3114964e+00
1.027840000e+01  0.0000000e+00  5.4613040e-12  3.3354344e+00
1.034380000e+01  0.0000000e+00  5.4652382e-12  3.3614616e+00
1.040920000e+01  0.0000000e+00  5.4674313e-12  3.3853577e+00
1.047460000e+01  0.0000000e+00  5.4556832e-12  3.3910756e+00
1.054000000e+01  0.0000000e+00  5.4484141e-12  3.4025713e+00
1.060540000e+01  0.0000000e+00  5.4444321e-12  3.4184956e+00
1.067080000e+01  0.0000000e+00  5.4383644e-12  3.4316978e+00
1.073620000e+01  0.0000000e+00  5.4308024e-12  3.4429427e+00
1.080160000e+01  0.0000000e+00  5.4205390e-12  3.4504694e+00
1.086700000e+01  0.0000000e+00  5.4112363e-12  3.4591869e+00
1.093240000e+01  0.0000000e+00  5.4008172e-12  3.4663209e+00
1.099780000e+01  0.0000000e+00  5.3873149e-12  3.4691135e+00
1.106320000e+01  0.0000000e+00  5.3759919e-12  3.4749411e+00
1.112860000e+01  0.0000000e+00  5.3622470e-12  3.4772951e+00
1.119400000e+01  0.0000000e+00  5.3483817e-12  3.4793256e+00
1.125940000e+01  0.0000000e+00  5.3309130e-12  3.4762299e+00
1.132480000e+01  0.0000000e+00  5.3188059e-12  3.4804158e+00
1.139020000e+01  0.0000000e+00  5.3044463e-12  3.4813158e+00
1.145560000e+01  0.0000000e+00  5.2893982e-12  3.4810781e+00
1.152100000e+01  0.0000000e+00  5.2751138e-12  3.4817692e+00
1.158640000e+01  0.0000000e+00  5.2594173e-12  3.4803366e+00
1.165180000e+01  0.0000000e+00  5.2437285e-12  3.4787595e+00
1.171720000e+01  0.0000000e+00  5.2219866e-12  3.4684349e+00
1.178260000e+01  0.0000000e+00  5.2094196e-12  3.4709745e+00
1.184800000e+01  0.0000000e+00  5.1948126e-12  3.4704799e+00
1.191340000e+01  0.0000000e+00  5.1773664e-12  3.4657932e+00
1.197880000e+01  0.0000000e+00  5.1615615e-12  3.4632769e+00
1.204420000e+01  0.0000000e+00  5.1440426e-12  3.4581679e+00
1.210960000e+01  0.0000000e+00  5.1245895e-12  3.4501525e+00
1.217500000e+01  0.0000000e+00  5.1086345e-12  3.4470009e+00
1.224040000e+01  0.0000000e+00  5.0895617e-12  3.4392156e+00
1.230580000e+01  0.0000000e+00  5.0687692e-12  3.4288183e+00
1.237120000e+01  0.0000000e+00  5.0467396e-12  3.4165703e+00
1.243660000e+01  0.0000000e+00  5.0260780e-12  3.4060672e+00
1.250200000e+01  0.0000000e+00  4.9984445e-12  3.3856207e+00
1.256740000e+01  0.0000000e+00  4.9792608e-12  3.3768001e+00
1.263280000e+01  0.0000000e+00  4.9045373e-12  3.2903058e+00
1.269820000e+01  0.0000000e+00  4.9493337e-12  3.3714276e+00
1.276360000e+01  0.0000000e+00  4.9170365e-12  3.3439083e+00
1.282900000e+01  0.0000000e+00  4.8952313e-12  3.3310701e+00
1.289440000e+01  0.0000000e+00  4.8710745e-12  3.3147028e+00
1.295980000e+01  0.0000000e+00  4.8379442e-12  3.2858737e+00
1.302520000e+01  0.0000000e+00  4.8136286e-12  3.2685685e+00
1.309060000e+01  0.0000000e+00  4.7700672e-12  3.2248998e+00
1.315600000e+01  0.0000000e+00  4.7312512e-12  3.1866954e+00
1.322140000e+01  0.0000000e+00  4.6457822e-12  3.0855519e+00
1.328680000e+01  0.0000000e+00  4.5809583e-12  3.0126237e+00
1.335220000e+01  0.0000000e+00  4.4741145e-12  2.8855450e+00
1.341760000e+01  0.0000000e+00  4.3767741e-12  2.7730446e+00
1.348300000e+01  0.0000000e+00  4.0276124e-12  2.3551382e+00
1.354840000e+01  0.0000000e+00  4.1220938e-12  2.4803037e+00
1.361380000e+01  0.0000000e+00  4.0582796e-12  2.4152636e+00
1.367920000e+01  0.0000000e+00  4.0260828e-12  2.3890135e+00
1.374460000e+01  0.0000000e+00  4.0970498e-12  2.4864213e+00
1.381000000e+01  0.0000000e+00  4.0029599e-12  2.3854457e+00
1.387540000e+01  0.0000000e+00  3.1793900e-12  1.5071154e+00
1.394080000e+01  0.0000000e+00  3.7665446e-12  2.1292931e+00
1.400620000e+01  0.0000000e+00  3.6935110e-12  2.0559681e+00
1.407160000e+01  0.0000000e+00  3.5690659e-12  1.9283323e+00
1.413700000e+01  0.0000000e+00  3.4253699e-12  1.7833007e+00
1.420240000e+01  0.0000000e+00  3.2315237e-12  1.5940227e+00
1.426780000e+01  0.0000000e+00  3.0755948e-12  1.4501455e+00
1.433320000e+01  0.0000000e+00  2.9546565e-12  1.3441255e+00
1.439860000e+01  0.0000000e+00  2.7888138e-12  1.2023844e+00
1.446400000e+01  0.0000000e+00  2.7338492e-12  1.1605776e+00
1.452940000e+01  0.0000000e+00  2.6797359e-12  1.1200648e+00
1.459480000e+01  0.0000000e+00  2.6118030e-12  1.0686659e+00
1.466020000e+01  0.0000000e+00  2.5926903e-12  1.0577639e+00
1.472560000e+01  0.0000000e+00  2.5814422e-12  1.0532723e+00
1.479100000e+01  0.0000000e+00  2.5437741e-12  1.0271786e+00
1.485640000e+01  0.0000000e+00  2.5529787e-12  1.0392656e+00
1.492180000e+01  0.0000000e+00  2.5072924e-12  1.0066422e+00
1.498720000e+01  0.0000000e+00  2.4476604e-12  9.6347065e-01
1.505260000e+01  0.0000000e+00  2.5303091e-12  1.0343751e+00
1.511800000e+01  0.0000000e+00  2.5217814e-12  1.0318119e+00
1.518340000e+01  0.0000000e+00  2.5460623e-12  1.0564407e+00
1.524880000e+01  0.0000000e+00  2.5437664e-12  1.0590860e+00
1.531420000e+01  0.0000000e+00  2.5278318e-12  1.0502758e+00
1.537960000e+01  0.0000000e+00  2.5138023e-12  1.0430443e+00
1.544500000e+01  0.0000000e+00  2.5894604e-12  1.1116317e+00
1.551040000e+01  0.0000000e+00  2.6004905e-12  1.1259350e+00
1.557580000e+01  0.0000000e+00  2.6601984e-12  1.1833512e+00
1.564120000e+01  0.0000000e+00  2.7397926e-12  1.2607859e+00
1.570660000e+01  0.0000000e+00  2.7611749e-12  1.2859627e+00
1.577200000e+01  0.0000000e+00  2.8367750e-12  1.3632700e+00
1.583740000e+01  0.0000000e+00  2.9490916e-12  1.4798763e+00
1.590280000e+01  0.0000000e+00  3.0348194e-12  1.5737705e+00
1.596820000e+01  0.0000000e+00  3.1894259e-12  1.7457930e+00
1.603360000e+01  0.0000000e+00  3.2447306e-12  1.8145058e+00
1.609900000e+01  0.0000000e+00  3.4993180e-12  2.1206577e+00
1.616440000e+01  0.0000000e+00  3.0396711e-12  1.6046809e+00
1.622980000e+01  0.0000000e+00  3.1309648e-12  1.7097401e+00
1.629520000e+01  0.0000000e+00  3.4193952e-12  2.0491457e+00
1.636060000e+01  0.0000000e+00  3.5102517e-12  2.1690376e+00
1.642600000e+01  0.0000000e+00  3.3844347e-12  2.0234697e+00
1.649140000e+01  0.0000000e+00  3.4855094e-12  2.1556931e+00
1.655680000e+01  0.0000000e+00  3.4123396e-12  2.0736221e+00
1.662220000e+01  0.0000000e+00  3.5363175e-12  2.2371626e+00
1.668760000e+01  0.0000000e+00  3.4812991e-12  2.1761360e+00
1.675300000e+01  0.0000000e+00  3.3771455e-12  2.0551678e+00
1.681840000e+01  0.0000000e+00  3.5222681e-12  2.2458936e+00
1.688380000e+01  0.0000000e+00  3.5474154e-12  2.2871188e+00
1.694920000e+01  0.0000000e+00  3.5919048e-12  2.3555438e+00
1.701460000e+01  0.0000000e+00  3.6064806e-12  2.3845312e+00
1.708000000e+01  0.0000000e+00  3.6185761e-12  2.4104192e+00
1.714540000e+01  0.0000000e+00  3.6184201e-12  2.4198870e+00
1.721080000e+01  0.0000000e+00  3.5469321e-12  2.3316462e+00
1.727620000e+01  0.0000000e+00  3.6311130e-12  2.4570174e+00
1.734160000e+01  0.0000000e+00  3.5497420e-12  2.3543011e+00
1.740700000e+01  0.0000000e+00  3.6050903e-12  2.4406842e+00
1.747240000e+01  0.0000000e+00  3.5865060e-12  2.4245427e+00
1.753780000e+01  0.0000000e+00  3.5368269e-12  2.3651102e+00
1.760320000e+01  0.0000000e+00  3.5001424e-12  2.3240380e+00
1.766860000e+01  0.0000000e+00  3.5164834e-12  2.3560876e+00
1.773400000e+01  0.0000000e+00  3.4811028e-12  2.3165945e+00
1.779940000e+01  0.0000000e+00  3.5105498e-12  2.3669974e+00
1.786480000e+01  0.0000000e+00  3.4963540e-12  2.3567349e+00
1.793020000e+01  0.0000000e+00  3.4770741e-12  2.3391877e+00
1.799560000e+01  0.0000000e+00  3.4437633e-12  2.3020010e+00
1.806100000e+01  0.0000000e+00  3.4277019e-12  2.2888963e+00
1.812640000e+01  0.0000000e+00  3.4235957e-12  2.2923904e+00
1.819180000e+01  0.0000000e+00  3.3767374e-12  2.2363782e+00
1.825720000e+01  0.0000000e+00  3.3490995e-12  2.2071899e+00
1.832260000e+01  0.0000000e+00  3.2610508e-12  2.0974621e+00
1.838800000e+01  0.0000000e+00  3.3438298e-12  2.2173969e+00
1.845340000e+01  0.0000000e+00  3.3115618e-12  2.1817255e+00
1.851880000e+01  0.0000000e+00  3.3247111e-12  2.2084286e+00
1.858420000e+01  0.0000000e+00  3.3100564e-12  2.1967944e+00
1.864960000e+01  0.0000000e+00  3.2296861e-12  2.0955918e+00
1.871500000e+01  0.0000000e+00  3.2778836e-12  2.1693768e+00
1.878040000e+01  0.0000000e+00  3.2639133e-12  2.1585622e+00
1.884580000e+01  0.0000000e+00  3.2481680e-12  2.1452004e+00
1.891120000e+01  0.0000000e+00  3.2299933e-12  2.1283375e+00
1.897660000e+01  0.0000000e+00  3.1629481e-12  2.0452212e+00
1.904200000e+01  0.0000000e+00  3.1209659e-12  1.9970975e+00
1.910740000e+01  0.0000000e+00  3.1852463e-12  2.0910455e+00
1.917280000e+01  0.0000000e+00  3.1690470e-12  2.0767645e+00
1.923820000e+01  0.0000000e+00  3.0858105e-12  1.9725401e+00
1.930360000e+01  0.0000000e+00  3.0269582e-12  1.9029371e+00
1.936900000e+01  0.0000000e+00  3.0668841e-12  1.9620143e+00
1.943440000e+01  0.0000000e+00  3.1076750e-12  2.0240787e+00
1.949980000e+01  0.0000000e+00  3.0941585e-12  2.0133571e+00
1.956520000e+01  0.0000000e+00  3.0652828e-12  1.9816963e+00
1.963060000e+01  0.0000000e+00  3.0617374e-12  1.9843255e+00
1.969600000e+01  0.0000000e+00  2.9693389e-12  1.8692979e+00
1.976140000e+01  0.0000000e+00  2.9803466e-12  1.8903961e+00
1.982680000e+01  0.0000000e+00  3.0100595e-12  1.9366874e+00
1.989220000e+01  0.0000000e+00  2.9222371e-12  1.8282743e+00
1.995760000e+01  0.0000000e+00  2.9526591e-12  1.8745209e+00
