# 3D spectroscopic simulation - Spatial binning of 5 (193 calculations)
# ------------------------------------------------------------------------
# Radiance spectrum
# NASA-GSFC Planetary Spectrum Generator (PSG) (Villanueva et al. 2018, 2022)
# Synthesized on Tue Apr  1 15:34:45 2025
# Doppler velocities [km/s] (vobs,vrot+vorb,vwidth,vrfl,vstr): -21.10000,0.00013,0.00000,8.98925,0.00103
# ------------------------------------------------------------------------
# Spectra synthesized with the Planetary and Universal Model of Atmospheric Scattering (PUMAS, Villanueva et al. 2018, 2022)
# Multiple scattering method employing PSGDORT, NMAX:2 / LMAX:4 / gMAX:0.95
# Radiative transfer took 1.423 seconds
# ------------------------------------------------------------------------
# Spectral unit: Wavelength [um]
# Radiance unit: Spectral radiance [W/sr/m2/um]
# Wave/freq Total Noise Proxima-Cen-b
4.000000000e+00  0.0000000e+00  9.2600502e-13  5.1729964e-02
4.065400000e+00  0.0000000e+00  9.7552299e-13  5.7863782e-02
4.130800000e+00  0.0000000e+00  1.0301715e-12  6.3710205e-02
4.196200000e+00  0.0000000e+00  4.2050664e-13  1.0014412e-02
4.261600000e+00  0.0000000e+00  1.6606159e-13  1.2635453e-03
4.327000000e+00  0.0000000e+00  2.3243216e-13  2.5193299e-03
4.392400000e+00  0.0000000e+00  3.5795670e-13  6.6073910e-03
4.457800000e+00  0.0000000e+00  1.0786254e-12  7.1806403e-02
4.523200000e+00  0.0000000e+00  1.4924516e-12  1.4621296e-01
4.588600000e+00  0.0000000e+00  1.5791028e-12  1.6618707e-01
4.654000000e+00  0.0000000e+00  1.6624105e-12  1.8587950e-01
4.719400000e+00  0.0000000e+00  1.5332554e-12  1.5600982e-01
4.784800000e+00  0.0000000e+00  1.6816655e-12  1.8819011e-01
4.850200000e+00  0.0000000e+00  1.8194418e-12  2.1964472e-01
4.915600000e+00  0.0000000e+00  2.0033606e-12  2.7056950e-01
4.981000000e+00  0.0000000e+00  2.1112836e-12  2.9896024e-01
5.046400000e+00  0.0000000e+00  2.2156593e-12  3.3004075e-01
5.111800000e+00  0.0000000e+00  2.2874274e-12  3.5276605e-01
5.177200000e+00  0.0000000e+00  2.2943539e-12  3.5447289e-01
5.242600000e+00  0.0000000e+00  2.4008905e-12  3.9063787e-01
5.308000000e+00  0.0000000e+00  2.5053232e-12  4.2910829e-01
5.373400000e+00  0.0000000e+00  2.5354611e-12  4.3867937e-01
5.438800000e+00  0.0000000e+00  2.4085283e-12  3.8937204e-01
5.504200000e+00  0.0000000e+00  2.5802177e-12  4.5474516e-01
5.569600000e+00  0.0000000e+00  2.3952445e-12  3.8620807e-01
5.635000000e+00  0.0000000e+00  2.3474013e-12  3.7233194e-01
5.700400000e+00  0.0000000e+00  2.3402533e-12  3.7217783e-01
5.765800000e+00  0.0000000e+00  2.3501037e-12  3.7780197e-01
5.831200000e+00  0.0000000e+00  2.3968614e-12  3.9565533e-01
5.896600000e+00  0.0000000e+00  2.2928001e-12  3.6320976e-01
5.962000000e+00  0.0000000e+00  2.3354859e-12  3.7968071e-01
6.027400000e+00  0.0000000e+00  2.4433645e-12  4.1821273e-01
6.092800000e+00  0.0000000e+00  2.4377133e-12  4.2017194e-01
6.158200000e+00  0.0000000e+00  2.6141617e-12  4.8804576e-01
6.223600000e+00  0.0000000e+00  3.0147439e-12  6.5740092e-01
6.289000000e+00  0.0000000e+00  3.2931341e-12  7.9633155e-01
6.354400000e+00  0.0000000e+00  2.7604843e-12  5.5702390e-01
6.419800000e+00  0.0000000e+00  2.6441678e-12  5.1309082e-01
6.485200000e+00  0.0000000e+00  2.6322137e-12  5.1298837e-01
6.550600000e+00  0.0000000e+00  2.6924246e-12  5.4083186e-01
6.616000000e+00  0.0000000e+00  2.7493260e-12  5.6603188e-01
6.681400000e+00  0.0000000e+00  3.1087399e-12  7.3257874e-01
6.746800000e+00  0.0000000e+00  3.6097763e-12  1.0025800e+00
6.812200000e+00  0.0000000e+00  3.3731533e-12  8.7432712e-01
6.877600000e+00  0.0000000e+00  3.5771862e-12  9.9232467e-01
6.943000000e+00  0.0000000e+00  3.7853293e-12  1.1227348e+00
7.008400000e+00  0.0000000e+00  3.8863171e-12  1.1934315e+00
7.073800000e+00  0.0000000e+00  4.1982216e-12  1.4119599e+00
7.139200000e+00  0.0000000e+00  3.9248531e-12  1.2338545e+00
7.204600000e+00  0.0000000e+00  4.3144430e-12  1.5145140e+00
7.270000000e+00  0.0000000e+00  4.3365991e-12  1.5408079e+00
7.335400000e+00  0.0000000e+00  4.4228232e-12  1.6158870e+00
7.400800000e+00  0.0000000e+00  4.7529903e-12  1.8956197e+00
7.466200000e+00  0.0000000e+00  4.5890810e-12  1.7672857e+00
7.531600000e+00  0.0000000e+00  4.9480462e-12  2.0886314e+00
7.597000000e+00  0.0000000e+00  4.7748019e-12  1.9427285e+00
7.662400000e+00  0.0000000e+00  5.0480375e-12  2.2044385e+00
7.727800000e+00  0.0000000e+00  5.0804737e-12  2.2475472e+00
7.793200000e+00  0.0000000e+00  5.1040957e-12  2.2835171e+00
7.858600000e+00  0.0000000e+00  5.0428165e-12  2.2377936e+00
7.924000000e+00  0.0000000e+00  5.1444330e-12  2.3510888e+00
7.989400000e+00  0.0000000e+00  5.2340644e-12  2.4570492e+00
8.054800000e+00  0.0000000e+00  5.2508188e-12  2.4892883e+00
8.120200000e+00  0.0000000e+00  5.3002231e-12  2.5566543e+00
8.185600000e+00  0.0000000e+00  5.3077965e-12  2.5804415e+00
8.251000000e+00  0.0000000e+00  5.3304629e-12  2.6212916e+00
8.316400000e+00  0.0000000e+00  5.3628176e-12  2.6737260e+00
8.381800000e+00  0.0000000e+00  5.3887511e-12  2.7202150e+00
8.447200000e+00  0.0000000e+00  5.3972740e-12  2.7480533e+00
8.512600000e+00  0.0000000e+00  5.3880826e-12  2.7570331e+00
8.578000000e+00  0.0000000e+00  5.4047148e-12  2.7958036e+00
8.643400000e+00  0.0000000e+00  5.4109606e-12  2.8229364e+00
8.708800000e+00  0.0000000e+00  5.4047066e-12  2.8364655e+00
8.774200000e+00  0.0000000e+00  5.3959691e-12  2.8472757e+00
8.839600000e+00  0.0000000e+00  5.3654146e-12  2.8356972e+00
8.905000000e+00  0.0000000e+00  5.3623950e-12  2.8517951e+00
8.970400000e+00  0.0000000e+00  5.3939405e-12  2.9057047e+00
9.035800000e+00  0.0000000e+00  5.4421862e-12  2.9779628e+00
9.101200000e+00  0.0000000e+00  5.4413773e-12  2.9976863e+00
9.166600000e+00  0.0000000e+00  5.4227575e-12  2.9979217e+00
9.232000000e+00  0.0000000e+00  5.4118496e-12  3.0055967e+00
9.297400000e+00  0.0000000e+00  5.4351864e-12  3.0508231e+00
9.362800000e+00  0.0000000e+00  5.0466722e-12  2.6518307e+00
9.428200000e+00  0.0000000e+00  3.5657787e-12  1.3284442e+00
9.493600000e+00  0.0000000e+00  2.9237371e-12  8.8824484e-01
9.559000000e+00  0.0000000e+00  4.0520178e-12  1.7404606e+00
9.624400000e+00  0.0000000e+00  3.1183495e-12  1.0279345e+00
9.689800000e+00  0.0000000e+00  3.5524827e-12  1.3543522e+00
9.755200000e+00  0.0000000e+00  3.5864231e-12  1.3882890e+00
9.820600000e+00  0.0000000e+00  3.9394082e-12  1.6901518e+00
9.886000000e+00  0.0000000e+00  4.4178536e-12  2.1409987e+00
9.951400000e+00  0.0000000e+00  4.9031444e-12  2.6529280e+00
1.001680000e+01  0.0000000e+00  5.2405282e-12  3.0468073e+00
1.008220000e+01  0.0000000e+00  5.4670698e-12  3.3341991e+00
1.014760000e+01  0.0000000e+00  5.5567725e-12  3.4638194e+00
1.021300000e+01  0.0000000e+00  5.5966664e-12  3.5335840e+00
1.027840000e+01  0.0000000e+00  5.6000479e-12  3.5582209e+00
1.034380000e+01  0.0000000e+00  5.6043328e-12  3.5850777e+00
1.040920000e+01  0.0000000e+00  5.6067032e-12  3.6095128e+00
1.047460000e+01  0.0000000e+00  5.5964891e-12  3.6168271e+00
1.054000000e+01  0.0000000e+00  5.5897067e-12  3.6289057e+00
1.060540000e+01  0.0000000e+00  5.5857434e-12  3.6452881e+00
1.067080000e+01  0.0000000e+00  5.5797020e-12  3.6589744e+00
1.073620000e+01  0.0000000e+00  5.5719128e-12  3.6704091e+00
1.080160000e+01  0.0000000e+00  5.5612464e-12  3.6777788e+00
1.086700000e+01  0.0000000e+00  5.5514118e-12  3.6862824e+00
1.093240000e+01  0.0000000e+00  5.5404520e-12  3.6931483e+00
1.099780000e+01  0.0000000e+00  5.5262757e-12  3.6952415e+00
1.106320000e+01  0.0000000e+00  5.5147567e-12  3.7012860e+00
1.112860000e+01  0.0000000e+00  5.5006796e-12  3.7034670e+00
1.119400000e+01  0.0000000e+00  5.4864483e-12  3.7052518e+00
1.125940000e+01  0.0000000e+00  5.4685624e-12  3.7015567e+00
1.132480000e+01  0.0000000e+00  5.4559933e-12  3.7055197e+00
1.139020000e+01  0.0000000e+00  5.4411268e-12  3.7059378e+00
1.145560000e+01  0.0000000e+00  5.4255128e-12  3.7050683e+00
1.152100000e+01  0.0000000e+00  5.4106464e-12  3.7051810e+00
1.158640000e+01  0.0000000e+00  5.3943282e-12  3.7030274e+00
1.165180000e+01  0.0000000e+00  5.3779733e-12  3.7006615e+00
1.171720000e+01  0.0000000e+00  5.3549201e-12  3.6880943e+00
1.178260000e+01  0.0000000e+00  5.3420628e-12  3.6906546e+00
1.184800000e+01  0.0000000e+00  5.3268786e-12  3.6895943e+00
1.191340000e+01  0.0000000e+00  5.3085365e-12  3.6836357e+00
1.197880000e+01  0.0000000e+00  5.2920325e-12  3.6802653e+00
1.204420000e+01  0.0000000e+00  5.2737258e-12  3.6740414e+00
1.210960000e+01  0.0000000e+00  5.2532939e-12  3.6644603e+00
1.217500000e+01  0.0000000e+00  5.2367175e-12  3.6605879e+00
1.224040000e+01  0.0000000e+00  5.2168699e-12  3.6516032e+00
1.230580000e+01  0.0000000e+00  5.1951389e-12  3.6396378e+00
1.237120000e+01  0.0000000e+00  5.1723890e-12  3.6260900e+00
1.243660000e+01  0.0000000e+00  5.1505598e-12  3.6136877e+00
1.250200000e+01  0.0000000e+00  5.1214677e-12  3.5903993e+00
1.256740000e+01  0.0000000e+00  5.1009001e-12  3.5793763e+00
1.263280000e+01  0.0000000e+00  5.0284563e-12  3.4933814e+00
1.269820000e+01  0.0000000e+00  5.0709065e-12  3.5746096e+00
1.276360000e+01  0.0000000e+00  5.0375628e-12  3.5446752e+00
1.282900000e+01  0.0000000e+00  5.0153615e-12  3.5311321e+00
1.289440000e+01  0.0000000e+00  4.9904074e-12  3.5132469e+00
1.295980000e+01  0.0000000e+00  4.9577466e-12  3.4844200e+00
1.302520000e+01  0.0000000e+00  4.9320531e-12  3.4645837e+00
1.309060000e+01  0.0000000e+00  4.8883930e-12  3.4194494e+00
1.315600000e+01  0.0000000e+00  4.8478224e-12  3.3771478e+00
1.322140000e+01  0.0000000e+00  4.7612312e-12  3.2704588e+00
1.328680000e+01  0.0000000e+00  4.6941084e-12  3.1911397e+00
1.335220000e+01  0.0000000e+00  4.5851178e-12  3.0558038e+00
1.341760000e+01  0.0000000e+00  4.4847357e-12  2.9344869e+00
1.348300000e+01  0.0000000e+00  4.1115376e-12  2.4681517e+00
1.354840000e+01  0.0000000e+00  4.2186150e-12  2.6145823e+00
1.361380000e+01  0.0000000e+00  4.1512828e-12  2.5427616e+00
1.367920000e+01  0.0000000e+00  4.1206947e-12  2.5180682e+00
1.374460000e+01  0.0000000e+00  4.1968502e-12  2.6262863e+00
1.381000000e+01  0.0000000e+00  4.1022223e-12  2.5212885e+00
1.387540000e+01  0.0000000e+00  3.1970021e-12  1.5256329e+00
1.394080000e+01  0.0000000e+00  3.8410014e-12  2.2243272e+00
1.400620000e+01  0.0000000e+00  3.7573406e-12  2.1358639e+00
1.407160000e+01  0.0000000e+00  3.6206072e-12  1.9905073e+00
1.413700000e+01  0.0000000e+00  3.4542886e-12  1.8171276e+00
1.420240000e+01  0.0000000e+00  3.2349230e-12  1.5988576e+00
1.426780000e+01  0.0000000e+00  3.0574450e-12  1.4333682e+00
1.433320000e+01  0.0000000e+00  2.9264044e-12  1.3183768e+00
1.439860000e+01  0.0000000e+00  2.7615358e-12  1.1786557e+00
1.446400000e+01  0.0000000e+00  2.7095866e-12  1.1397665e+00
1.452940000e+01  0.0000000e+00  2.6612709e-12  1.1044250e+00
1.459480000e+01  0.0000000e+00  2.5970102e-12  1.0563929e+00
1.466020000e+01  0.0000000e+00  2.5800455e-12  1.0472977e+00
1.472560000e+01  0.0000000e+00  2.5682489e-12  1.0423601e+00
1.479100000e+01  0.0000000e+00  2.5325810e-12  1.0180370e+00
1.485640000e+01  0.0000000e+00  2.5407066e-12  1.0291495e+00
1.492180000e+01  0.0000000e+00  2.4994125e-12  1.0002539e+00
1.498720000e+01  0.0000000e+00  2.4364737e-12  9.5462741e-01
1.505260000e+01  0.0000000e+00  2.5162778e-12  1.0227719e+00
1.511800000e+01  0.0000000e+00  2.5114352e-12  1.0232442e+00
1.518340000e+01  0.0000000e+00  2.5325290e-12  1.0450631e+00
1.524880000e+01  0.0000000e+00  2.5302004e-12  1.0476409e+00
1.531420000e+01  0.0000000e+00  2.5156161e-12  1.0399968e+00
1.537960000e+01  0.0000000e+00  2.5034004e-12  1.0343045e+00
1.544500000e+01  0.0000000e+00  2.5726918e-12  1.0970748e+00
1.551040000e+01  0.0000000e+00  2.5812651e-12  1.1091020e+00
1.557580000e+01  0.0000000e+00  2.6365512e-12  1.1621283e+00
1.564120000e+01  0.0000000e+00  2.7120243e-12  1.2350657e+00
1.570660000e+01  0.0000000e+00  2.7377120e-12  1.2640220e+00
1.577200000e+01  0.0000000e+00  2.8177939e-12  1.3451350e+00
1.583740000e+01  0.0000000e+00  2.9420028e-12  1.4735055e+00
1.590280000e+01  0.0000000e+00  3.0400813e-12  1.5807657e+00
1.596820000e+01  0.0000000e+00  3.2150927e-12  1.7774695e+00
1.603360000e+01  0.0000000e+00  3.2788447e-12  1.8574037e+00
1.609900000e+01  0.0000000e+00  3.5597418e-12  2.2039731e+00
1.616440000e+01  0.0000000e+00  3.0640014e-12  1.6331275e+00
1.622980000e+01  0.0000000e+00  3.1573190e-12  1.7419026e+00
1.629520000e+01  0.0000000e+00  3.4743662e-12  2.1238684e+00
1.636060000e+01  0.0000000e+00  3.5742741e-12  2.2593953e+00
1.642600000e+01  0.0000000e+00  3.4378932e-12  2.0959748e+00
1.649140000e+01  0.0000000e+00  3.5481598e-12  2.2443230e+00
1.655680000e+01  0.0000000e+00  3.4681561e-12  2.1509793e+00
1.662220000e+01  0.0000000e+00  3.6014152e-12  2.3321123e+00
1.668760000e+01  0.0000000e+00  3.5415803e-12  2.2628676e+00
1.675300000e+01  0.0000000e+00  3.4299584e-12  2.1286061e+00
1.681840000e+01  0.0000000e+00  3.5828563e-12  2.3356471e+00
1.688380000e+01  0.0000000e+00  3.6050089e-12  2.3739358e+00
1.694920000e+01  0.0000000e+00  3.6562488e-12  2.4546220e+00
1.701460000e+01  0.0000000e+00  3.6723222e-12  2.4870157e+00
1.708000000e+01  0.0000000e+00  3.6832709e-12  2.5123358e+00
1.714540000e+01  0.0000000e+00  3.6832962e-12  2.5226588e+00
1.721080000e+01  0.0000000e+00  3.6004577e-12  2.4149455e+00
1.727620000e+01  0.0000000e+00  3.6960227e-12  2.5616133e+00
1.734160000e+01  0.0000000e+00  3.6055287e-12  2.4421341e+00
1.740700000e+01  0.0000000e+00  3.6682135e-12  2.5426713e+00
1.747240000e+01  0.0000000e+00  3.6483576e-12  2.5244043e+00
1.753780000e+01  0.0000000e+00  3.5943495e-12  2.4566864e+00
1.760320000e+01  0.0000000e+00  3.5554683e-12  2.4112695e+00
1.766860000e+01  0.0000000e+00  3.5750376e-12  2.4495971e+00
1.773400000e+01  0.0000000e+00  3.5370645e-12  2.4052606e+00
1.779940000e+01  0.0000000e+00  3.5713712e-12  2.4650162e+00
1.786480000e+01  0.0000000e+00  3.5567902e-12  2.4542243e+00
1.793020000e+01  0.0000000e+00  3.5365498e-12  2.4349432e+00
1.799560000e+01  0.0000000e+00  3.5010095e-12  2.3933768e+00
1.806100000e+01  0.0000000e+00  3.4845960e-12  2.3796315e+00
1.812640000e+01  0.0000000e+00  3.4814263e-12  2.3850389e+00
1.819180000e+01  0.0000000e+00  3.4297351e-12  2.3201118e+00
1.825720000e+01  0.0000000e+00  3.4002386e-12  2.2874503e+00
1.832260000e+01  0.0000000e+00  3.3045549e-12  2.1640072e+00
1.838800000e+01  0.0000000e+00  3.3990604e-12  2.3047638e+00
1.845340000e+01  0.0000000e+00  3.3636058e-12  2.2634976e+00
1.851880000e+01  0.0000000e+00  3.3798351e-12  2.2960039e+00
1.858420000e+01  0.0000000e+00  3.3650379e-12  2.2840837e+00
1.864960000e+01  0.0000000e+00  3.2766375e-12  2.1680420e+00
1.871500000e+01  0.0000000e+00  3.3315757e-12  2.2544346e+00
1.878040000e+01  0.0000000e+00  3.3179218e-12  2.2440569e+00
1.884580000e+01  0.0000000e+00  3.3018222e-12  2.2300111e+00
1.891120000e+01  0.0000000e+00  3.2823266e-12  2.2108221e+00
1.897660000e+01  0.0000000e+00  3.2091394e-12  2.1160761e+00
1.904200000e+01  0.0000000e+00  3.1610401e-12  2.0584204e+00
1.910740000e+01  0.0000000e+00  3.2360449e-12  2.1707742e+00
1.917280000e+01  0.0000000e+00  3.2191823e-12  2.1552924e+00
1.923820000e+01  0.0000000e+00  3.1265715e-12  2.0344709e+00
1.930360000e+01  0.0000000e+00  3.0624726e-12  1.9561218e+00
1.936900000e+01  0.0000000e+00  3.1080899e-12  2.0246464e+00
1.943440000e+01  0.0000000e+00  3.1548753e-12  2.0976256e+00
1.949980000e+01  0.0000000e+00  3.1423633e-12  2.0882967e+00
1.956520000e+01  0.0000000e+00  3.1098179e-12  2.0504738e+00
1.963060000e+01  0.0000000e+00  3.1083591e-12  2.0564825e+00
1.969600000e+01  0.0000000e+00  3.0062642e-12  1.9246782e+00
1.976140000e+01  0.0000000e+00  3.0202354e-12  1.9505705e+00
1.982680000e+01  0.0000000e+00  3.0538028e-12  2.0039408e+00
1.989220000e+01  0.0000000e+00  2.9574648e-12  1.8807001e+00
1.995760000e+01  0.0000000e+00  2.9925668e-12  1.9350021e+00
