# 3D spectroscopic simulation - Spatial binning of 5 (193 calculations)
# ------------------------------------------------------------------------
# Radiance spectrum
# NASA-GSFC Planetary Spectrum Generator (PSG) (Villanueva et al. 2018, 2022)
# Synthesized on Wed Apr  2 08:34:54 2025
# Doppler velocities [km/s] (vobs,vrot+vorb,vwidth,vrfl,vstr): -21.10000,-0.00006,0.00000,-9.79048,0.00088
# ------------------------------------------------------------------------
# Spectra synthesized with the Planetary and Universal Model of Atmospheric Scattering (PUMAS, Villanueva et al. 2018, 2022)
# Multiple scattering method employing PSGDORT, NMAX:2 / LMAX:4 / gMAX:0.95
# Radiative transfer took 2.217 seconds
# ------------------------------------------------------------------------
# Spectral unit: Wavelength [um]
# Radiance unit: Spectral radiance [W/sr/m2/um]
# Wave/freq Total Noise Proxima-Cen-b
4.000000000e+00  0.0000000e+00  2.2090746e-13  1.1035270e-02
4.065400000e+00  0.0000000e+00  2.0619380e-13  9.0721080e-03
4.130800000e+00  0.0000000e+00  2.0885868e-13  8.7559574e-03
4.196200000e+00  0.0000000e+00  1.6384428e-13  2.5651672e-03
4.261600000e+00  0.0000000e+00  1.6250323e-13  1.2112800e-03
4.327000000e+00  0.0000000e+00  2.3786849e-13  2.6417828e-03
4.392400000e+00  0.0000000e+00  3.7444360e-13  6.7158061e-03
4.457800000e+00  0.0000000e+00  3.7645661e-13  1.5783777e-02
4.523200000e+00  0.0000000e+00  3.3983599e-13  2.2807507e-02
4.588600000e+00  0.0000000e+00  3.8226123e-13  2.7872840e-02
4.654000000e+00  0.0000000e+00  4.1473126e-13  3.2765420e-02
4.719400000e+00  0.0000000e+00  5.3513718e-13  3.3778584e-02
4.784800000e+00  0.0000000e+00  6.3290060e-13  4.4801208e-02
4.850200000e+00  0.0000000e+00  7.6791405e-13  5.9947975e-02
4.915600000e+00  0.0000000e+00  8.3705477e-13  7.4391367e-02
4.981000000e+00  0.0000000e+00  1.0394613e-12  9.7609990e-02
5.046400000e+00  0.0000000e+00  1.2177632e-12  1.2276994e-01
5.111800000e+00  0.0000000e+00  1.4214221e-12  1.5443309e-01
5.177200000e+00  0.0000000e+00  1.5594205e-12  1.7886625e-01
5.242600000e+00  0.0000000e+00  1.7102666e-12  2.1113750e-01
5.308000000e+00  0.0000000e+00  1.8386891e-12  2.4250750e-01
5.373400000e+00  0.0000000e+00  1.9362348e-12  2.6694281e-01
5.438800000e+00  0.0000000e+00  1.9885699e-12  2.7029396e-01
5.504200000e+00  0.0000000e+00  2.1275294e-12  3.1218112e-01
5.569600000e+00  0.0000000e+00  2.0903442e-12  2.8668722e-01
5.635000000e+00  0.0000000e+00  2.1054884e-12  2.8513612e-01
5.700400000e+00  0.0000000e+00  2.1307178e-12  2.8916032e-01
5.765800000e+00  0.0000000e+00  2.1642718e-12  2.9897287e-01
5.831200000e+00  0.0000000e+00  2.2202501e-12  3.1591043e-01
5.896600000e+00  0.0000000e+00  2.1525696e-12  2.9654221e-01
5.962000000e+00  0.0000000e+00  2.2023038e-12  3.1317289e-01
6.027400000e+00  0.0000000e+00  2.3137369e-12  3.4964546e-01
6.092800000e+00  0.0000000e+00  2.3239353e-12  3.5576316e-01
6.158200000e+00  0.0000000e+00  2.4737775e-12  4.0789697e-01
6.223600000e+00  0.0000000e+00  2.8530327e-12  5.5370846e-01
6.289000000e+00  0.0000000e+00  3.1238781e-12  6.7571545e-01
6.354400000e+00  0.0000000e+00  2.6291398e-12  4.7463080e-01
6.419800000e+00  0.0000000e+00  2.5411519e-12  4.4723197e-01
6.485200000e+00  0.0000000e+00  2.5454957e-12  4.5337515e-01
6.550600000e+00  0.0000000e+00  2.6035593e-12  4.7907282e-01
6.616000000e+00  0.0000000e+00  2.6605893e-12  5.0520193e-01
6.681400000e+00  0.0000000e+00  2.9638395e-12  6.3346133e-01
6.746800000e+00  0.0000000e+00  3.4484387e-12  8.7352458e-01
6.812200000e+00  0.0000000e+00  3.2136287e-12  7.6058137e-01
6.877600000e+00  0.0000000e+00  3.4217562e-12  8.7289988e-01
6.943000000e+00  0.0000000e+00  3.6213255e-12  9.8968879e-01
7.008400000e+00  0.0000000e+00  3.7165523e-12  1.0523475e+00
7.073800000e+00  0.0000000e+00  4.0275277e-12  1.2544565e+00
7.139200000e+00  0.0000000e+00  3.7535152e-12  1.0907018e+00
7.204600000e+00  0.0000000e+00  4.1443862e-12  1.3518784e+00
7.270000000e+00  0.0000000e+00  4.1679635e-12  1.3782235e+00
7.335400000e+00  0.0000000e+00  4.2552900e-12  1.4500333e+00
7.400800000e+00  0.0000000e+00  4.5813055e-12  1.7073441e+00
7.466200000e+00  0.0000000e+00  4.4226392e-12  1.5955176e+00
7.531600000e+00  0.0000000e+00  4.7837309e-12  1.8983197e+00
7.597000000e+00  0.0000000e+00  4.6055019e-12  1.7632320e+00
7.662400000e+00  0.0000000e+00  4.8892912e-12  2.0171871e+00
7.727800000e+00  0.0000000e+00  4.9247393e-12  2.0627011e+00
7.793200000e+00  0.0000000e+00  4.9490144e-12  2.0991368e+00
7.858600000e+00  0.0000000e+00  4.8819790e-12  2.0535543e+00
7.924000000e+00  0.0000000e+00  4.9897157e-12  2.1662686e+00
7.989400000e+00  0.0000000e+00  5.0897367e-12  2.2765237e+00
8.054800000e+00  0.0000000e+00  5.1074357e-12  2.3092343e+00
8.120200000e+00  0.0000000e+00  5.1626807e-12  2.3794249e+00
8.185600000e+00  0.0000000e+00  5.1691658e-12  2.4021502e+00
8.251000000e+00  0.0000000e+00  5.1945367e-12  2.4444478e+00
8.316400000e+00  0.0000000e+00  5.2315078e-12  2.4995209e+00
8.381800000e+00  0.0000000e+00  5.2602904e-12  2.5472465e+00
8.447200000e+00  0.0000000e+00  5.2700150e-12  2.5757751e+00
8.512600000e+00  0.0000000e+00  5.2590283e-12  2.5832865e+00
8.578000000e+00  0.0000000e+00  5.2800002e-12  2.6252134e+00
8.643400000e+00  0.0000000e+00  5.2892459e-12  2.6548264e+00
8.708800000e+00  0.0000000e+00  5.2836002e-12  2.6689780e+00
8.774200000e+00  0.0000000e+00  5.2749622e-12  2.6798695e+00
8.839600000e+00  0.0000000e+00  5.2450413e-12  2.6700059e+00
8.905000000e+00  0.0000000e+00  5.2427136e-12  2.6864096e+00
8.970400000e+00  0.0000000e+00  5.2775434e-12  2.7418209e+00
9.035800000e+00  0.0000000e+00  5.3286536e-12  2.8142606e+00
9.101200000e+00  0.0000000e+00  5.3291433e-12  2.8349216e+00
9.166600000e+00  0.0000000e+00  5.3106269e-12  2.8356603e+00
9.232000000e+00  0.0000000e+00  5.2999727e-12  2.8436331e+00
9.297400000e+00  0.0000000e+00  5.3248555e-12  2.8887216e+00
9.362800000e+00  0.0000000e+00  4.9168972e-12  2.4865856e+00
9.428200000e+00  0.0000000e+00  3.4230695e-12  1.2133314e+00
9.493600000e+00  0.0000000e+00  2.8175619e-12  8.1999250e-01
9.559000000e+00  0.0000000e+00  3.9198702e-12  1.6142005e+00
9.624400000e+00  0.0000000e+00  3.0040560e-12  9.4767988e-01
9.689800000e+00  0.0000000e+00  3.4137065e-12  1.2407015e+00
9.755200000e+00  0.0000000e+00  3.4496991e-12  1.2743530e+00
9.820600000e+00  0.0000000e+00  3.7964169e-12  1.5562675e+00
9.886000000e+00  0.0000000e+00  4.2775252e-12  1.9882522e+00
9.951400000e+00  0.0000000e+00  4.7758425e-12  2.4908317e+00
1.001680000e+01  0.0000000e+00  5.1290777e-12  2.8857368e+00
1.008220000e+01  0.0000000e+00  5.3689154e-12  3.1772818e+00
1.014760000e+01  0.0000000e+00  5.4654489e-12  3.3102438e+00
1.021300000e+01  0.0000000e+00  5.5094407e-12  3.3826567e+00
1.027840000e+01  0.0000000e+00  5.5142297e-12  3.4086491e+00
1.034380000e+01  0.0000000e+00  5.5201961e-12  3.4371137e+00
1.040920000e+01  0.0000000e+00  5.5242374e-12  3.4632729e+00
1.047460000e+01  0.0000000e+00  5.5145689e-12  3.4715382e+00
1.054000000e+01  0.0000000e+00  5.5086809e-12  3.4847574e+00
1.060540000e+01  0.0000000e+00  5.5058424e-12  3.5022892e+00
1.067080000e+01  0.0000000e+00  5.4997724e-12  3.5155218e+00
1.073620000e+01  0.0000000e+00  5.4917867e-12  3.5262748e+00
1.080160000e+01  0.0000000e+00  5.4806282e-12  3.5326848e+00
1.086700000e+01  0.0000000e+00  5.4707824e-12  3.5408419e+00
1.093240000e+01  0.0000000e+00  5.4597125e-12  3.5472656e+00
1.099780000e+01  0.0000000e+00  5.4450983e-12  3.5486269e+00
1.106320000e+01  0.0000000e+00  5.4337506e-12  3.5546323e+00
1.112860000e+01  0.0000000e+00  5.4195980e-12  3.5565612e+00
1.119400000e+01  0.0000000e+00  5.4053540e-12  3.5582030e+00
1.125940000e+01  0.0000000e+00  5.3870528e-12  3.5539922e+00
1.132480000e+01  0.0000000e+00  5.3748824e-12  3.5582851e+00
1.139020000e+01  0.0000000e+00  5.3601713e-12  3.5588215e+00
1.145560000e+01  0.0000000e+00  5.3446850e-12  3.5580781e+00
1.152100000e+01  0.0000000e+00  5.3301295e-12  3.5585259e+00
1.158640000e+01  0.0000000e+00  5.3141420e-12  3.5568043e+00
1.165180000e+01  0.0000000e+00  5.2981345e-12  3.5548984e+00
1.171720000e+01  0.0000000e+00  5.2752449e-12  3.5429147e+00
1.178260000e+01  0.0000000e+00  5.2629420e-12  3.5460424e+00
1.184800000e+01  0.0000000e+00  5.2482656e-12  3.5456088e+00
1.191340000e+01  0.0000000e+00  5.2303820e-12  3.5403872e+00
1.197880000e+01  0.0000000e+00  5.2143943e-12  3.5377384e+00
1.204420000e+01  0.0000000e+00  5.1965812e-12  3.5323124e+00
1.210960000e+01  0.0000000e+00  5.1765253e-12  3.5234747e+00
1.217500000e+01  0.0000000e+00  5.1605916e-12  3.5205144e+00
1.224040000e+01  0.0000000e+00  5.1412380e-12  3.5124262e+00
1.230580000e+01  0.0000000e+00  5.1200326e-12  3.5015095e+00
1.237120000e+01  0.0000000e+00  5.0975985e-12  3.4887609e+00
1.243660000e+01  0.0000000e+00  5.0764923e-12  3.4776947e+00
1.250200000e+01  0.0000000e+00  5.0474198e-12  3.4551307e+00
1.256740000e+01  0.0000000e+00  5.0275850e-12  3.4453926e+00
1.263280000e+01  0.0000000e+00  4.9551260e-12  3.3625530e+00
1.269820000e+01  0.0000000e+00  4.9989854e-12  3.4423928e+00
1.276360000e+01  0.0000000e+00  4.9657190e-12  3.4134905e+00
1.282900000e+01  0.0000000e+00  4.9443083e-12  3.4013908e+00
1.289440000e+01  0.0000000e+00  4.9199203e-12  3.3847630e+00
1.295980000e+01  0.0000000e+00  4.8872522e-12  3.3568080e+00
1.302520000e+01  0.0000000e+00  4.8623695e-12  3.3386559e+00
1.309060000e+01  0.0000000e+00  4.8187829e-12  3.2950630e+00
1.315600000e+01  0.0000000e+00  4.7787517e-12  3.2548939e+00
1.322140000e+01  0.0000000e+00  4.6914309e-12  3.1507587e+00
1.328680000e+01  0.0000000e+00  4.6237612e-12  3.0732523e+00
1.335220000e+01  0.0000000e+00  4.5129280e-12  2.9398396e+00
1.341760000e+01  0.0000000e+00  4.4115119e-12  2.8210508e+00
1.348300000e+01  0.0000000e+00  4.0464972e-12  2.3799037e+00
1.354840000e+01  0.0000000e+00  4.1470085e-12  2.5134400e+00
1.361380000e+01  0.0000000e+00  4.0803832e-12  2.4445496e+00
1.367920000e+01  0.0000000e+00  4.0483543e-12  2.4185196e+00
1.374460000e+01  0.0000000e+00  4.1222873e-12  2.5204565e+00
1.381000000e+01  0.0000000e+00  4.0274440e-12  2.4181216e+00
1.387540000e+01  0.0000000e+00  3.1754599e-12  1.5038699e+00
1.394080000e+01  0.0000000e+00  3.7777731e-12  2.1438696e+00
1.400620000e+01  0.0000000e+00  3.6990679e-12  2.0634703e+00
1.407160000e+01  0.0000000e+00  3.5681139e-12  1.9280795e+00
1.413700000e+01  0.0000000e+00  3.4177326e-12  1.7756249e+00
1.420240000e+01  0.0000000e+00  3.2196949e-12  1.5824075e+00
1.426780000e+01  0.0000000e+00  3.0627702e-12  1.4380662e+00
1.433320000e+01  0.0000000e+00  2.9428968e-12  1.3334788e+00
1.439860000e+01  0.0000000e+00  2.7817332e-12  1.1963634e+00
1.446400000e+01  0.0000000e+00  2.7291528e-12  1.1566956e+00
1.452940000e+01  0.0000000e+00  2.6765049e-12  1.1174604e+00
1.459480000e+01  0.0000000e+00  2.6040861e-12  1.0623885e+00
1.466020000e+01  0.0000000e+00  2.5850276e-12  1.0515571e+00
1.472560000e+01  0.0000000e+00  2.5732960e-12  1.0466517e+00
1.479100000e+01  0.0000000e+00  2.5344914e-12  1.0197151e+00
1.485640000e+01  0.0000000e+00  2.5428242e-12  1.0310260e+00
1.492180000e+01  0.0000000e+00  2.4974565e-12  9.9880198e-01
1.498720000e+01  0.0000000e+00  2.4206232e-12  9.4231977e-01
1.505260000e+01  0.0000000e+00  2.5172269e-12  1.0236837e+00
1.511800000e+01  0.0000000e+00  2.5118147e-12  1.0237054e+00
1.518340000e+01  0.0000000e+00  2.5372789e-12  1.0491690e+00
1.524880000e+01  0.0000000e+00  2.5349976e-12  1.0518033e+00
1.531420000e+01  0.0000000e+00  2.5198558e-12  1.0436787e+00
1.537960000e+01  0.0000000e+00  2.5035247e-12  1.0345808e+00
1.544500000e+01  0.0000000e+00  2.5844141e-12  1.1074031e+00
1.551040000e+01  0.0000000e+00  2.5958043e-12  1.1219534e+00
1.557580000e+01  0.0000000e+00  2.6543413e-12  1.1782291e+00
1.564120000e+01  0.0000000e+00  2.7322554e-12  1.2539203e+00
1.570660000e+01  0.0000000e+00  2.7522920e-12  1.2777496e+00
1.577200000e+01  0.0000000e+00  2.8268569e-12  1.3537768e+00
1.583740000e+01  0.0000000e+00  2.9382533e-12  1.4690313e+00
1.590280000e+01  0.0000000e+00  3.0254726e-12  1.5641601e+00
1.596820000e+01  0.0000000e+00  3.1856603e-12  1.7420759e+00
1.603360000e+01  0.0000000e+00  3.2450725e-12  1.8155911e+00
1.609900000e+01  0.0000000e+00  3.5125039e-12  2.1382526e+00
1.616440000e+01  0.0000000e+00  3.0368675e-12  1.6021289e+00
1.622980000e+01  0.0000000e+00  3.1313517e-12  1.7106873e+00
1.629520000e+01  0.0000000e+00  3.4305466e-12  2.0638792e+00
1.636060000e+01  0.0000000e+00  3.5272291e-12  2.1918259e+00
1.642600000e+01  0.0000000e+00  3.3958113e-12  2.0384876e+00
1.649140000e+01  0.0000000e+00  3.5030537e-12  2.1792473e+00
1.655680000e+01  0.0000000e+00  3.4262768e-12  2.0921320e+00
1.662220000e+01  0.0000000e+00  3.5566414e-12  2.2647933e+00
1.668760000e+01  0.0000000e+00  3.4996325e-12  2.2008293e+00
1.675300000e+01  0.0000000e+00  3.3920103e-12  2.0748644e+00
1.681840000e+01  0.0000000e+00  3.5422054e-12  2.2730401e+00
1.688380000e+01  0.0000000e+00  3.5630137e-12  2.3081979e+00
1.694920000e+01  0.0000000e+00  3.6170130e-12  2.3904005e+00
1.701460000e+01  0.0000000e+00  3.6341287e-12  2.4232059e+00
1.708000000e+01  0.0000000e+00  3.6460021e-12  2.4488743e+00
1.714540000e+01  0.0000000e+00  3.6468865e-12  2.4599138e+00
1.721080000e+01  0.0000000e+00  3.5587162e-12  2.3472118e+00
1.727620000e+01  0.0000000e+00  3.6609385e-12  2.4991663e+00
1.734160000e+01  0.0000000e+00  3.5662601e-12  2.3766809e+00
1.740700000e+01  0.0000000e+00  3.6339412e-12  2.4813823e+00
1.747240000e+01  0.0000000e+00  3.6150053e-12  2.4647106e+00
1.753780000e+01  0.0000000e+00  3.5569262e-12  2.3927393e+00
1.760320000e+01  0.0000000e+00  3.5155445e-12  2.3447954e+00
1.766860000e+01  0.0000000e+00  3.5390782e-12  2.3874541e+00
1.773400000e+01  0.0000000e+00  3.4987457e-12  2.3406969e+00
1.779940000e+01  0.0000000e+00  3.5386407e-12  2.4066179e+00
1.786480000e+01  0.0000000e+00  3.5251189e-12  2.3973819e+00
1.793020000e+01  0.0000000e+00  3.5050203e-12  2.3786009e+00
1.799560000e+01  0.0000000e+00  3.4674961e-12  2.3351118e+00
1.806100000e+01  0.0000000e+00  3.4512764e-12  2.3217901e+00
1.812640000e+01  0.0000000e+00  3.4499965e-12  2.3295256e+00
1.819180000e+01  0.0000000e+00  3.3957553e-12  2.2625374e+00
1.825720000e+01  0.0000000e+00  3.3649312e-12  2.2286772e+00
1.832260000e+01  0.0000000e+00  3.2638766e-12  2.1007452e+00
1.838800000e+01  0.0000000e+00  3.3667720e-12  2.2493655e+00
1.845340000e+01  0.0000000e+00  3.3296420e-12  2.2065596e+00
1.851880000e+01  0.0000000e+00  3.3492782e-12  2.2428307e+00
1.858420000e+01  0.0000000e+00  3.3348959e-12  2.2316080e+00
1.864960000e+01  0.0000000e+00  3.2398170e-12  2.1090431e+00
1.871500000e+01  0.0000000e+00  3.3022744e-12  2.2035195e+00
1.878040000e+01  0.0000000e+00  3.2889335e-12  2.1936441e+00
1.884580000e+01  0.0000000e+00  3.2729304e-12  2.1799095e+00
1.891120000e+01  0.0000000e+00  3.2530902e-12  2.1605482e+00
1.897660000e+01  0.0000000e+00  3.1741454e-12  2.0601181e+00
1.904200000e+01  0.0000000e+00  3.1282834e-12  2.0066395e+00
1.910740000e+01  0.0000000e+00  3.2074306e-12  2.1218385e+00
1.917280000e+01  0.0000000e+00  3.1907289e-12  2.1067934e+00
1.923820000e+01  0.0000000e+00  3.0928938e-12  1.9816299e+00
1.930360000e+01  0.0000000e+00  3.0261752e-12  1.9014795e+00
1.936900000e+01  0.0000000e+00  3.0754406e-12  1.9731245e+00
1.943440000e+01  0.0000000e+00  3.1281034e-12  2.0521719e+00
1.949980000e+01  0.0000000e+00  3.1154530e-12  2.0426749e+00
1.956520000e+01  0.0000000e+00  3.0827039e-12  2.0053364e+00
1.963060000e+01  0.0000000e+00  3.0812564e-12  2.0110557e+00
1.969600000e+01  0.0000000e+00  2.9729042e-12  1.8737096e+00
1.976140000e+01  0.0000000e+00  2.9882033e-12  1.9006238e+00
1.982680000e+01  0.0000000e+00  3.0266891e-12  1.9592385e+00
1.989220000e+01  0.0000000e+00  2.9244293e-12  1.8308167e+00
1.995760000e+01  0.0000000e+00  2.9642008e-12  1.8898653e+00
