# 3D spectroscopic simulation - Spatial binning of 5 (195 calculations)
# ------------------------------------------------------------------------
# Radiance spectrum
# NASA-GSFC Planetary Spectrum Generator (PSG) (Villanueva et al. 2018, 2022)
# Synthesized on Tue Apr  1 16:11:24 2025
# Doppler velocities [km/s] (vobs,vrot+vorb,vwidth,vrfl,vstr): -21.10000,-0.00029,0.00000,14.58563,-0.00016
# ------------------------------------------------------------------------
# Spectra synthesized with the Planetary and Universal Model of Atmospheric Scattering (PUMAS, Villanueva et al. 2018, 2022)
# Multiple scattering method employing PSGDORT, NMAX:2 / LMAX:4 / gMAX:0.95
# Radiative transfer took 1.207 seconds
# ------------------------------------------------------------------------
# Spectral unit: Wavelength [um]
# Radiance unit: Spectral radiance [W/sr/m2/um]
# Wave/freq Total Noise Proxima-Cen-b
4.000000000e+00  0.0000000e+00  1.3640744e-12  2.6471551e-01
4.065400000e+00  0.0000000e+00  1.2760030e-12  1.5556865e-01
4.130800000e+00  0.0000000e+00  1.2046255e-12  9.7652818e-02
4.196200000e+00  0.0000000e+00  4.4041355e-13  9.3572539e-03
4.261600000e+00  0.0000000e+00  1.6703194e-13  1.2777988e-03
4.327000000e+00  0.0000000e+00  2.3616231e-13  2.5996204e-03
4.392400000e+00  0.0000000e+00  3.7301654e-13  6.6499990e-03
4.457800000e+00  0.0000000e+00  1.1455017e-12  6.9547906e-02
4.523200000e+00  0.0000000e+00  1.8158984e-12  2.4300635e-01
4.588600000e+00  0.0000000e+00  1.9701931e-12  3.1015646e-01
4.654000000e+00  0.0000000e+00  2.0895568e-12  3.5864244e-01
4.719400000e+00  0.0000000e+00  1.6985005e-12  1.7720259e-01
4.784800000e+00  0.0000000e+00  1.8760697e-12  2.1698490e-01
4.850200000e+00  0.0000000e+00  2.0547027e-12  2.6799837e-01
4.915600000e+00  0.0000000e+00  2.3667731e-12  4.0175632e-01
4.981000000e+00  0.0000000e+00  2.4663156e-12  4.3731620e-01
5.046400000e+00  0.0000000e+00  2.5603426e-12  4.6629017e-01
5.111800000e+00  0.0000000e+00  2.5881217e-12  4.5977311e-01
5.177200000e+00  0.0000000e+00  2.5298285e-12  4.2132359e-01
5.242600000e+00  0.0000000e+00  2.6183840e-12  4.4786695e-01
5.308000000e+00  0.0000000e+00  2.7219112e-12  4.8723470e-01
5.373400000e+00  0.0000000e+00  2.7049898e-12  4.7524624e-01
5.438800000e+00  0.0000000e+00  2.4685592e-12  3.8468874e-01
5.504200000e+00  0.0000000e+00  2.6626307e-12  4.5367604e-01
5.569600000e+00  0.0000000e+00  2.3830768e-12  3.5632433e-01
5.635000000e+00  0.0000000e+00  2.3063896e-12  3.3320936e-01
5.700400000e+00  0.0000000e+00  2.2730623e-12  3.2419186e-01
5.765800000e+00  0.0000000e+00  2.2728370e-12  3.2626727e-01
5.831200000e+00  0.0000000e+00  2.2993607e-12  3.3635298e-01
5.896600000e+00  0.0000000e+00  2.1906293e-12  3.0687653e-01
5.962000000e+00  0.0000000e+00  2.2259940e-12  3.1990797e-01
6.027400000e+00  0.0000000e+00  2.3293068e-12  3.5405802e-01
6.092800000e+00  0.0000000e+00  2.3252604e-12  3.5615137e-01
6.158200000e+00  0.0000000e+00  2.4687979e-12  4.0576809e-01
6.223600000e+00  0.0000000e+00  2.8433156e-12  5.4642046e-01
6.289000000e+00  0.0000000e+00  3.1121466e-12  6.6452499e-01
6.354400000e+00  0.0000000e+00  2.6071551e-12  4.6648258e-01
6.419800000e+00  0.0000000e+00  2.5187006e-12  4.3962569e-01
6.485200000e+00  0.0000000e+00  2.5242024e-12  4.4614609e-01
6.550600000e+00  0.0000000e+00  2.5805104e-12  4.7099430e-01
6.616000000e+00  0.0000000e+00  2.6379064e-12  4.9702077e-01
6.681400000e+00  0.0000000e+00  2.9320563e-12  6.2010410e-01
6.746800000e+00  0.0000000e+00  3.4112296e-12  8.5219739e-01
6.812200000e+00  0.0000000e+00  3.1762621e-12  7.4278913e-01
6.877600000e+00  0.0000000e+00  3.3841848e-12  8.5297796e-01
6.943000000e+00  0.0000000e+00  3.5921058e-12  9.7255703e-01
7.008400000e+00  0.0000000e+00  3.6818941e-12  1.0315104e+00
7.073800000e+00  0.0000000e+00  4.0136724e-12  1.2438813e+00
7.139200000e+00  0.0000000e+00  3.7161561e-12  1.0685261e+00
7.204600000e+00  0.0000000e+00  4.1257465e-12  1.3380370e+00
7.270000000e+00  0.0000000e+00  4.1441475e-12  1.3610080e+00
7.335400000e+00  0.0000000e+00  4.2329203e-12  1.4334947e+00
7.400800000e+00  0.0000000e+00  4.5735585e-12  1.6997364e+00
7.466200000e+00  0.0000000e+00  4.3955052e-12  1.5744270e+00
7.531600000e+00  0.0000000e+00  4.7687926e-12  1.8844914e+00
7.597000000e+00  0.0000000e+00  4.5732389e-12  1.7366820e+00
7.662400000e+00  0.0000000e+00  4.8579321e-12  1.9887657e+00
7.727800000e+00  0.0000000e+00  4.8874015e-12  2.0287135e+00
7.793200000e+00  0.0000000e+00  4.9051873e-12  2.0590612e+00
7.858600000e+00  0.0000000e+00  4.8319576e-12  2.0087735e+00
7.924000000e+00  0.0000000e+00  4.9361665e-12  2.1168389e+00
7.989400000e+00  0.0000000e+00  5.0246468e-12  2.2144021e+00
8.054800000e+00  0.0000000e+00  5.0394639e-12  2.2440600e+00
8.120200000e+00  0.0000000e+00  5.0883636e-12  2.3069214e+00
8.185600000e+00  0.0000000e+00  5.0947097e-12  2.3292097e+00
8.251000000e+00  0.0000000e+00  5.1162210e-12  2.3668401e+00
8.316400000e+00  0.0000000e+00  5.1472936e-12  2.4147113e+00
8.381800000e+00  0.0000000e+00  5.1717616e-12  2.4567478e+00
8.447200000e+00  0.0000000e+00  5.1789421e-12  2.4817346e+00
8.512600000e+00  0.0000000e+00  5.1685613e-12  2.4892499e+00
8.578000000e+00  0.0000000e+00  5.1831735e-12  2.5228620e+00
8.643400000e+00  0.0000000e+00  5.1877524e-12  2.5461739e+00
8.708800000e+00  0.0000000e+00  5.1799314e-12  2.5569596e+00
8.774200000e+00  0.0000000e+00  5.1704095e-12  2.5659086e+00
8.839600000e+00  0.0000000e+00  5.1359439e-12  2.5501524e+00
8.905000000e+00  0.0000000e+00  5.1344715e-12  2.5666976e+00
8.970400000e+00  0.0000000e+00  5.1683539e-12  2.6194519e+00
9.035800000e+00  0.0000000e+00  5.2218849e-12  2.6929512e+00
9.101200000e+00  0.0000000e+00  5.2215836e-12  2.7115449e+00
9.166600000e+00  0.0000000e+00  5.2018032e-12  2.7098054e+00
9.232000000e+00  0.0000000e+00  5.1916146e-12  2.7173937e+00
9.297400000e+00  0.0000000e+00  5.2194706e-12  2.7648890e+00
9.362800000e+00  0.0000000e+00  4.7974929e-12  2.3528601e+00
9.428200000e+00  0.0000000e+00  3.3174973e-12  1.1296106e+00
9.493600000e+00  0.0000000e+00  2.7480468e-12  7.7517819e-01
9.559000000e+00  0.0000000e+00  3.8052302e-12  1.5084830e+00
9.624400000e+00  0.0000000e+00  2.9275923e-12  8.9345774e-01
9.689800000e+00  0.0000000e+00  3.3039493e-12  1.1520041e+00
9.755200000e+00  0.0000000e+00  3.3405838e-12  1.1848866e+00
9.820600000e+00  0.0000000e+00  3.6778967e-12  1.4481828e+00
9.886000000e+00  0.0000000e+00  4.1553705e-12  1.8618024e+00
9.951400000e+00  0.0000000e+00  4.6561122e-12  2.3524982e+00
1.001680000e+01  0.0000000e+00  5.0174992e-12  2.7481672e+00
1.008220000e+01  0.0000000e+00  5.2640429e-12  3.0440131e+00
1.014760000e+01  0.0000000e+00  5.3649147e-12  3.1816746e+00
1.021300000e+01  0.0000000e+00  5.4111188e-12  3.2568389e+00
1.027840000e+01  0.0000000e+00  5.4140755e-12  3.2804829e+00
1.034380000e+01  0.0000000e+00  5.4177832e-12  3.3057894e+00
1.040920000e+01  0.0000000e+00  5.4198603e-12  3.3291099e+00
1.047460000e+01  0.0000000e+00  5.4081109e-12  3.3345464e+00
1.054000000e+01  0.0000000e+00  5.4008792e-12  3.3457616e+00
1.060540000e+01  0.0000000e+00  5.3968639e-12  3.3612857e+00
1.067080000e+01  0.0000000e+00  5.3911274e-12  3.3745976e+00
1.073620000e+01  0.0000000e+00  5.3838845e-12  3.3859476e+00
1.080160000e+01  0.0000000e+00  5.3741719e-12  3.3939133e+00
1.086700000e+01  0.0000000e+00  5.3652146e-12  3.4028008e+00
1.093240000e+01  0.0000000e+00  5.3551224e-12  3.4100910e+00
1.099780000e+01  0.0000000e+00  5.3423990e-12  3.4136802e+00
1.106320000e+01  0.0000000e+00  5.3311503e-12  3.4193477e+00
1.112860000e+01  0.0000000e+00  5.3178589e-12  3.4220778e+00
1.119400000e+01  0.0000000e+00  5.3044433e-12  3.4244866e+00
1.125940000e+01  0.0000000e+00  5.2877321e-12  3.4222169e+00
1.132480000e+01  0.0000000e+00  5.2758881e-12  3.4265282e+00
1.139020000e+01  0.0000000e+00  5.2619214e-12  3.4277493e+00
1.145560000e+01  0.0000000e+00  5.2473054e-12  3.4279009e+00
1.152100000e+01  0.0000000e+00  5.2333744e-12  3.4288755e+00
1.158640000e+01  0.0000000e+00  5.2181198e-12  3.4278700e+00
1.165180000e+01  0.0000000e+00  5.2028534e-12  3.4266975e+00
1.171720000e+01  0.0000000e+00  5.1823622e-12  3.4179689e+00
1.178260000e+01  0.0000000e+00  5.1696645e-12  3.4201388e+00
1.184800000e+01  0.0000000e+00  5.1552443e-12  3.4197295e+00
1.191340000e+01  0.0000000e+00  5.1383757e-12  3.4156949e+00
1.197880000e+01  0.0000000e+00  5.1228083e-12  3.4133536e+00
1.204420000e+01  0.0000000e+00  5.1057113e-12  3.4086944e+00
1.210960000e+01  0.0000000e+00  5.0868502e-12  3.4013758e+00
1.217500000e+01  0.0000000e+00  5.0710482e-12  3.3982981e+00
1.224040000e+01  0.0000000e+00  5.0523714e-12  3.3909492e+00
1.230580000e+01  0.0000000e+00  5.0320323e-12  3.3810857e+00
1.237120000e+01  0.0000000e+00  5.0102592e-12  3.3690992e+00
1.243660000e+01  0.0000000e+00  4.9900015e-12  3.3590606e+00
1.250200000e+01  0.0000000e+00  4.9622934e-12  3.3384144e+00
1.256740000e+01  0.0000000e+00  4.9434417e-12  3.3299537e+00
1.263280000e+01  0.0000000e+00  4.8671396e-12  3.2416087e+00
1.269820000e+01  0.0000000e+00  4.9141265e-12  3.3251931e+00
1.276360000e+01  0.0000000e+00  4.8819349e-12  3.2977750e+00
1.282900000e+01  0.0000000e+00  4.8605651e-12  3.2854830e+00
1.289440000e+01  0.0000000e+00  4.8366799e-12  3.2694341e+00
1.295980000e+01  0.0000000e+00  4.8035090e-12  3.2405446e+00
1.302520000e+01  0.0000000e+00  4.7795037e-12  3.2236327e+00
1.309060000e+01  0.0000000e+00  4.7356158e-12  3.1795504e+00
1.315600000e+01  0.0000000e+00  4.6962821e-12  3.1407068e+00
1.322140000e+01  0.0000000e+00  4.6089013e-12  3.0372936e+00
1.328680000e+01  0.0000000e+00  4.5417134e-12  2.9614854e+00
1.335220000e+01  0.0000000e+00  4.4312588e-12  2.8303558e+00
1.341760000e+01  0.0000000e+00  4.3309047e-12  2.7147540e+00
1.348300000e+01  0.0000000e+00  3.9772234e-12  2.2955963e+00
1.354840000e+01  0.0000000e+00  4.0689757e-12  2.4159310e+00
1.361380000e+01  0.0000000e+00  4.0050175e-12  2.3513718e+00
1.367920000e+01  0.0000000e+00  3.9725068e-12  2.3248783e+00
1.374460000e+01  0.0000000e+00  4.0434130e-12  2.4207957e+00
1.381000000e+01  0.0000000e+00  3.9501897e-12  2.3218977e+00
1.387540000e+01  0.0000000e+00  3.1498734e-12  1.4787874e+00
1.394080000e+01  0.0000000e+00  3.7146045e-12  2.0699438e+00
1.400620000e+01  0.0000000e+00  3.6421964e-12  1.9982921e+00
1.407160000e+01  0.0000000e+00  3.5200040e-12  1.8748042e+00
1.413700000e+01  0.0000000e+00  3.3839974e-12  1.7398427e+00
1.420240000e+01  0.0000000e+00  3.2020535e-12  1.5646180e+00
1.426780000e+01  0.0000000e+00  3.0571484e-12  1.4324740e+00
1.433320000e+01  0.0000000e+00  2.9418269e-12  1.3322679e+00
1.439860000e+01  0.0000000e+00  2.7782384e-12  1.1932053e+00
1.446400000e+01  0.0000000e+00  2.7244426e-12  1.1525715e+00
1.452940000e+01  0.0000000e+00  2.6659358e-12  1.1085112e+00
1.459480000e+01  0.0000000e+00  2.5947144e-12  1.0546254e+00
1.466020000e+01  0.0000000e+00  2.5760781e-12  1.0441529e+00
1.472560000e+01  0.0000000e+00  2.5640302e-12  1.0390059e+00
1.479100000e+01  0.0000000e+00  2.5302409e-12  1.0161881e+00
1.485640000e+01  0.0000000e+00  2.5368913e-12  1.0261079e+00
1.492180000e+01  0.0000000e+00  2.4987188e-12  9.9969196e-01
1.498720000e+01  0.0000000e+00  2.4417157e-12  9.5874805e-01
1.505260000e+01  0.0000000e+00  2.5138606e-12  1.0208543e+00
1.511800000e+01  0.0000000e+00  2.5085508e-12  1.0209290e+00
1.518340000e+01  0.0000000e+00  2.5289068e-12  1.0421506e+00
1.524880000e+01  0.0000000e+00  2.5266190e-12  1.0447558e+00
1.531420000e+01  0.0000000e+00  2.5132759e-12  1.0381255e+00
1.537960000e+01  0.0000000e+00  2.5016144e-12  1.0328711e+00
1.544500000e+01  0.0000000e+00  2.5804654e-12  1.1038869e+00
1.551040000e+01  0.0000000e+00  2.5900237e-12  1.1168442e+00
1.557580000e+01  0.0000000e+00  2.6511366e-12  1.1752547e+00
1.564120000e+01  0.0000000e+00  2.7315729e-12  1.2531441e+00
1.570660000e+01  0.0000000e+00  2.7501062e-12  1.2755242e+00
1.577200000e+01  0.0000000e+00  2.8229187e-12  1.3497650e+00
1.583740000e+01  0.0000000e+00  2.9279748e-12  1.4584168e+00
1.590280000e+01  0.0000000e+00  3.0075449e-12  1.5451994e+00
1.596820000e+01  0.0000000e+00  3.1541258e-12  1.7068123e+00
1.603360000e+01  0.0000000e+00  3.2078737e-12  1.7729138e+00
1.609900000e+01  0.0000000e+00  3.4570852e-12  2.0690619e+00
1.616440000e+01  0.0000000e+00  3.0085075e-12  1.5714625e+00
1.622980000e+01  0.0000000e+00  3.0998437e-12  1.6754189e+00
1.629520000e+01  0.0000000e+00  3.3782966e-12  1.9994934e+00
1.636060000e+01  0.0000000e+00  3.4690706e-12  2.1177912e+00
1.642600000e+01  0.0000000e+00  3.3452759e-12  1.9762699e+00
1.649140000e+01  0.0000000e+00  3.4464360e-12  2.1070215e+00
1.655680000e+01  0.0000000e+00  3.3747108e-12  2.0275250e+00
1.662220000e+01  0.0000000e+00  3.4999641e-12  2.1908902e+00
1.668760000e+01  0.0000000e+00  3.4460659e-12  2.1317823e+00
1.675300000e+01  0.0000000e+00  3.3432686e-12  2.0135455e+00
1.681840000e+01  0.0000000e+00  3.4895004e-12  2.2038261e+00
1.688380000e+01  0.0000000e+00  3.5129095e-12  2.2422442e+00
1.694920000e+01  0.0000000e+00  3.5643925e-12  2.3194447e+00
1.701460000e+01  0.0000000e+00  3.5808984e-12  2.3508218e+00
1.708000000e+01  0.0000000e+00  3.5940844e-12  2.3779713e+00
1.714540000e+01  0.0000000e+00  3.5953296e-12  2.3892791e+00
1.721080000e+01  0.0000000e+00  3.5129641e-12  2.2865564e+00
1.727620000e+01  0.0000000e+00  3.6113507e-12  2.4307867e+00
1.734160000e+01  0.0000000e+00  3.5213697e-12  2.3165238e+00
1.740700000e+01  0.0000000e+00  3.5863439e-12  2.4158122e+00
1.747240000e+01  0.0000000e+00  3.5677155e-12  2.3996176e+00
1.753780000e+01  0.0000000e+00  3.5131122e-12  2.3334429e+00
1.760320000e+01  0.0000000e+00  3.4729841e-12  2.2877772e+00
1.766860000e+01  0.0000000e+00  3.4953133e-12  2.3279211e+00
1.773400000e+01  0.0000000e+00  3.4561672e-12  2.2833268e+00
1.779940000e+01  0.0000000e+00  3.4937569e-12  2.3448247e+00
1.786480000e+01  0.0000000e+00  3.4803325e-12  2.3356459e+00
1.793020000e+01  0.0000000e+00  3.4610588e-12  2.3181103e+00
1.799560000e+01  0.0000000e+00  3.4252373e-12  2.2774680e+00
1.806100000e+01  0.0000000e+00  3.4094772e-12  2.2647843e+00
1.812640000e+01  0.0000000e+00  3.4079609e-12  2.2718544e+00
1.819180000e+01  0.0000000e+00  3.3565450e-12  2.2096289e+00
1.825720000e+01  0.0000000e+00  3.3261964e-12  2.1767789e+00
1.832260000e+01  0.0000000e+00  3.2277232e-12  2.0540156e+00
1.838800000e+01  0.0000000e+00  3.3266112e-12  2.1947684e+00
1.845340000e+01  0.0000000e+00  3.2911247e-12  2.1547504e+00
1.851880000e+01  0.0000000e+00  3.3098103e-12  2.1889384e+00
1.858420000e+01  0.0000000e+00  3.2956772e-12  2.1780376e+00
1.864960000e+01  0.0000000e+00  3.2041396e-12  2.0620761e+00
1.871500000e+01  0.0000000e+00  3.2640591e-12  2.1514053e+00
1.878040000e+01  0.0000000e+00  3.2504366e-12  2.1410824e+00
1.884580000e+01  0.0000000e+00  3.2348742e-12  2.1279787e+00
1.891120000e+01  0.0000000e+00  3.2164243e-12  2.1107333e+00
1.897660000e+01  0.0000000e+00  3.1397949e-12  2.0149226e+00
1.904200000e+01  0.0000000e+00  3.0957248e-12  1.9644478e+00
1.910740000e+01  0.0000000e+00  3.1719907e-12  2.0738958e+00
1.917280000e+01  0.0000000e+00  3.1556117e-12  2.0593847e+00
1.923820000e+01  0.0000000e+00  3.0601952e-12  1.9393160e+00
1.930360000e+01  0.0000000e+00  2.9955816e-12  1.8629155e+00
1.936900000e+01  0.0000000e+00  3.0425662e-12  1.9304159e+00
1.943440000e+01  0.0000000e+00  3.0946131e-12  2.0072408e+00
1.949980000e+01  0.0000000e+00  3.0813059e-12  1.9968373e+00
1.956520000e+01  0.0000000e+00  3.0497867e-12  1.9616341e+00
1.963060000e+01  0.0000000e+00  3.0484420e-12  1.9672145e+00
1.969600000e+01  0.0000000e+00  2.9429469e-12  1.8355988e+00
1.976140000e+01  0.0000000e+00  2.9576062e-12  1.8611553e+00
1.982680000e+01  0.0000000e+00  2.9955971e-12  1.9180332e+00
1.989220000e+01  0.0000000e+00  2.8949817e-12  1.7935716e+00
1.995760000e+01  0.0000000e+00  2.9345433e-12  1.8512983e+00
