# 3D spectroscopic simulation - Spatial binning of 5 (195 calculations)
# ------------------------------------------------------------------------
# Radiance spectrum
# NASA-GSFC Planetary Spectrum Generator (PSG) (Villanueva et al. 2018, 2022)
# Synthesized on Fri Jan 31 15:43:30 2025
# Doppler velocities [km/s] (vobs,vrot+vorb,vwidth,vrfl,vstr): -21.10000,-0.00040,0.00000,0.00000,-0.00095
# ------------------------------------------------------------------------
# Spectra synthesized with the Planetary and Universal Model of Atmospheric Scattering (PUMAS, Villanueva et al. 2018, 2022)
# Multiple scattering method employing PSGDORT, NMAX:2 / LMAX:4 / gMAX:0.95
# Radiative transfer took 1.165 seconds
# ------------------------------------------------------------------------
# Spectral unit: Wavelength [um]
# Radiance unit: Spectral radiance [W/sr/m2/um]
# Wave/freq Total Noise Proxima-Cen-b
4.000000000e+00  0.0000000e+00  1.0591635e-12  1.4323398e-01
4.065400000e+00  0.0000000e+00  1.0560604e-12  9.3786931e-02
4.130800000e+00  0.0000000e+00  1.0931359e-12  7.1787746e-02
4.196200000e+00  0.0000000e+00  5.2338842e-13  1.2643723e-02
4.261600000e+00  0.0000000e+00  1.4958401e-13  1.0250468e-03
4.327000000e+00  0.0000000e+00  2.0480613e-13  1.9695066e-03
4.392400000e+00  0.0000000e+00  4.0314821e-13  8.0937335e-03
4.457800000e+00  0.0000000e+00  1.2750604e-12  8.0153380e-02
4.523200000e+00  0.0000000e+00  1.1365045e-12  8.1748873e-02
4.588600000e+00  0.0000000e+00  1.0228978e-12  7.9629479e-02
4.654000000e+00  0.0000000e+00  1.0173254e-12  8.4077450e-02
4.719400000e+00  0.0000000e+00  1.0455224e-12  7.6719894e-02
4.784800000e+00  0.0000000e+00  1.2272092e-12  9.7551267e-02
4.850200000e+00  0.0000000e+00  1.4795977e-12  1.2968567e-01
4.915600000e+00  0.0000000e+00  1.2652592e-12  1.1847045e-01
4.981000000e+00  0.0000000e+00  1.2843547e-12  1.2835500e-01
5.046400000e+00  0.0000000e+00  1.2842999e-12  1.3270865e-01
5.111800000e+00  0.0000000e+00  1.4776317e-12  1.6219902e-01
5.177200000e+00  0.0000000e+00  1.7188297e-12  1.9638983e-01
5.242600000e+00  0.0000000e+00  1.8059170e-12  2.2018697e-01
5.308000000e+00  0.0000000e+00  1.8029818e-12  2.3333617e-01
5.373400000e+00  0.0000000e+00  1.9778572e-12  2.7388861e-01
5.438800000e+00  0.0000000e+00  2.3159607e-12  3.5348723e-01
5.504200000e+00  0.0000000e+00  2.3123654e-12  3.6507469e-01
5.569600000e+00  0.0000000e+00  2.5104649e-12  4.1104159e-01
5.635000000e+00  0.0000000e+00  2.5721258e-12  4.2786271e-01
5.700400000e+00  0.0000000e+00  2.6316716e-12  4.4985279e-01
5.765800000e+00  0.0000000e+00  2.6655945e-12  4.6222930e-01
5.831200000e+00  0.0000000e+00  2.7436583e-12  4.9465735e-01
5.896600000e+00  0.0000000e+00  2.6971181e-12  4.7644343e-01
5.962000000e+00  0.0000000e+00  2.7548340e-12  5.0075288e-01
6.027400000e+00  0.0000000e+00  2.8668681e-12  5.4498255e-01
6.092800000e+00  0.0000000e+00  2.8888663e-12  5.5727171e-01
6.158200000e+00  0.0000000e+00  3.0797777e-12  6.4151582e-01
6.223600000e+00  0.0000000e+00  3.3324160e-12  7.6693697e-01
6.289000000e+00  0.0000000e+00  3.4761166e-12  8.5370459e-01
6.354400000e+00  0.0000000e+00  3.2400727e-12  7.2904579e-01
6.419800000e+00  0.0000000e+00  3.1365417e-12  6.8820655e-01
6.485200000e+00  0.0000000e+00  3.1170983e-12  6.8765330e-01
6.550600000e+00  0.0000000e+00  3.1598800e-12  7.1543258e-01
6.616000000e+00  0.0000000e+00  3.1991125e-12  7.4029136e-01
6.681400000e+00  0.0000000e+00  3.5236925e-12  9.1293208e-01
6.746800000e+00  0.0000000e+00  3.7766542e-12  1.0883796e+00
6.812200000e+00  0.0000000e+00  3.6839279e-12  1.0285327e+00
6.877600000e+00  0.0000000e+00  3.7521720e-12  1.0897964e+00
6.943000000e+00  0.0000000e+00  3.7583979e-12  1.1186915e+00
7.008400000e+00  0.0000000e+00  3.8240898e-12  1.1858853e+00
7.073800000e+00  0.0000000e+00  3.7067926e-12  1.1609723e+00
7.139200000e+00  0.0000000e+00  3.8656686e-12  1.2276750e+00
7.204600000e+00  0.0000000e+00  3.7308881e-12  1.2017274e+00
7.270000000e+00  0.0000000e+00  3.7651552e-12  1.2309016e+00
7.335400000e+00  0.0000000e+00  3.7248942e-12  1.2180447e+00
7.400800000e+00  0.0000000e+00  3.2724669e-12  1.0067736e+00
7.466200000e+00  0.0000000e+00  3.6903601e-12  1.2341323e+00
7.531600000e+00  0.0000000e+00  3.0077003e-12  9.0497955e-01
7.597000000e+00  0.0000000e+00  3.6451716e-12  1.2561472e+00
7.662400000e+00  0.0000000e+00  2.8925453e-12  8.5679267e-01
7.727800000e+00  0.0000000e+00  2.9852682e-12  9.1350195e-01
7.793200000e+00  0.0000000e+00  3.0751060e-12  9.6649766e-01
7.858600000e+00  0.0000000e+00  3.4063544e-12  1.1497381e+00
7.924000000e+00  0.0000000e+00  3.2089498e-12  1.0534386e+00
7.989400000e+00  0.0000000e+00  2.9367652e-12  9.1049862e-01
8.054800000e+00  0.0000000e+00  3.0302213e-12  9.6972983e-01
8.120200000e+00  0.0000000e+00  2.9187631e-12  9.2126451e-01
8.185600000e+00  0.0000000e+00  3.0783219e-12  1.0188375e+00
8.251000000e+00  0.0000000e+00  3.1021544e-12  1.0393114e+00
8.316400000e+00  0.0000000e+00  3.0370553e-12  1.0074795e+00
8.381800000e+00  0.0000000e+00  3.0109850e-12  9.9878921e-01
8.447200000e+00  0.0000000e+00  3.0679045e-12  1.0355745e+00
8.512600000e+00  0.0000000e+00  3.2033635e-12  1.1200604e+00
8.578000000e+00  0.0000000e+00  3.1292924e-12  1.0788360e+00
8.643400000e+00  0.0000000e+00  3.1038936e-12  1.0666357e+00
8.708800000e+00  0.0000000e+00  3.1467244e-12  1.0947599e+00
8.774200000e+00  0.0000000e+00  3.2001578e-12  1.1303214e+00
8.839600000e+00  0.0000000e+00  3.2004448e-12  1.1275420e+00
8.905000000e+00  0.0000000e+00  3.2450415e-12  1.1627563e+00
8.970400000e+00  0.0000000e+00  3.2239357e-12  1.1614466e+00
9.035800000e+00  0.0000000e+00  3.2408685e-12  1.1879188e+00
9.101200000e+00  0.0000000e+00  3.2575705e-12  1.2034570e+00
9.166600000e+00  0.0000000e+00  3.3221093e-12  1.2449668e+00
9.232000000e+00  0.0000000e+00  3.4437379e-12  1.3242865e+00
9.297400000e+00  0.0000000e+00  3.5188267e-12  1.3823845e+00
9.362800000e+00  0.0000000e+00  3.5781274e-12  1.3829165e+00
9.428200000e+00  0.0000000e+00  3.3642792e-12  1.1769315e+00
9.493600000e+00  0.0000000e+00  3.0286465e-12  9.5366315e-01
9.559000000e+00  0.0000000e+00  3.3642741e-12  1.2081862e+00
9.624400000e+00  0.0000000e+00  3.0695404e-12  9.9578030e-01
9.689800000e+00  0.0000000e+00  3.3595848e-12  1.2031280e+00
9.755200000e+00  0.0000000e+00  3.3898878e-12  1.2331214e+00
9.820600000e+00  0.0000000e+00  3.5251589e-12  1.3486924e+00
9.886000000e+00  0.0000000e+00  3.6236399e-12  1.4501932e+00
9.951400000e+00  0.0000000e+00  3.6464603e-12  1.5035627e+00
1.001680000e+01  0.0000000e+00  3.5982241e-12  1.5054610e+00
1.008220000e+01  0.0000000e+00  3.5235060e-12  1.4915797e+00
1.014760000e+01  0.0000000e+00  3.5067239e-12  1.5096586e+00
1.021300000e+01  0.0000000e+00  3.5226119e-12  1.5466142e+00
1.027840000e+01  0.0000000e+00  3.5596125e-12  1.5841475e+00
1.034380000e+01  0.0000000e+00  3.4985283e-12  1.5532522e+00
1.040920000e+01  0.0000000e+00  3.4376829e-12  1.5237951e+00
1.047460000e+01  0.0000000e+00  3.5177952e-12  1.5855479e+00
1.054000000e+01  0.0000000e+00  3.5395870e-12  1.6105351e+00
1.060540000e+01  0.0000000e+00  3.5225342e-12  1.6070047e+00
1.067080000e+01  0.0000000e+00  3.4964756e-12  1.5984221e+00
1.073620000e+01  0.0000000e+00  3.4694027e-12  1.5889187e+00
1.080160000e+01  0.0000000e+00  3.4618989e-12  1.5940182e+00
1.086700000e+01  0.0000000e+00  3.4516298e-12  1.5945970e+00
1.093240000e+01  0.0000000e+00  3.4460275e-12  1.5981222e+00
1.099780000e+01  0.0000000e+00  3.4654134e-12  1.6229956e+00
1.106320000e+01  0.0000000e+00  3.4456591e-12  1.6132881e+00
1.112860000e+01  0.0000000e+00  3.4456519e-12  1.6208193e+00
1.119400000e+01  0.0000000e+00  3.4449604e-12  1.6278188e+00
1.125940000e+01  0.0000000e+00  3.4686159e-12  1.6561440e+00
1.132480000e+01  0.0000000e+00  3.4520284e-12  1.6489875e+00
1.139020000e+01  0.0000000e+00  3.4499975e-12  1.6545175e+00
1.145560000e+01  0.0000000e+00  3.4521564e-12  1.6637706e+00
1.152100000e+01  0.0000000e+00  3.4452112e-12  1.6648357e+00
1.158640000e+01  0.0000000e+00  3.4449196e-12  1.6712224e+00
1.165180000e+01  0.0000000e+00  3.4403573e-12  1.6744609e+00
1.171720000e+01  0.0000000e+00  3.4948115e-12  1.7322583e+00
1.178260000e+01  0.0000000e+00  3.4550248e-12  1.7019442e+00
1.184800000e+01  0.0000000e+00  3.4354860e-12  1.6907885e+00
1.191340000e+01  0.0000000e+00  3.4422728e-12  1.7041571e+00
1.197880000e+01  0.0000000e+00  3.4297245e-12  1.6992545e+00
1.204420000e+01  0.0000000e+00  3.4364235e-12  1.7108033e+00
1.210960000e+01  0.0000000e+00  3.4496853e-12  1.7307656e+00
1.217500000e+01  0.0000000e+00  3.4367025e-12  1.7233295e+00
1.224040000e+01  0.0000000e+00  3.4517338e-12  1.7413754e+00
1.230580000e+01  0.0000000e+00  3.4776670e-12  1.7696471e+00
1.237120000e+01  0.0000000e+00  3.4999275e-12  1.7941697e+00
1.243660000e+01  0.0000000e+00  3.5165532e-12  1.8155184e+00
1.250200000e+01  0.0000000e+00  3.5509811e-12  1.8560526e+00
1.256740000e+01  0.0000000e+00  3.5527238e-12  1.8669973e+00
1.263280000e+01  0.0000000e+00  3.8659311e-12  2.1330095e+00
1.269820000e+01  0.0000000e+00  3.4433243e-12  1.7755513e+00
1.276360000e+01  0.0000000e+00  3.4989479e-12  1.8316782e+00
1.282900000e+01  0.0000000e+00  3.5017008e-12  1.8376224e+00
1.289440000e+01  0.0000000e+00  3.5142277e-12  1.8541230e+00
1.295980000e+01  0.0000000e+00  3.5595568e-12  1.8963289e+00
1.302520000e+01  0.0000000e+00  3.6172358e-12  1.9561286e+00
1.309060000e+01  0.0000000e+00  3.6932762e-12  2.0290844e+00
1.315600000e+01  0.0000000e+00  3.8419585e-12  2.1804016e+00
1.322140000e+01  0.0000000e+00  4.0344002e-12  2.3816011e+00
1.328680000e+01  0.0000000e+00  4.1412991e-12  2.5014668e+00
1.335220000e+01  0.0000000e+00  4.2352474e-12  2.6085498e+00
1.341760000e+01  0.0000000e+00  4.2786345e-12  2.6631054e+00
1.348300000e+01  0.0000000e+00  4.2007854e-12  2.5607394e+00
1.354840000e+01  0.0000000e+00  4.2996919e-12  2.6985063e+00
1.361380000e+01  0.0000000e+00  4.2401715e-12  2.6355871e+00
1.367920000e+01  0.0000000e+00  4.2169010e-12  2.6199743e+00
1.374460000e+01  0.0000000e+00  4.2687809e-12  2.6987901e+00
1.381000000e+01  0.0000000e+00  4.2183577e-12  2.6489929e+00
1.387540000e+01  0.0000000e+00  3.2383068e-12  1.5643875e+00
1.394080000e+01  0.0000000e+00  4.0364390e-12  2.4450349e+00
1.400620000e+01  0.0000000e+00  3.9466195e-12  2.3478225e+00
1.407160000e+01  0.0000000e+00  3.8120148e-12  2.2020395e+00
1.413700000e+01  0.0000000e+00  3.5989191e-12  1.9720957e+00
1.420240000e+01  0.0000000e+00  3.3179193e-12  1.6843473e+00
1.426780000e+01  0.0000000e+00  3.0831757e-12  1.4609592e+00
1.433320000e+01  0.0000000e+00  2.9075911e-12  1.3045915e+00
1.439860000e+01  0.0000000e+00  2.6762378e-12  1.1086377e+00
1.446400000e+01  0.0000000e+00  2.6052622e-12  1.0549639e+00
1.452940000e+01  0.0000000e+00  2.5351034e-12  1.0029449e+00
1.459480000e+01  0.0000000e+00  2.4745371e-12  9.5949412e-01
1.466020000e+01  0.0000000e+00  2.4587514e-12  9.5146908e-01
1.472560000e+01  0.0000000e+00  2.4499140e-12  9.4884547e-01
1.479100000e+01  0.0000000e+00  2.4262119e-12  9.3458636e-01
1.485640000e+01  0.0000000e+00  2.4286759e-12  9.4066494e-01
1.492180000e+01  0.0000000e+00  2.4037199e-12  9.2533889e-01
1.498720000e+01  0.0000000e+00  2.3421812e-12  8.8221231e-01
1.505260000e+01  0.0000000e+00  2.4103278e-12  9.3871838e-01
1.511800000e+01  0.0000000e+00  2.4048269e-12  9.3845987e-01
1.518340000e+01  0.0000000e+00  2.4193656e-12  9.5406777e-01
1.524880000e+01  0.0000000e+00  2.4163528e-12  9.5579456e-01
1.531420000e+01  0.0000000e+00  2.4072780e-12  9.5264984e-01
1.537960000e+01  0.0000000e+00  2.3963139e-12  9.4794746e-01
1.544500000e+01  0.0000000e+00  2.4681611e-12  1.0104345e+00
1.551040000e+01  0.0000000e+00  2.4782469e-12  1.0231404e+00
1.557580000e+01  0.0000000e+00  2.5530472e-12  1.0910449e+00
1.564120000e+01  0.0000000e+00  2.6605235e-12  1.1908661e+00
1.570660000e+01  0.0000000e+00  2.7026712e-12  1.2341235e+00
1.577200000e+01  0.0000000e+00  2.8154628e-12  1.3455927e+00
1.583740000e+01  0.0000000e+00  2.9856711e-12  1.5202199e+00
1.590280000e+01  0.0000000e+00  3.1148789e-12  1.6612091e+00
1.596820000e+01  0.0000000e+00  3.3300185e-12  1.9053515e+00
1.603360000e+01  0.0000000e+00  3.3904639e-12  1.9822531e+00
1.609900000e+01  0.0000000e+00  3.6598818e-12  2.3190062e+00
1.616440000e+01  0.0000000e+00  3.1433365e-12  1.7171471e+00
1.622980000e+01  0.0000000e+00  3.2518738e-12  1.8453802e+00
1.629520000e+01  0.0000000e+00  3.5852433e-12  2.2522351e+00
1.636060000e+01  0.0000000e+00  3.6564651e-12  2.3531042e+00
1.642600000e+01  0.0000000e+00  3.5289043e-12  2.1992656e+00
1.649140000e+01  0.0000000e+00  3.6031488e-12  2.3034996e+00
1.655680000e+01  0.0000000e+00  3.5274320e-12  2.2153664e+00
1.662220000e+01  0.0000000e+00  3.5880836e-12  2.3054530e+00
1.668760000e+01  0.0000000e+00  3.5397175e-12  2.2514597e+00
1.675300000e+01  0.0000000e+00  3.4802040e-12  2.1824544e+00
1.681840000e+01  0.0000000e+00  3.5024494e-12  2.2269448e+00
1.688380000e+01  0.0000000e+00  3.4873634e-12  2.2233242e+00
1.694920000e+01  0.0000000e+00  3.4022572e-12  2.1307444e+00
1.701460000e+01  0.0000000e+00  3.3611410e-12  2.0921351e+00
1.708000000e+01  0.0000000e+00  3.2956892e-12  2.0282934e+00
1.714540000e+01  0.0000000e+00  3.2537010e-12  1.9894580e+00
1.721080000e+01  0.0000000e+00  3.3095771e-12  2.0715983e+00
1.727620000e+01  0.0000000e+00  3.0868215e-12  1.8282930e+00
1.734160000e+01  0.0000000e+00  3.1828424e-12  1.9448858e+00
1.740700000e+01  0.0000000e+00  2.9812294e-12  1.7324943e+00
1.747240000e+01  0.0000000e+00  2.9667364e-12  1.7208525e+00
1.753780000e+01  0.0000000e+00  3.0208461e-12  1.7963115e+00
1.760320000e+01  0.0000000e+00  3.0795645e-12  1.8728485e+00
1.766860000e+01  0.0000000e+00  2.9080275e-12  1.6799279e+00
1.773400000e+01  0.0000000e+00  2.9387868e-12  1.7225882e+00
1.779940000e+01  0.0000000e+00  2.7823746e-12  1.5565708e+00
1.786480000e+01  0.0000000e+00  2.7326272e-12  1.5090702e+00
1.793020000e+01  0.0000000e+00  2.7420637e-12  1.5247584e+00
1.799560000e+01  0.0000000e+00  2.7990434e-12  1.5907291e+00
1.806100000e+01  0.0000000e+00  2.7774793e-12  1.5729082e+00
1.812640000e+01  0.0000000e+00  2.7233920e-12  1.5196235e+00
1.819180000e+01  0.0000000e+00  2.8610260e-12  1.6783027e+00
1.825720000e+01  0.0000000e+00  2.9206114e-12  1.7532864e+00
1.832260000e+01  0.0000000e+00  3.0332424e-12  1.8685412e+00
1.838800000e+01  0.0000000e+00  2.7674286e-12  1.5779138e+00
1.845340000e+01  0.0000000e+00  2.7666493e-12  1.5889041e+00
1.851880000e+01  0.0000000e+00  2.6678949e-12  1.4889421e+00
1.858420000e+01  0.0000000e+00  2.6471169e-12  1.4699520e+00
1.864960000e+01  0.0000000e+00  2.8405091e-12  1.6838838e+00
1.871500000e+01  0.0000000e+00  2.6378038e-12  1.4688969e+00
1.878040000e+01  0.0000000e+00  2.5909778e-12  1.4213581e+00
1.884580000e+01  0.0000000e+00  2.5807366e-12  1.4144584e+00
1.891120000e+01  0.0000000e+00  2.6212593e-12  1.4650734e+00
1.897660000e+01  0.0000000e+00  2.8056128e-12  1.6719951e+00
1.904200000e+01  0.0000000e+00  2.8190993e-12  1.6843463e+00
1.910740000e+01  0.0000000e+00  2.5963356e-12  1.4526279e+00
1.917280000e+01  0.0000000e+00  2.5927423e-12  1.4524944e+00
1.923820000e+01  0.0000000e+00  2.8144182e-12  1.7028249e+00
1.930360000e+01  0.0000000e+00  2.8565398e-12  1.7480869e+00
1.936900000e+01  0.0000000e+00  2.7885613e-12  1.6860453e+00
1.943440000e+01  0.0000000e+00  2.5871572e-12  1.4663941e+00
1.949980000e+01  0.0000000e+00  2.5257553e-12  1.4002213e+00
1.956520000e+01  0.0000000e+00  2.6120279e-12  1.5010913e+00
1.963060000e+01  0.0000000e+00  2.5490999e-12  1.4356077e+00
1.969600000e+01  0.0000000e+00  2.7231293e-12  1.6229171e+00
1.976140000e+01  0.0000000e+00  2.6819464e-12  1.5866244e+00
1.982680000e+01  0.0000000e+00  2.5895367e-12  1.4973209e+00
1.989220000e+01  0.0000000e+00  2.7404628e-12  1.6609372e+00
1.995760000e+01  0.0000000e+00  2.6113441e-12  1.5212134e+00
