# 3D spectroscopic simulation - Spatial binning of 5 (195 calculations)
# ------------------------------------------------------------------------
# Radiance spectrum
# NASA-GSFC Planetary Spectrum Generator (PSG) (Villanueva et al. 2018, 2022)
# Synthesized on Tue Apr  1 14:43:54 2025
# Doppler velocities [km/s] (vobs,vrot+vorb,vwidth,vrfl,vstr): -21.10000,-0.00040,0.00000,3.96422,0.00121
# ------------------------------------------------------------------------
# Spectra synthesized with the Planetary and Universal Model of Atmospheric Scattering (PUMAS, Villanueva et al. 2018, 2022)
# Multiple scattering method employing PSGDORT, NMAX:2 / LMAX:4 / gMAX:0.95
# Radiative transfer took 31.350 seconds
# ------------------------------------------------------------------------
# Spectral unit: Wavelength [um]
# Radiance unit: Spectral radiance [W/sr/m2/um]
# Wave/freq Total Noise Proxima-Cen-b
4.000000000e+00  0.0000000e+00  1.0996581e-12  7.6077252e-02
4.065400000e+00  0.0000000e+00  1.0764314e-12  6.9963965e-02
4.130800000e+00  0.0000000e+00  1.0652914e-12  6.7124711e-02
4.196200000e+00  0.0000000e+00  4.0198712e-13  9.2512823e-03
4.261600000e+00  0.0000000e+00  1.6789801e-13  1.2925037e-03
4.327000000e+00  0.0000000e+00  2.3636003e-13  2.6046151e-03
4.392400000e+00  0.0000000e+00  3.3787143e-13  5.8268147e-03
4.457800000e+00  0.0000000e+00  1.0415855e-12  6.6198622e-02
4.523200000e+00  0.0000000e+00  1.4649681e-12  1.3926672e-01
4.588600000e+00  0.0000000e+00  1.5651096e-12  1.5965870e-01
4.654000000e+00  0.0000000e+00  1.6628210e-12  1.8058641e-01
4.719400000e+00  0.0000000e+00  1.5147615e-12  1.4804766e-01
4.784800000e+00  0.0000000e+00  1.6755510e-12  1.8074747e-01
4.850200000e+00  0.0000000e+00  1.8222616e-12  2.1291681e-01
4.915600000e+00  0.0000000e+00  2.0351966e-12  2.6736688e-01
4.981000000e+00  0.0000000e+00  2.1482806e-12  2.9558546e-01
5.046400000e+00  0.0000000e+00  2.2562143e-12  3.2572403e-01
5.111800000e+00  0.0000000e+00  2.3249931e-12  3.4515881e-01
5.177200000e+00  0.0000000e+00  2.3189558e-12  3.4255776e-01
5.242600000e+00  0.0000000e+00  2.4166230e-12  3.7518685e-01
5.308000000e+00  0.0000000e+00  2.5123256e-12  4.1008504e-01
5.373400000e+00  0.0000000e+00  2.5184227e-12  4.1458437e-01
5.438800000e+00  0.0000000e+00  2.3461152e-12  3.5896606e-01
5.504200000e+00  0.0000000e+00  2.5225136e-12  4.2135631e-01
5.569600000e+00  0.0000000e+00  2.2987062e-12  3.4901951e-01
5.635000000e+00  0.0000000e+00  2.2387892e-12  3.3213345e-01
5.700400000e+00  0.0000000e+00  2.2266723e-12  3.3007211e-01
5.765800000e+00  0.0000000e+00  2.2340524e-12  3.3331794e-01
5.831200000e+00  0.0000000e+00  2.2739106e-12  3.4798392e-01
5.896600000e+00  0.0000000e+00  2.1546666e-12  3.1450815e-01
5.962000000e+00  0.0000000e+00  2.1914695e-12  3.2804098e-01
6.027400000e+00  0.0000000e+00  2.3007299e-12  3.6330593e-01
6.092800000e+00  0.0000000e+00  2.2886376e-12  3.6273685e-01
6.158200000e+00  0.0000000e+00  2.4610586e-12  4.2397315e-01
6.223600000e+00  0.0000000e+00  2.8643618e-12  5.8077093e-01
6.289000000e+00  0.0000000e+00  3.1403073e-12  7.0846971e-01
6.354400000e+00  0.0000000e+00  2.5996550e-12  4.8489856e-01
6.419800000e+00  0.0000000e+00  2.4778148e-12  4.4371955e-01
6.485200000e+00  0.0000000e+00  2.4584950e-12  4.4118916e-01
6.550600000e+00  0.0000000e+00  2.5114552e-12  4.6521792e-01
6.616000000e+00  0.0000000e+00  2.5634258e-12  4.8817091e-01
6.681400000e+00  0.0000000e+00  2.9294402e-12  6.4380970e-01
6.746800000e+00  0.0000000e+00  3.4328363e-12  8.9628807e-01
6.812200000e+00  0.0000000e+00  3.1820715e-12  7.7352931e-01
6.877600000e+00  0.0000000e+00  3.3856223e-12  8.8417498e-01
6.943000000e+00  0.0000000e+00  3.5881274e-12  1.0044460e+00
7.008400000e+00  0.0000000e+00  3.6848427e-12  1.0694120e+00
7.073800000e+00  0.0000000e+00  3.9903364e-12  1.2731171e+00
7.139200000e+00  0.0000000e+00  3.7197111e-12  1.1064301e+00
7.204600000e+00  0.0000000e+00  4.1004693e-12  1.3673133e+00
7.270000000e+00  0.0000000e+00  4.1186107e-12  1.3897730e+00
7.335400000e+00  0.0000000e+00  4.2012220e-12  1.4594565e+00
7.400800000e+00  0.0000000e+00  4.5142254e-12  1.7155128e+00
7.466200000e+00  0.0000000e+00  4.3593802e-12  1.5999848e+00
7.531600000e+00  0.0000000e+00  4.6935049e-12  1.8912117e+00
7.597000000e+00  0.0000000e+00  4.5290197e-12  1.7597349e+00
7.662400000e+00  0.0000000e+00  4.7806749e-12  1.9938523e+00
7.727800000e+00  0.0000000e+00  4.8111921e-12  2.0340901e+00
7.793200000e+00  0.0000000e+00  4.8323289e-12  2.0665737e+00
7.858600000e+00  0.0000000e+00  4.7747936e-12  2.0257090e+00
7.924000000e+00  0.0000000e+00  4.8700786e-12  2.1286966e+00
7.989400000e+00  0.0000000e+00  4.9503053e-12  2.2211460e+00
8.054800000e+00  0.0000000e+00  4.9671750e-12  2.2516097e+00
8.120200000e+00  0.0000000e+00  5.0127686e-12  2.3117961e+00
8.185600000e+00  0.0000000e+00  5.0225446e-12  2.3359807e+00
8.251000000e+00  0.0000000e+00  5.0445035e-12  2.3734665e+00
8.316400000e+00  0.0000000e+00  5.0743076e-12  2.4201275e+00
8.381800000e+00  0.0000000e+00  5.0992054e-12  2.4625324e+00
8.447200000e+00  0.0000000e+00  5.1084543e-12  2.4886737e+00
8.512600000e+00  0.0000000e+00  5.1027528e-12  2.4993883e+00
8.578000000e+00  0.0000000e+00  5.1180301e-12  2.5335382e+00
8.643400000e+00  0.0000000e+00  5.1244643e-12  2.5580722e+00
8.708800000e+00  0.0000000e+00  5.1203707e-12  2.5715965e+00
8.774200000e+00  0.0000000e+00  5.1142729e-12  2.5829551e+00
8.839600000e+00  0.0000000e+00  5.0869458e-12  2.5729697e+00
8.905000000e+00  0.0000000e+00  5.0872077e-12  2.5904248e+00
8.970400000e+00  0.0000000e+00  5.1176102e-12  2.6397327e+00
9.035800000e+00  0.0000000e+00  5.1648448e-12  2.7071229e+00
9.101200000e+00  0.0000000e+00  5.1659746e-12  2.7264453e+00
9.166600000e+00  0.0000000e+00  5.1503963e-12  2.7279856e+00
9.232000000e+00  0.0000000e+00  5.1431644e-12  2.7376905e+00
9.297400000e+00  0.0000000e+00  5.1684793e-12  2.7822547e+00
9.362800000e+00  0.0000000e+00  4.8107060e-12  2.4243835e+00
9.428200000e+00  0.0000000e+00  3.4714535e-12  1.2585001e+00
9.493600000e+00  0.0000000e+00  2.8910918e-12  8.6755106e-01
9.559000000e+00  0.0000000e+00  3.9088292e-12  1.6221945e+00
9.624400000e+00  0.0000000e+00  3.0646783e-12  9.9163121e-01
9.689800000e+00  0.0000000e+00  3.4641808e-12  1.2872303e+00
9.755200000e+00  0.0000000e+00  3.4984079e-12  1.3204559e+00
9.820600000e+00  0.0000000e+00  3.8195520e-12  1.5898428e+00
9.886000000e+00  0.0000000e+00  4.2531890e-12  1.9890650e+00
9.951400000e+00  0.0000000e+00  4.6952495e-12  2.4435508e+00
1.001680000e+01  0.0000000e+00  5.0067426e-12  2.7978130e+00
1.008220000e+01  0.0000000e+00  5.2170836e-12  3.0585659e+00
1.014760000e+01  0.0000000e+00  5.3022908e-12  3.1791875e+00
1.021300000e+01  0.0000000e+00  5.3408770e-12  3.2452222e+00
1.027840000e+01  0.0000000e+00  5.3439148e-12  3.2682160e+00
1.034380000e+01  0.0000000e+00  5.3473517e-12  3.2925449e+00
1.040920000e+01  0.0000000e+00  5.3493513e-12  3.3150414e+00
1.047460000e+01  0.0000000e+00  5.3396562e-12  3.3220430e+00
1.054000000e+01  0.0000000e+00  5.3333425e-12  3.3335000e+00
1.060540000e+01  0.0000000e+00  5.3296160e-12  3.3487212e+00
1.067080000e+01  0.0000000e+00  5.3242086e-12  3.3617439e+00
1.073620000e+01  0.0000000e+00  5.3171856e-12  3.3726886e+00
1.080160000e+01  0.0000000e+00  5.3078319e-12  3.3803359e+00
1.086700000e+01  0.0000000e+00  5.2991744e-12  3.3889033e+00
1.093240000e+01  0.0000000e+00  5.2894442e-12  3.3959431e+00
1.099780000e+01  0.0000000e+00  5.2770629e-12  3.3991171e+00
1.106320000e+01  0.0000000e+00  5.2661448e-12  3.4046019e+00
1.112860000e+01  0.0000000e+00  5.2531494e-12  3.4069896e+00
1.119400000e+01  0.0000000e+00  5.2400514e-12  3.4090778e+00
1.125940000e+01  0.0000000e+00  5.2237696e-12  3.4064852e+00
1.132480000e+01  0.0000000e+00  5.2121233e-12  3.4104435e+00
1.139020000e+01  0.0000000e+00  5.1984700e-12  3.4113515e+00
1.145560000e+01  0.0000000e+00  5.1842141e-12  3.4112145e+00
1.152100000e+01  0.0000000e+00  5.1705762e-12  3.4118751e+00
1.158640000e+01  0.0000000e+00  5.1555930e-12  3.4104796e+00
1.165180000e+01  0.0000000e+00  5.1405895e-12  3.4089154e+00
1.171720000e+01  0.0000000e+00  5.1201226e-12  3.3991471e+00
1.178260000e+01  0.0000000e+00  5.1079135e-12  3.4014304e+00
1.184800000e+01  0.0000000e+00  5.0938270e-12  3.4008309e+00
1.191340000e+01  0.0000000e+00  5.0771788e-12  3.3963093e+00
1.197880000e+01  0.0000000e+00  5.0619416e-12  3.3937218e+00
1.204420000e+01  0.0000000e+00  5.0452057e-12  3.3888003e+00
1.210960000e+01  0.0000000e+00  5.0266343e-12  3.3810386e+00
1.217500000e+01  0.0000000e+00  5.0112467e-12  3.3778911e+00
1.224040000e+01  0.0000000e+00  4.9930795e-12  3.3704806e+00
1.230580000e+01  0.0000000e+00  4.9732480e-12  3.3604807e+00
1.237120000e+01  0.0000000e+00  4.9522844e-12  3.3487759e+00
1.243660000e+01  0.0000000e+00  4.9323502e-12  3.3383699e+00
1.250200000e+01  0.0000000e+00  4.9055843e-12  3.3179245e+00
1.256740000e+01  0.0000000e+00  4.8867699e-12  3.3087374e+00
1.263280000e+01  0.0000000e+00  4.8189511e-12  3.2299316e+00
1.269820000e+01  0.0000000e+00  4.8584816e-12  3.3045403e+00
1.276360000e+01  0.0000000e+00  4.8278200e-12  3.2781269e+00
1.282900000e+01  0.0000000e+00  4.8072469e-12  3.2662717e+00
1.289440000e+01  0.0000000e+00  4.7842924e-12  3.2507314e+00
1.295980000e+01  0.0000000e+00  4.7536297e-12  3.2243898e+00
1.302520000e+01  0.0000000e+00  4.7303900e-12  3.2077069e+00
1.309060000e+01  0.0000000e+00  4.6898301e-12  3.1669431e+00
1.315600000e+01  0.0000000e+00  4.6532173e-12  3.1304935e+00
1.322140000e+01  0.0000000e+00  4.5734929e-12  3.0346885e+00
1.328680000e+01  0.0000000e+00  4.5118899e-12  2.9640473e+00
1.335220000e+01  0.0000000e+00  4.4107598e-12  2.8414498e+00
1.341760000e+01  0.0000000e+00  4.3177206e-12  2.7317939e+00
1.348300000e+01  0.0000000e+00  3.9764630e-12  2.3144508e+00
1.354840000e+01  0.0000000e+00  4.0703448e-12  2.4414969e+00
1.361380000e+01  0.0000000e+00  4.0073023e-12  2.3760030e+00
1.367920000e+01  0.0000000e+00  3.9790091e-12  2.3541073e+00
1.374460000e+01  0.0000000e+00  4.0478153e-12  2.4504554e+00
1.381000000e+01  0.0000000e+00  3.9626593e-12  2.3587673e+00
1.387540000e+01  0.0000000e+00  3.1428640e-12  1.4744912e+00
1.394080000e+01  0.0000000e+00  3.7251539e-12  2.0957464e+00
1.400620000e+01  0.0000000e+00  3.6475605e-12  2.0158466e+00
1.407160000e+01  0.0000000e+00  3.5217089e-12  1.8853394e+00
1.413700000e+01  0.0000000e+00  3.3684224e-12  1.7289815e+00
1.420240000e+01  0.0000000e+00  3.1676542e-12  1.5331020e+00
1.426780000e+01  0.0000000e+00  3.0075998e-12  1.3866684e+00
1.433320000e+01  0.0000000e+00  2.8928700e-12  1.2880258e+00
1.439860000e+01  0.0000000e+00  2.7545330e-12  1.1726993e+00
1.446400000e+01  0.0000000e+00  2.7102767e-12  1.1404547e+00
1.452940000e+01  0.0000000e+00  2.6702764e-12  1.1120726e+00
1.459480000e+01  0.0000000e+00  2.6101489e-12  1.0672150e+00
1.466020000e+01  0.0000000e+00  2.5932150e-12  1.0581170e+00
1.472560000e+01  0.0000000e+00  2.5834354e-12  1.0548143e+00
1.479100000e+01  0.0000000e+00  2.5488451e-12  1.0312301e+00
1.485640000e+01  0.0000000e+00  2.5550793e-12  1.0409017e+00
1.492180000e+01  0.0000000e+00  2.5151451e-12  1.0129530e+00
1.498720000e+01  0.0000000e+00  2.4445757e-12  9.6104169e-01
1.505260000e+01  0.0000000e+00  2.5309653e-12  1.0348081e+00
1.511800000e+01  0.0000000e+00  2.5248272e-12  1.0342613e+00
1.518340000e+01  0.0000000e+00  2.5467250e-12  1.0568953e+00
1.524880000e+01  0.0000000e+00  2.5438784e-12  1.0590831e+00
1.531420000e+01  0.0000000e+00  2.5296854e-12  1.0517478e+00
1.537960000e+01  0.0000000e+00  2.5133597e-12  1.0426323e+00
1.544500000e+01  0.0000000e+00  2.5776497e-12  1.1014238e+00
1.551040000e+01  0.0000000e+00  2.5866508e-12  1.1138478e+00
1.557580000e+01  0.0000000e+00  2.6316513e-12  1.1578433e+00
1.564120000e+01  0.0000000e+00  2.6944341e-12  1.2189638e+00
1.570660000e+01  0.0000000e+00  2.7143078e-12  1.2423095e+00
1.577200000e+01  0.0000000e+00  2.7820552e-12  1.3109477e+00
1.583740000e+01  0.0000000e+00  2.8891406e-12  1.4208621e+00
1.590280000e+01  0.0000000e+00  2.9773193e-12  1.5163450e+00
1.596820000e+01  0.0000000e+00  3.1358598e-12  1.6919440e+00
1.603360000e+01  0.0000000e+00  3.1935804e-12  1.7634529e+00
1.609900000e+01  0.0000000e+00  3.4496924e-12  2.0738579e+00
1.616440000e+01  0.0000000e+00  3.0005618e-12  1.5669393e+00
1.622980000e+01  0.0000000e+00  3.0860263e-12  1.6650099e+00
1.629520000e+01  0.0000000e+00  3.3702899e-12  2.0020143e+00
1.636060000e+01  0.0000000e+00  3.4612042e-12  2.1235004e+00
1.642600000e+01  0.0000000e+00  3.3361832e-12  1.9770969e+00
1.649140000e+01  0.0000000e+00  3.4365346e-12  2.1100772e+00
1.655680000e+01  0.0000000e+00  3.3636179e-12  2.0271763e+00
1.662220000e+01  0.0000000e+00  3.4859123e-12  2.1908746e+00
1.668760000e+01  0.0000000e+00  3.4310306e-12  2.1290338e+00
1.675300000e+01  0.0000000e+00  3.3299502e-12  2.0100861e+00
1.681840000e+01  0.0000000e+00  3.4685980e-12  2.1952576e+00
1.688380000e+01  0.0000000e+00  3.4875859e-12  2.2287247e+00
1.694920000e+01  0.0000000e+00  3.5366205e-12  2.3045414e+00
1.701460000e+01  0.0000000e+00  3.5513503e-12  2.3342886e+00
1.708000000e+01  0.0000000e+00  3.5611820e-12  2.3574387e+00
1.714540000e+01  0.0000000e+00  3.5607661e-12  2.3667403e+00
1.721080000e+01  0.0000000e+00  3.4815211e-12  2.2661474e+00
1.727620000e+01  0.0000000e+00  3.5722695e-12  2.4028768e+00
1.734160000e+01  0.0000000e+00  3.4860447e-12  2.2915139e+00
1.740700000e+01  0.0000000e+00  3.5459519e-12  2.3858013e+00
1.747240000e+01  0.0000000e+00  3.5271952e-12  2.3691241e+00
1.753780000e+01  0.0000000e+00  3.4755095e-12  2.3057946e+00
1.760320000e+01  0.0000000e+00  3.4376828e-12  2.2625062e+00
1.766860000e+01  0.0000000e+00  3.4569163e-12  2.2992788e+00
1.773400000e+01  0.0000000e+00  3.4192435e-12  2.2559912e+00
1.779940000e+01  0.0000000e+00  3.4537220e-12  2.3143469e+00
1.786480000e+01  0.0000000e+00  3.4398319e-12  2.3044257e+00
1.793020000e+01  0.0000000e+00  3.4207679e-12  2.2869009e+00
1.799560000e+01  0.0000000e+00  3.3868702e-12  2.2482381e+00
1.806100000e+01  0.0000000e+00  3.3713353e-12  2.2357203e+00
1.812640000e+01  0.0000000e+00  3.3688119e-12  2.2416298e+00
1.819180000e+01  0.0000000e+00  3.3202968e-12  2.1821945e+00
1.825720000e+01  0.0000000e+00  3.2920767e-12  2.1516513e+00
1.832260000e+01  0.0000000e+00  3.1970323e-12  2.0317332e+00
1.838800000e+01  0.0000000e+00  3.2903744e-12  2.1674268e+00
1.845340000e+01  0.0000000e+00  3.2556489e-12  2.1277617e+00
1.851880000e+01  0.0000000e+00  3.2723265e-12  2.1599083e+00
1.858420000e+01  0.0000000e+00  3.2583402e-12  2.1491073e+00
1.864960000e+01  0.0000000e+00  3.1719325e-12  2.0381110e+00
1.871500000e+01  0.0000000e+00  3.2268561e-12  2.1222963e+00
1.878040000e+01  0.0000000e+00  3.2135308e-12  2.1123128e+00
1.884580000e+01  0.0000000e+00  3.1983004e-12  2.0995085e+00
1.891120000e+01  0.0000000e+00  3.1803173e-12  2.0825984e+00
1.897660000e+01  0.0000000e+00  3.1101339e-12  1.9936741e+00
1.904200000e+01  0.0000000e+00  3.0625897e-12  1.9379112e+00
1.910740000e+01  0.0000000e+00  3.1365077e-12  2.0461050e+00
1.917280000e+01  0.0000000e+00  3.1205059e-12  2.0319000e+00
1.923820000e+01  0.0000000e+00  3.0309538e-12  1.9174904e+00
1.930360000e+01  0.0000000e+00  2.9682323e-12  1.8426365e+00
1.936900000e+01  0.0000000e+00  3.0141975e-12  1.9096913e+00
1.943440000e+01  0.0000000e+00  3.0594679e-12  1.9789908e+00
1.949980000e+01  0.0000000e+00  3.0467433e-12  1.9693672e+00
1.956520000e+01  0.0000000e+00  3.0162270e-12  1.9348174e+00
1.963060000e+01  0.0000000e+00  3.0148794e-12  1.9407097e+00
1.969600000e+01  0.0000000e+00  2.9137699e-12  1.8129323e+00
1.976140000e+01  0.0000000e+00  2.9281727e-12  1.8385314e+00
1.982680000e+01  0.0000000e+00  2.9627006e-12  1.8917611e+00
1.989220000e+01  0.0000000e+00  2.8694965e-12  1.7751181e+00
1.995760000e+01  0.0000000e+00  2.9030898e-12  1.8260998e+00
