# 3D spectroscopic simulation - Spatial binning of 5 (194 calculations)
# ------------------------------------------------------------------------
# Radiance spectrum
# NASA-GSFC Planetary Spectrum Generator (PSG) (Villanueva et al. 2018, 2022)
# Synthesized on Fri Jan 31 15:53:01 2025
# Doppler velocities [km/s] (vobs,vrot+vorb,vwidth,vrfl,vstr): -21.10000,0.00033,0.00000,0.00000,-0.00038
# ------------------------------------------------------------------------
# Spectra synthesized with the Planetary and Universal Model of Atmospheric Scattering (PUMAS, Villanueva et al. 2018, 2022)
# Multiple scattering method employing PSGDORT, NMAX:2 / LMAX:4 / gMAX:0.95
# Radiative transfer took 1.273 seconds
# ------------------------------------------------------------------------
# Spectral unit: Wavelength [um]
# Radiance unit: Spectral radiance [W/sr/m2/um]
# Wave/freq Total Noise Proxima-Cen-b
4.000000000e+00  0.0000000e+00  6.1757673e-13  6.6738848e-02
4.065400000e+00  0.0000000e+00  7.6555386e-13  4.1807622e-02
4.130800000e+00  0.0000000e+00  9.0797851e-13  4.1743810e-02
4.196200000e+00  0.0000000e+00  5.1089702e-13  1.1942205e-02
4.261600000e+00  0.0000000e+00  1.4947100e-13  1.0233508e-03
4.327000000e+00  0.0000000e+00  2.0732379e-13  2.0230653e-03
4.392400000e+00  0.0000000e+00  4.1507989e-13  8.5534841e-03
4.457800000e+00  0.0000000e+00  1.2384201e-12  7.4972060e-02
4.523200000e+00  0.0000000e+00  9.9866460e-13  7.3020515e-02
4.588600000e+00  0.0000000e+00  8.4700362e-13  8.0467265e-02
4.654000000e+00  0.0000000e+00  8.1824685e-13  8.9106353e-02
4.719400000e+00  0.0000000e+00  8.6550931e-13  6.5741935e-02
4.784800000e+00  0.0000000e+00  1.0558783e-12  8.3148675e-02
4.850200000e+00  0.0000000e+00  1.3316731e-12  1.0887467e-01
4.915600000e+00  0.0000000e+00  1.0361270e-12  1.0336141e-01
4.981000000e+00  0.0000000e+00  1.0326268e-12  1.0938990e-01
5.046400000e+00  0.0000000e+00  1.0203864e-12  1.1079997e-01
5.111800000e+00  0.0000000e+00  1.2248227e-12  1.3071324e-01
5.177200000e+00  0.0000000e+00  1.4964057e-12  1.5880044e-01
5.242600000e+00  0.0000000e+00  1.5713175e-12  1.7533632e-01
5.308000000e+00  0.0000000e+00  1.5416027e-12  1.8221953e-01
5.373400000e+00  0.0000000e+00  1.7213115e-12  2.1605806e-01
5.438800000e+00  0.0000000e+00  2.0838574e-12  2.9158585e-01
5.504200000e+00  0.0000000e+00  2.0562949e-12  2.9520692e-01
5.569600000e+00  0.0000000e+00  2.3094444e-12  3.5436721e-01
5.635000000e+00  0.0000000e+00  2.3963249e-12  3.7764028e-01
5.700400000e+00  0.0000000e+00  2.4798307e-12  4.0659381e-01
5.765800000e+00  0.0000000e+00  2.5219447e-12  4.2017784e-01
5.831200000e+00  0.0000000e+00  2.6047457e-12  4.5323471e-01
5.896600000e+00  0.0000000e+00  2.6100499e-12  4.5157293e-01
5.962000000e+00  0.0000000e+00  2.6764282e-12  4.7788550e-01
6.027400000e+00  0.0000000e+00  2.7696747e-12  5.1391716e-01
6.092800000e+00  0.0000000e+00  2.8134136e-12  5.3327121e-01
6.158200000e+00  0.0000000e+00  2.9821301e-12  6.0796833e-01
6.223600000e+00  0.0000000e+00  3.1486909e-12  6.9075317e-01
6.289000000e+00  0.0000000e+00  3.2407996e-12  7.4585090e-01
6.354400000e+00  0.0000000e+00  3.1504372e-12  6.9539322e-01
6.419800000e+00  0.0000000e+00  3.0915559e-12  6.7272799e-01
6.485200000e+00  0.0000000e+00  3.0806908e-12  6.7536733e-01
6.550600000e+00  0.0000000e+00  3.1203932e-12  7.0165754e-01
6.616000000e+00  0.0000000e+00  3.1542765e-12  7.2373464e-01
6.681400000e+00  0.0000000e+00  3.4029474e-12  8.6051956e-01
6.746800000e+00  0.0000000e+00  3.5262524e-12  9.6086087e-01
6.812200000e+00  0.0000000e+00  3.5072780e-12  9.4409781e-01
6.877600000e+00  0.0000000e+00  3.5279529e-12  9.7571970e-01
6.943000000e+00  0.0000000e+00  3.4895981e-12  9.7522730e-01
7.008400000e+00  0.0000000e+00  3.5333814e-12  1.0284909e+00
7.073800000e+00  0.0000000e+00  3.3456009e-12  9.5697088e-01
7.139200000e+00  0.0000000e+00  3.5955469e-12  1.0780547e+00
7.204600000e+00  0.0000000e+00  3.3626285e-12  9.8706028e-01
7.270000000e+00  0.0000000e+00  3.4018050e-12  1.0162719e+00
7.335400000e+00  0.0000000e+00  3.3532830e-12  9.9513649e-01
7.400800000e+00  0.0000000e+00  2.8146788e-12  7.3631760e-01
7.466200000e+00  0.0000000e+00  3.2956564e-12  9.9147453e-01
7.531600000e+00  0.0000000e+00  2.5089087e-12  6.0913498e-01
7.597000000e+00  0.0000000e+00  3.2110685e-12  9.8104432e-01
7.662400000e+00  0.0000000e+00  2.3786172e-12  5.4813433e-01
7.727800000e+00  0.0000000e+00  2.4732435e-12  5.9813089e-01
7.793200000e+00  0.0000000e+00  2.5693187e-12  6.4745467e-01
7.858600000e+00  0.0000000e+00  2.9330411e-12  8.3828844e-01
7.924000000e+00  0.0000000e+00  2.7094019e-12  7.2608488e-01
7.989400000e+00  0.0000000e+00  2.4116106e-12  5.7189821e-01
8.054800000e+00  0.0000000e+00  2.5089888e-12  6.2593116e-01
8.120200000e+00  0.0000000e+00  2.3820103e-12  5.6789967e-01
8.185600000e+00  0.0000000e+00  2.5522796e-12  6.6169334e-01
8.251000000e+00  0.0000000e+00  2.5755922e-12  6.7690060e-01
8.316400000e+00  0.0000000e+00  2.5027908e-12  6.3865354e-01
8.381800000e+00  0.0000000e+00  2.4718211e-12  6.2374254e-01
8.447200000e+00  0.0000000e+00  2.5324090e-12  6.5684355e-01
8.512600000e+00  0.0000000e+00  2.6791036e-12  7.3985565e-01
8.578000000e+00  0.0000000e+00  2.5991651e-12  6.9387613e-01
8.643400000e+00  0.0000000e+00  2.5715105e-12  6.7793452e-01
8.708800000e+00  0.0000000e+00  2.6188527e-12  7.0391704e-01
8.774200000e+00  0.0000000e+00  2.6779964e-12  7.3774101e-01
8.839600000e+00  0.0000000e+00  2.6846099e-12  7.3667170e-01
8.905000000e+00  0.0000000e+00  2.7335721e-12  7.6940791e-01
8.970400000e+00  0.0000000e+00  2.7074622e-12  7.6196722e-01
9.035800000e+00  0.0000000e+00  2.7200125e-12  7.8005902e-01
9.101200000e+00  0.0000000e+00  2.7402294e-12  7.9407863e-01
9.166600000e+00  0.0000000e+00  2.8195213e-12  8.3982685e-01
9.232000000e+00  0.0000000e+00  2.9678164e-12  9.2893648e-01
9.297400000e+00  0.0000000e+00  3.0534755e-12  9.8759637e-01
9.362800000e+00  0.0000000e+00  3.1680819e-12  1.0311340e+00
9.428200000e+00  0.0000000e+00  3.1567932e-12  1.0131343e+00
9.493600000e+00  0.0000000e+00  2.8876869e-12  8.5552371e-01
9.559000000e+00  0.0000000e+00  3.0818269e-12  9.8114382e-01
9.624400000e+00  0.0000000e+00  2.8991205e-12  8.7298028e-01
9.689800000e+00  0.0000000e+00  3.1620458e-12  1.0439412e+00
9.755200000e+00  0.0000000e+00  3.1897720e-12  1.0695157e+00
9.820600000e+00  0.0000000e+00  3.2856751e-12  1.1425424e+00
9.886000000e+00  0.0000000e+00  3.3174166e-12  1.1755460e+00
9.951400000e+00  0.0000000e+00  3.2669287e-12  1.1554230e+00
1.001680000e+01  0.0000000e+00  3.1610297e-12  1.1024283e+00
1.008220000e+01  0.0000000e+00  3.0435933e-12  1.0497893e+00
1.014760000e+01  0.0000000e+00  3.0172420e-12  1.0554416e+00
1.021300000e+01  0.0000000e+00  3.0372423e-12  1.0905331e+00
1.027840000e+01  0.0000000e+00  3.0821728e-12  1.1298003e+00
1.034380000e+01  0.0000000e+00  3.0088827e-12  1.0884731e+00
1.040920000e+01  0.0000000e+00  2.9359031e-12  1.0486116e+00
1.047460000e+01  0.0000000e+00  3.0326506e-12  1.1180316e+00
1.054000000e+01  0.0000000e+00  3.0589135e-12  1.1431645e+00
1.060540000e+01  0.0000000e+00  3.0406271e-12  1.1365332e+00
1.067080000e+01  0.0000000e+00  3.0104232e-12  1.1229075e+00
1.073620000e+01  0.0000000e+00  2.9790650e-12  1.1083376e+00
1.080160000e+01  0.0000000e+00  2.9706045e-12  1.1105445e+00
1.086700000e+01  0.0000000e+00  2.9602726e-12  1.1089807e+00
1.093240000e+01  0.0000000e+00  2.9557106e-12  1.1112197e+00
1.099780000e+01  0.0000000e+00  2.9791655e-12  1.1367179e+00
1.106320000e+01  0.0000000e+00  2.9595931e-12  1.1257446e+00
1.112860000e+01  0.0000000e+00  2.9620660e-12  1.1334537e+00
1.119400000e+01  0.0000000e+00  2.9638034e-12  1.1406624e+00
1.125940000e+01  0.0000000e+00  2.9930106e-12  1.1713689e+00
1.132480000e+01  0.0000000e+00  2.9771378e-12  1.1634379e+00
1.139020000e+01  0.0000000e+00  2.9776211e-12  1.1694622e+00
1.145560000e+01  0.0000000e+00  2.9828486e-12  1.1796603e+00
1.152100000e+01  0.0000000e+00  2.9780426e-12  1.1811952e+00
1.158640000e+01  0.0000000e+00  2.9812200e-12  1.1892513e+00
1.165180000e+01  0.0000000e+00  2.9792439e-12  1.1935565e+00
1.171720000e+01  0.0000000e+00  3.0430609e-12  1.2570179e+00
1.178260000e+01  0.0000000e+00  3.0023885e-12  1.2256718e+00
1.184800000e+01  0.0000000e+00  2.9840488e-12  1.2148844e+00
1.191340000e+01  0.0000000e+00  2.9950196e-12  1.2306477e+00
1.197880000e+01  0.0000000e+00  2.9845323e-12  1.2268164e+00
1.204420000e+01  0.0000000e+00  2.9963157e-12  1.2416795e+00
1.210960000e+01  0.0000000e+00  3.0143860e-12  1.2647104e+00
1.217500000e+01  0.0000000e+00  3.0042781e-12  1.2591657e+00
1.224040000e+01  0.0000000e+00  3.0260430e-12  1.2819804e+00
1.230580000e+01  0.0000000e+00  3.0598398e-12  1.3158516e+00
1.237120000e+01  0.0000000e+00  3.0898545e-12  1.3461466e+00
1.243660000e+01  0.0000000e+00  3.1123880e-12  1.3717218e+00
1.250200000e+01  0.0000000e+00  3.1525947e-12  1.4164308e+00
1.256740000e+01  0.0000000e+00  3.1578748e-12  1.4302275e+00
1.263280000e+01  0.0000000e+00  3.5551544e-12  1.7700240e+00
1.269820000e+01  0.0000000e+00  3.0434980e-12  1.3354249e+00
1.276360000e+01  0.0000000e+00  3.1105497e-12  1.4005221e+00
1.282900000e+01  0.0000000e+00  3.1204703e-12  1.4125525e+00
1.289440000e+01  0.0000000e+00  3.1405951e-12  1.4354523e+00
1.295980000e+01  0.0000000e+00  3.2027570e-12  1.4924226e+00
1.302520000e+01  0.0000000e+00  3.2768059e-12  1.5658893e+00
1.309060000e+01  0.0000000e+00  3.3754825e-12  1.6591634e+00
1.315600000e+01  0.0000000e+00  3.5598340e-12  1.8439439e+00
1.322140000e+01  0.0000000e+00  3.8024546e-12  2.0973444e+00
1.328680000e+01  0.0000000e+00  3.9426914e-12  2.2544702e+00
1.335220000e+01  0.0000000e+00  4.0752292e-12  2.4073922e+00
1.341760000e+01  0.0000000e+00  4.1475003e-12  2.4976238e+00
1.348300000e+01  0.0000000e+00  4.1523035e-12  2.5013653e+00
1.354840000e+01  0.0000000e+00  4.2346186e-12  2.6167468e+00
1.361380000e+01  0.0000000e+00  4.1804761e-12  2.5611916e+00
1.367920000e+01  0.0000000e+00  4.1554348e-12  2.5433900e+00
1.374460000e+01  0.0000000e+00  4.1984753e-12  2.6095813e+00
1.381000000e+01  0.0000000e+00  4.1526642e-12  2.5662202e+00
1.387540000e+01  0.0000000e+00  3.2385618e-12  1.5648348e+00
1.394080000e+01  0.0000000e+00  4.0135623e-12  2.4173954e+00
1.400620000e+01  0.0000000e+00  3.9350875e-12  2.3343540e+00
1.407160000e+01  0.0000000e+00  3.8139330e-12  2.2047160e+00
1.413700000e+01  0.0000000e+00  3.6104547e-12  1.9854225e+00
1.420240000e+01  0.0000000e+00  3.3327712e-12  1.7001538e+00
1.426780000e+01  0.0000000e+00  3.0980409e-12  1.4757568e+00
1.433320000e+01  0.0000000e+00  2.9218314e-12  1.3180133e+00
1.439860000e+01  0.0000000e+00  2.6878615e-12  1.1186700e+00
1.446400000e+01  0.0000000e+00  2.6160527e-12  1.0640267e+00
1.452940000e+01  0.0000000e+00  2.5443227e-12  1.0104369e+00
1.459480000e+01  0.0000000e+00  2.4818044e-12  9.6519827e-01
1.466020000e+01  0.0000000e+00  2.4655953e-12  9.5681757e-01
1.472560000e+01  0.0000000e+00  2.4564603e-12  9.5394732e-01
1.479100000e+01  0.0000000e+00  2.4322948e-12  9.3928676e-01
1.485640000e+01  0.0000000e+00  2.4348674e-12  9.4548169e-01
1.492180000e+01  0.0000000e+00  2.4092831e-12  9.2962618e-01
1.498720000e+01  0.0000000e+00  2.3447651e-12  8.8417573e-01
1.505260000e+01  0.0000000e+00  2.4163399e-12  9.4341375e-01
1.511800000e+01  0.0000000e+00  2.4108870e-12  9.4321189e-01
1.518340000e+01  0.0000000e+00  2.4258331e-12  9.5920070e-01
1.524880000e+01  0.0000000e+00  2.4227891e-12  9.6092322e-01
1.531420000e+01  0.0000000e+00  2.4136333e-12  9.5771348e-01
1.537960000e+01  0.0000000e+00  2.4025011e-12  9.5288971e-01
1.544500000e+01  0.0000000e+00  2.4769134e-12  1.0177892e+00
1.551040000e+01  0.0000000e+00  2.4871689e-12  1.0307141e+00
1.557580000e+01  0.0000000e+00  2.5634131e-12  1.1002471e+00
1.564120000e+01  0.0000000e+00  2.6724616e-12  1.2020575e+00
1.570660000e+01  0.0000000e+00  2.7144799e-12  1.2454069e+00
1.577200000e+01  0.0000000e+00  2.8281006e-12  1.3582477e+00
1.583740000e+01  0.0000000e+00  2.9990220e-12  1.5344534e+00
1.590280000e+01  0.0000000e+00  3.1271532e-12  1.6749106e+00
1.596820000e+01  0.0000000e+00  3.3345118e-12  1.9109278e+00
1.603360000e+01  0.0000000e+00  3.3862390e-12  1.9775534e+00
1.609900000e+01  0.0000000e+00  3.6255492e-12  2.2755218e+00
1.616440000e+01  0.0000000e+00  3.1445244e-12  1.7187105e+00
1.622980000e+01  0.0000000e+00  3.2500311e-12  1.8435232e+00
1.629520000e+01  0.0000000e+00  3.5576962e-12  2.2177281e+00
1.636060000e+01  0.0000000e+00  3.6137989e-12  2.2982967e+00
1.642600000e+01  0.0000000e+00  3.4995381e-12  2.1626745e+00
1.649140000e+01  0.0000000e+00  3.5561958e-12  2.2434715e+00
1.655680000e+01  0.0000000e+00  3.4877884e-12  2.1655092e+00
1.662220000e+01  0.0000000e+00  3.5219058e-12  2.2203033e+00
1.668760000e+01  0.0000000e+00  3.4799939e-12  2.1753266e+00
1.675300000e+01  0.0000000e+00  3.4408508e-12  2.1329788e+00
1.681840000e+01  0.0000000e+00  3.4223283e-12  2.1245852e+00
1.688380000e+01  0.0000000e+00  3.3882153e-12  2.0970682e+00
1.694920000e+01  0.0000000e+00  3.2859828e-12  1.9833642e+00
1.701460000e+01  0.0000000e+00  3.2359096e-12  1.9338867e+00
1.708000000e+01  0.0000000e+00  3.1521675e-12  1.8486252e+00
1.714540000e+01  0.0000000e+00  3.1034090e-12  1.8022361e+00
1.721080000e+01  0.0000000e+00  3.1612710e-12  1.8898477e+00
1.727620000e+01  0.0000000e+00  2.9004130e-12  1.6025483e+00
1.734160000e+01  0.0000000e+00  3.0108318e-12  1.7369460e+00
1.740700000e+01  0.0000000e+00  2.7781605e-12  1.4910849e+00
1.747240000e+01  0.0000000e+00  2.7663105e-12  1.4828525e+00
1.753780000e+01  0.0000000e+00  2.8230321e-12  1.5626912e+00
1.760320000e+01  0.0000000e+00  2.8896832e-12  1.6479222e+00
1.766860000e+01  0.0000000e+00  2.7045084e-12  1.4421485e+00
1.773400000e+01  0.0000000e+00  2.7413440e-12  1.4921719e+00
1.779940000e+01  0.0000000e+00  2.5676990e-12  1.3082764e+00
1.786480000e+01  0.0000000e+00  2.5158800e-12  1.2598580e+00
1.793020000e+01  0.0000000e+00  2.5278438e-12  1.2780497e+00
1.799560000e+01  0.0000000e+00  2.5936957e-12  1.3531441e+00
1.806100000e+01  0.0000000e+00  2.5720438e-12  1.3357822e+00
1.812640000e+01  0.0000000e+00  2.5141267e-12  1.2789216e+00
1.819180000e+01  0.0000000e+00  2.6686397e-12  1.4544194e+00
1.825720000e+01  0.0000000e+00  2.7363462e-12  1.5378483e+00
1.832260000e+01  0.0000000e+00  2.8844920e-12  1.6937013e+00
1.838800000e+01  0.0000000e+00  2.5777751e-12  1.3575205e+00
1.845340000e+01  0.0000000e+00  2.5782542e-12  1.3718322e+00
1.851880000e+01  0.0000000e+00  2.4667567e-12  1.2585711e+00
1.858420000e+01  0.0000000e+00  2.4471445e-12  1.2412831e+00
1.864960000e+01  0.0000000e+00  2.6715335e-12  1.4883260e+00
1.871500000e+01  0.0000000e+00  2.4419609e-12  1.2449153e+00
1.878040000e+01  0.0000000e+00  2.3947198e-12  1.1981846e+00
1.884580000e+01  0.0000000e+00  2.3858348e-12  1.1930150e+00
1.891120000e+01  0.0000000e+00  2.4301403e-12  1.2467341e+00
1.897660000e+01  0.0000000e+00  2.6415878e-12  1.4819483e+00
1.904200000e+01  0.0000000e+00  2.6682839e-12  1.5095655e+00
1.910740000e+01  0.0000000e+00  2.4083310e-12  1.2383263e+00
1.917280000e+01  0.0000000e+00  2.4069385e-12  1.2407405e+00
1.923820000e+01  0.0000000e+00  2.6641866e-12  1.5293559e+00
1.930360000e+01  0.0000000e+00  2.7271204e-12  1.5992379e+00
1.936900000e+01  0.0000000e+00  2.6360777e-12  1.5101624e+00
1.943440000e+01  0.0000000e+00  2.4084222e-12  1.2625714e+00
1.949980000e+01  0.0000000e+00  2.3462900e-12  1.1971767e+00
1.956520000e+01  0.0000000e+00  2.4435046e-12  1.3088487e+00
1.963060000e+01  0.0000000e+00  2.3742274e-12  1.2371169e+00
1.969600000e+01  0.0000000e+00  2.5847705e-12  1.4643319e+00
1.976140000e+01  0.0000000e+00  2.5328157e-12  1.4157477e+00
1.982680000e+01  0.0000000e+00  2.4225419e-12  1.3068638e+00
1.989220000e+01  0.0000000e+00  2.6105197e-12  1.5122695e+00
1.995760000e+01  0.0000000e+00  2.4605637e-12  1.3492187e+00
