# 3D spectroscopic simulation - Spatial binning of 5 (193 calculations)
# ------------------------------------------------------------------------
# Radiance spectrum
# NASA-GSFC Planetary Spectrum Generator (PSG) (Villanueva et al. 2018, 2022)
# Synthesized on Fri Jan 31 11:00:05 2025
# Doppler velocities [km/s] (vobs,vrot+vorb,vwidth,vrfl,vstr): -21.10000,0.00014,0.00000,-1.75641,0.00122
# ------------------------------------------------------------------------
# Spectra synthesized with the Planetary and Universal Model of Atmospheric Scattering (PUMAS, Villanueva et al. 2018, 2022)
# Multiple scattering method employing PSGDORT, NMAX:2 / LMAX:4 / gMAX:0.95
# Radiative transfer took 6.615 seconds
# ------------------------------------------------------------------------
# Spectral unit: Wavelength [um]
# Radiance unit: Spectral radiance [W/sr/m2/um]
# Wave/freq Total Noise Proxima-Cen-b
4.000000000e+00  0.0000000e+00  2.8784588e-12  5.6234002e-01
4.065400000e+00  0.0000000e+00  2.5439692e-12  4.2741666e-01
4.130800000e+00  0.0000000e+00  2.2151391e-12  3.1373991e-01
4.196200000e+00  0.0000000e+00  6.1365886e-13  2.0038011e-02
4.261600000e+00  0.0000000e+00  1.6294813e-13  1.2183354e-03
4.327000000e+00  0.0000000e+00  2.3208948e-13  2.5087681e-03
4.392400000e+00  0.0000000e+00  3.6724414e-13  6.4659120e-03
4.457800000e+00  0.0000000e+00  1.5206255e-12  1.2983627e-01
4.523200000e+00  0.0000000e+00  2.6101062e-12  4.2419938e-01
4.588600000e+00  0.0000000e+00  2.7462542e-12  4.7366224e-01
4.654000000e+00  0.0000000e+00  2.8150117e-12  4.9741646e-01
4.719400000e+00  0.0000000e+00  2.1955948e-12  2.9566078e-01
4.784800000e+00  0.0000000e+00  2.3808242e-12  3.4773656e-01
4.850200000e+00  0.0000000e+00  2.5240622e-12  3.8695705e-01
4.915600000e+00  0.0000000e+00  2.8649924e-12  5.0965865e-01
4.981000000e+00  0.0000000e+00  2.9132538e-12  5.2721159e-01
5.046400000e+00  0.0000000e+00  2.9674470e-12  5.4925629e-01
5.111800000e+00  0.0000000e+00  2.9291805e-12  5.3220414e-01
5.177200000e+00  0.0000000e+00  2.8089718e-12  4.8661051e-01
5.242600000e+00  0.0000000e+00  2.8676719e-12  5.0980192e-01
5.308000000e+00  0.0000000e+00  2.9453628e-12  5.4230903e-01
5.373400000e+00  0.0000000e+00  2.8937435e-12  5.2416944e-01
5.438800000e+00  0.0000000e+00  2.6251314e-12  4.2794418e-01
5.504200000e+00  0.0000000e+00  2.8102243e-12  4.9822862e-01
5.569600000e+00  0.0000000e+00  2.5362996e-12  4.0475063e-01
5.635000000e+00  0.0000000e+00  2.4629631e-12  3.8470018e-01
5.700400000e+00  0.0000000e+00  2.4440338e-12  3.8238822e-01
5.765800000e+00  0.0000000e+00  2.4403575e-12  3.8527894e-01
5.831200000e+00  0.0000000e+00  2.4789960e-12  4.0207091e-01
5.896600000e+00  0.0000000e+00  2.3711809e-12  3.7136072e-01
5.962000000e+00  0.0000000e+00  2.4073198e-12  3.8680312e-01
6.027400000e+00  0.0000000e+00  2.4978817e-12  4.2022815e-01
6.092800000e+00  0.0000000e+00  2.4924262e-12  4.2266634e-01
6.158200000e+00  0.0000000e+00  2.6587597e-12  4.8690305e-01
6.223600000e+00  0.0000000e+00  2.9934119e-12  6.2420430e-01
6.289000000e+00  0.0000000e+00  3.2243656e-12  7.3329923e-01
6.354400000e+00  0.0000000e+00  2.7884527e-12  5.5099938e-01
6.419800000e+00  0.0000000e+00  2.6784659e-12  5.1214567e-01
6.485200000e+00  0.0000000e+00  2.6728864e-12  5.1480176e-01
6.550600000e+00  0.0000000e+00  2.7323040e-12  5.4337662e-01
6.616000000e+00  0.0000000e+00  2.7807349e-12  5.6744320e-01
6.681400000e+00  0.0000000e+00  3.1174389e-12  7.2218462e-01
6.746800000e+00  0.0000000e+00  3.5438787e-12  9.4504974e-01
6.812200000e+00  0.0000000e+00  3.3486080e-12  8.4942326e-01
6.877600000e+00  0.0000000e+00  3.5198178e-12  9.4738130e-01
6.943000000e+00  0.0000000e+00  3.6882218e-12  1.0507682e+00
7.008400000e+00  0.0000000e+00  3.7852798e-12  1.1178489e+00
7.073800000e+00  0.0000000e+00  4.0324452e-12  1.2837711e+00
7.139200000e+00  0.0000000e+00  3.8259567e-12  1.1607028e+00
7.204600000e+00  0.0000000e+00  4.1343256e-12  1.3731039e+00
7.270000000e+00  0.0000000e+00  4.1562161e-12  1.3989686e+00
7.335400000e+00  0.0000000e+00  4.2259802e-12  1.4590529e+00
7.400800000e+00  0.0000000e+00  4.4808378e-12  1.6638136e+00
7.466200000e+00  0.0000000e+00  4.3669356e-12  1.5860307e+00
7.531600000e+00  0.0000000e+00  4.6343787e-12  1.8138328e+00
7.597000000e+00  0.0000000e+00  4.5137174e-12  1.7257015e+00
7.662400000e+00  0.0000000e+00  4.7138784e-12  1.9076937e+00
7.727800000e+00  0.0000000e+00  4.7422548e-12  1.9456522e+00
7.793200000e+00  0.0000000e+00  4.7624299e-12  1.9769460e+00
7.858600000e+00  0.0000000e+00  4.7224870e-12  1.9546032e+00
7.924000000e+00  0.0000000e+00  4.8007004e-12  2.0388076e+00
7.989400000e+00  0.0000000e+00  4.8668834e-12  2.1146991e+00
8.054800000e+00  0.0000000e+00  4.8855019e-12  2.1465125e+00
8.120200000e+00  0.0000000e+00  4.9263277e-12  2.2003147e+00
8.185600000e+00  0.0000000e+00  4.9381308e-12  2.2264038e+00
8.251000000e+00  0.0000000e+00  4.9595321e-12  2.2624643e+00
8.316400000e+00  0.0000000e+00  4.9863258e-12  2.3046177e+00
8.381800000e+00  0.0000000e+00  5.0076439e-12  2.3419613e+00
8.447200000e+00  0.0000000e+00  5.0170153e-12  2.3675656e+00
8.512600000e+00  0.0000000e+00  5.0127522e-12  2.3796838e+00
8.578000000e+00  0.0000000e+00  5.0233373e-12  2.4075860e+00
8.643400000e+00  0.0000000e+00  5.0279327e-12  2.4293221e+00
8.708800000e+00  0.0000000e+00  5.0225780e-12  2.4410172e+00
8.774200000e+00  0.0000000e+00  5.0160254e-12  2.4514437e+00
8.839600000e+00  0.0000000e+00  4.9858299e-12  2.4384572e+00
8.905000000e+00  0.0000000e+00  4.9857493e-12  2.4550727e+00
8.970400000e+00  0.0000000e+00  5.0172156e-12  2.5039433e+00
9.035800000e+00  0.0000000e+00  5.0670433e-12  2.5721140e+00
9.101200000e+00  0.0000000e+00  5.0679269e-12  2.5904692e+00
9.166600000e+00  0.0000000e+00  5.0516841e-12  2.5909382e+00
9.232000000e+00  0.0000000e+00  5.0450463e-12  2.6007605e+00
9.297400000e+00  0.0000000e+00  5.0730644e-12  2.6470056e+00
9.362800000e+00  0.0000000e+00  4.6965477e-12  2.2792607e+00
9.428200000e+00  0.0000000e+00  3.3193765e-12  1.1358240e+00
9.493600000e+00  0.0000000e+00  2.7583697e-12  7.8279683e-01
9.559000000e+00  0.0000000e+00  3.7672918e-12  1.4872761e+00
9.624400000e+00  0.0000000e+00  2.9315782e-12  8.9858791e-01
9.689800000e+00  0.0000000e+00  3.3048382e-12  1.1568983e+00
9.755200000e+00  0.0000000e+00  3.3414324e-12  1.1899111e+00
9.820600000e+00  0.0000000e+00  3.6662052e-12  1.4458043e+00
9.886000000e+00  0.0000000e+00  4.1158918e-12  1.8384421e+00
9.951400000e+00  0.0000000e+00  4.5782974e-12  2.2941792e+00
1.001680000e+01  0.0000000e+00  4.9066182e-12  2.6555883e+00
1.008220000e+01  0.0000000e+00  5.1287766e-12  2.9236706e+00
1.014760000e+01  0.0000000e+00  5.2195662e-12  3.0487451e+00
1.021300000e+01  0.0000000e+00  5.2613935e-12  3.1177048e+00
1.027840000e+01  0.0000000e+00  5.2655649e-12  3.1416688e+00
1.034380000e+01  0.0000000e+00  5.2690294e-12  3.1656820e+00
1.040920000e+01  0.0000000e+00  5.2708672e-12  3.1877144e+00
1.047460000e+01  0.0000000e+00  5.2621567e-12  3.1956936e+00
1.054000000e+01  0.0000000e+00  5.2566312e-12  3.2079497e+00
1.060540000e+01  0.0000000e+00  5.2532536e-12  3.2232242e+00
1.067080000e+01  0.0000000e+00  5.2479019e-12  3.2359928e+00
1.073620000e+01  0.0000000e+00  5.2411902e-12  3.2470169e+00
1.080160000e+01  0.0000000e+00  5.2323921e-12  3.2551463e+00
1.086700000e+01  0.0000000e+00  5.2241244e-12  3.2638914e+00
1.093240000e+01  0.0000000e+00  5.2149488e-12  3.2713488e+00
1.099780000e+01  0.0000000e+00  5.2035285e-12  3.2756532e+00
1.106320000e+01  0.0000000e+00  5.1930411e-12  3.2813123e+00
1.112860000e+01  0.0000000e+00  5.1807990e-12  3.2844539e+00
1.119400000e+01  0.0000000e+00  5.1684061e-12  3.2872592e+00
1.125940000e+01  0.0000000e+00  5.1534665e-12  3.2864337e+00
1.132480000e+01  0.0000000e+00  5.1420801e-12  3.2904148e+00
1.139020000e+01  0.0000000e+00  5.1291168e-12  3.2920709e+00
1.145560000e+01  0.0000000e+00  5.1156534e-12  3.2928843e+00
1.152100000e+01  0.0000000e+00  5.1025427e-12  3.2940840e+00
1.158640000e+01  0.0000000e+00  5.0882407e-12  3.2935013e+00
1.165180000e+01  0.0000000e+00  5.0738776e-12  3.2927144e+00
1.171720000e+01  0.0000000e+00  5.0554696e-12  3.2860717e+00
1.178260000e+01  0.0000000e+00  5.0430037e-12  3.2876955e+00
1.184800000e+01  0.0000000e+00  5.0291245e-12  3.2872071e+00
1.191340000e+01  0.0000000e+00  5.0133126e-12  3.2838548e+00
1.197880000e+01  0.0000000e+00  4.9985234e-12  3.2818052e+00
1.204420000e+01  0.0000000e+00  4.9825140e-12  3.2778780e+00
1.210960000e+01  0.0000000e+00  4.9651799e-12  3.2719691e+00
1.217500000e+01  0.0000000e+00  4.9499341e-12  3.2688908e+00
1.224040000e+01  0.0000000e+00  4.9325744e-12  3.2626281e+00
1.230580000e+01  0.0000000e+00  4.9139043e-12  3.2543655e+00
1.237120000e+01  0.0000000e+00  4.8940836e-12  3.2443825e+00
1.243660000e+01  0.0000000e+00  4.8752667e-12  3.2356906e+00
1.250200000e+01  0.0000000e+00  4.8513958e-12  3.2198320e+00
1.256740000e+01  0.0000000e+00  4.8340958e-12  3.2129755e+00
1.263280000e+01  0.0000000e+00  4.7684613e-12  3.1377173e+00
1.269820000e+01  0.0000000e+00  4.8026936e-12  3.2039973e+00
1.276360000e+01  0.0000000e+00  4.7742009e-12  3.1811584e+00
1.282900000e+01  0.0000000e+00  4.7533564e-12  3.1689517e+00
1.289440000e+01  0.0000000e+00  4.7308926e-12  3.1543088e+00
1.295980000e+01  0.0000000e+00  4.7004018e-12  3.1284157e+00
1.302520000e+01  0.0000000e+00  4.6787104e-12  3.1141666e+00
1.309060000e+01  0.0000000e+00  4.6394050e-12  3.0757523e+00
1.315600000e+01  0.0000000e+00  4.6065300e-12  3.0451497e+00
1.322140000e+01  0.0000000e+00  4.5317687e-12  2.9580371e+00
1.328680000e+01  0.0000000e+00  4.4749215e-12  2.8954360e+00
1.335220000e+01  0.0000000e+00  4.3788355e-12  2.7822103e+00
1.341760000e+01  0.0000000e+00  4.2897209e-12  2.6800699e+00
1.348300000e+01  0.0000000e+00  3.9663915e-12  2.2936297e+00
1.354840000e+01  0.0000000e+00  4.0541401e-12  2.4108160e+00
1.361380000e+01  0.0000000e+00  3.9923824e-12  2.3479713e+00
1.367920000e+01  0.0000000e+00  3.9618322e-12  2.3235327e+00
1.374460000e+01  0.0000000e+00  4.0292986e-12  2.4163969e+00
1.381000000e+01  0.0000000e+00  3.9404733e-12  2.3216462e+00
1.387540000e+01  0.0000000e+00  3.1374917e-12  1.4683008e+00
1.394080000e+01  0.0000000e+00  3.7170444e-12  2.0803144e+00
1.400620000e+01  0.0000000e+00  3.6452294e-12  2.0081946e+00
1.407160000e+01  0.0000000e+00  3.5233697e-12  1.8834792e+00
1.413700000e+01  0.0000000e+00  3.3774032e-12  1.7361622e+00
1.420240000e+01  0.0000000e+00  3.1800784e-12  1.5444040e+00
1.426780000e+01  0.0000000e+00  3.0216645e-12  1.3995805e+00
1.433320000e+01  0.0000000e+00  2.9033603e-12  1.2974644e+00
1.439860000e+01  0.0000000e+00  2.7497552e-12  1.1686220e+00
1.446400000e+01  0.0000000e+00  2.6996376e-12  1.1314509e+00
1.452940000e+01  0.0000000e+00  2.6504548e-12  1.0954545e+00
1.459480000e+01  0.0000000e+00  2.5848474e-12  1.0464476e+00
1.466020000e+01  0.0000000e+00  2.5665192e-12  1.0362574e+00
1.472560000e+01  0.0000000e+00  2.5552920e-12  1.0317765e+00
1.479100000e+01  0.0000000e+00  2.5196432e-12  1.0075895e+00
1.485640000e+01  0.0000000e+00  2.5274058e-12  1.0183154e+00
1.492180000e+01  0.0000000e+00  2.4867372e-12  9.9007876e-01
1.498720000e+01  0.0000000e+00  2.4214036e-12  9.4285355e-01
1.505260000e+01  0.0000000e+00  2.5050029e-12  1.0135531e+00
1.511800000e+01  0.0000000e+00  2.4975590e-12  1.0118925e+00
1.518340000e+01  0.0000000e+00  2.5203973e-12  1.0349925e+00
1.524880000e+01  0.0000000e+00  2.5182040e-12  1.0376477e+00
1.531420000e+01  0.0000000e+00  2.5036769e-12  1.0300793e+00
1.537960000e+01  0.0000000e+00  2.4899801e-12  1.0231809e+00
1.544500000e+01  0.0000000e+00  2.5616321e-12  1.0876673e+00
1.551040000e+01  0.0000000e+00  2.5720814e-12  1.1012366e+00
1.557580000e+01  0.0000000e+00  2.6261212e-12  1.1529582e+00
1.564120000e+01  0.0000000e+00  2.6989377e-12  1.2231179e+00
1.570660000e+01  0.0000000e+00  2.7195039e-12  1.2471123e+00
1.577200000e+01  0.0000000e+00  2.7919635e-12  1.3202939e+00
1.583740000e+01  0.0000000e+00  2.9020984e-12  1.4333003e+00
1.590280000e+01  0.0000000e+00  2.9895729e-12  1.5280438e+00
1.596820000e+01  0.0000000e+00  3.1457209e-12  1.7005873e+00
1.603360000e+01  0.0000000e+00  3.2002973e-12  1.7681416e+00
1.609900000e+01  0.0000000e+00  3.4495551e-12  2.0675040e+00
1.616440000e+01  0.0000000e+00  3.0027260e-12  1.5675901e+00
1.622980000e+01  0.0000000e+00  3.0924461e-12  1.6699802e+00
1.629520000e+01  0.0000000e+00  3.3725637e-12  1.9993837e+00
1.636060000e+01  0.0000000e+00  3.4594707e-12  2.1143425e+00
1.642600000e+01  0.0000000e+00  3.3370285e-12  1.9728294e+00
1.649140000e+01  0.0000000e+00  3.4339012e-12  2.0997673e+00
1.655680000e+01  0.0000000e+00  3.3630246e-12  2.0204479e+00
1.662220000e+01  0.0000000e+00  3.4809629e-12  2.1763087e+00
1.668760000e+01  0.0000000e+00  3.4280796e-12  2.1178950e+00
1.675300000e+01  0.0000000e+00  3.3301507e-12  2.0044754e+00
1.681840000e+01  0.0000000e+00  3.4666662e-12  2.1844858e+00
1.688380000e+01  0.0000000e+00  3.4959731e-12  2.2314827e+00
1.694920000e+01  0.0000000e+00  3.5279040e-12  2.2828907e+00
1.701460000e+01  0.0000000e+00  3.5395646e-12  2.3078346e+00
1.708000000e+01  0.0000000e+00  3.5498936e-12  2.3313265e+00
1.714540000e+01  0.0000000e+00  3.5482036e-12  2.3386112e+00
1.721080000e+01  0.0000000e+00  3.5003102e-12  2.2830557e+00
1.727620000e+01  0.0000000e+00  3.5555108e-12  2.3682392e+00
1.734160000e+01  0.0000000e+00  3.4934141e-12  2.2924142e+00
1.740700000e+01  0.0000000e+00  3.5291717e-12  2.3514158e+00
1.747240000e+01  0.0000000e+00  3.5115622e-12  2.3365636e+00
1.753780000e+01  0.0000000e+00  3.4738901e-12  2.2939428e+00
1.760320000e+01  0.0000000e+00  3.4450182e-12  2.2635578e+00
1.766860000e+01  0.0000000e+00  3.4489875e-12  2.2783969e+00
1.773400000e+01  0.0000000e+00  3.4210524e-12  2.2491802e+00
1.779940000e+01  0.0000000e+00  3.4351139e-12  2.2779741e+00
1.786480000e+01  0.0000000e+00  3.4198211e-12  2.2661327e+00
1.793020000e+01  0.0000000e+00  3.4021163e-12  2.2507240e+00
1.799560000e+01  0.0000000e+00  3.3755839e-12  2.2229291e+00
1.806100000e+01  0.0000000e+00  3.3597786e-12  2.2101089e+00
1.812640000e+01  0.0000000e+00  3.3514435e-12  2.2076282e+00
1.819180000e+01  0.0000000e+00  3.3172610e-12  2.1691242e+00
1.825720000e+01  0.0000000e+00  3.2961464e-12  2.1487622e+00
1.832260000e+01  0.0000000e+00  3.2258724e-12  2.0629213e+00
1.838800000e+01  0.0000000e+00  3.2787728e-12  2.1421450e+00
1.845340000e+01  0.0000000e+00  3.2532330e-12  2.1157670e+00
1.851880000e+01  0.0000000e+00  3.2565820e-12  2.1288651e+00
1.858420000e+01  0.0000000e+00  3.2416359e-12  2.1167671e+00
1.864960000e+01  0.0000000e+00  3.1838836e-12  2.0464714e+00
1.871500000e+01  0.0000000e+00  3.2106391e-12  2.0908804e+00
1.878040000e+01  0.0000000e+00  3.1958484e-12  2.0788861e+00
1.884580000e+01  0.0000000e+00  3.1806096e-12  2.0661708e+00
1.891120000e+01  0.0000000e+00  3.1651279e-12  2.0529631e+00
1.897660000e+01  0.0000000e+00  3.1187963e-12  1.9979022e+00
1.904200000e+01  0.0000000e+00  3.0790601e-12  1.9528192e+00
1.910740000e+01  0.0000000e+00  3.1221145e-12  2.0179419e+00
1.917280000e+01  0.0000000e+00  3.1069631e-12  2.0050567e+00
1.923820000e+01  0.0000000e+00  3.0490232e-12  1.9348257e+00
1.930360000e+01  0.0000000e+00  3.0006168e-12  1.8788325e+00
1.936900000e+01  0.0000000e+00  3.0293291e-12  1.9231399e+00
1.943440000e+01  0.0000000e+00  3.0487027e-12  1.9565049e+00
1.949980000e+01  0.0000000e+00  3.0340248e-12  1.9441763e+00
1.956520000e+01  0.0000000e+00  3.0126159e-12  1.9225756e+00
1.963060000e+01  0.0000000e+00  3.0047495e-12  1.9193263e+00
1.969600000e+01  0.0000000e+00  2.9352225e-12  1.8347335e+00
1.976140000e+01  0.0000000e+00  2.9410004e-12  1.8488887e+00
1.982680000e+01  0.0000000e+00  2.9585462e-12  1.8789480e+00
1.989220000e+01  0.0000000e+00  2.8946079e-12  1.8019174e+00
1.995760000e+01  0.0000000e+00  2.9084978e-12  1.8265708e+00
