# 3D spectroscopic simulation - Spatial binning of 5 (195 calculations)
# ------------------------------------------------------------------------
# Radiance spectrum
# NASA-GSFC Planetary Spectrum Generator (PSG) (Villanueva et al. 2018, 2022)
# Synthesized on Tue Dec 10 09:18:27 2024
# Doppler velocities [km/s] (vobs,vrot+vorb,vwidth,vrfl,vstr): -21.10000,-0.00035,0.00000,-0.00000,-0.00005
# ------------------------------------------------------------------------
# Spectra synthesized with the Planetary and Universal Model of Atmospheric Scattering (PUMAS, Villanueva et al. 2018, 2022)
# Multiple scattering method employing PSGDORT, NMAX:2 / LMAX:4 / gMAX:0.95
# Radiative transfer took 2.944 seconds
# ------------------------------------------------------------------------
# Spectral unit: Wavelength [um]
# Radiance unit: Spectral radiance [W/sr/m2/um]
# Wave/freq Total Noise Stellar Proxima-Cen-b
4.000000000e+00  2.1484386e+00  1.8607400e-05  2.1484400e+00  3.6811731e-07
4.065400000e+00  1.9713691e+00  1.7396200e-05  1.9713700e+00  2.9172620e-07
4.130800000e+00  1.8110084e+00  1.6279700e-05  1.8110100e+00  2.3181602e-07
4.196200000e+00  1.6655882e+00  1.5249300e-05  1.6655900e+00  2.6064745e-08
4.261600000e+00  1.5335466e+00  1.4297200e-05  1.5335500e+00  2.2021820e-10
4.327000000e+00  1.4135024e+00  1.3416600e-05  1.4135000e+00  8.2042808e-10
4.392400000e+00  1.3042316e+00  1.2601200e-05  1.3042300e+00  7.3809970e-09
4.457800000e+00  1.2046485e+00  1.1845400e-05  1.2046500e+00  9.2884638e-08
4.523200000e+00  1.1137880e+00  1.1144100e-05  1.1137900e+00  1.9295172e-07
4.588600000e+00  1.0307916e+00  1.0492800e-05  1.0307900e+00  1.9812844e-07
4.654000000e+00  9.5489410e-01  9.8873200e-06  9.5489405e-01  1.9328884e-07
4.719400000e+00  8.8541283e-01  9.3239000e-06  8.8541287e-01  1.5253355e-07
4.784800000e+00  8.2173771e-01  8.7991471e-06  8.2173775e-01  1.5133528e-07
4.850200000e+00  7.6332287e-01  8.3099691e-06  7.6332297e-01  1.4035919e-07
4.915600000e+00  7.0967932e-01  7.8535563e-06  7.0967924e-01  1.6131494e-07
4.981000000e+00  6.6036837e-01  7.4273528e-06  6.6036829e-01  1.5439457e-07
5.046400000e+00  6.1499607e-01  7.0290308e-06  6.1499600e-01  1.5186387e-07
5.111800000e+00  5.7320815e-01  6.6564676e-06  5.7320800e-01  1.3656902e-07
5.177200000e+00  5.3468565e-01  6.3077132e-06  5.3468580e-01  1.1797728e-07
5.242600000e+00  4.9914111e-01  5.9810000e-06  4.9914100e-01  1.1666159e-07
5.308000000e+00  4.6631511e-01  5.6747048e-06  4.6631500e-01  1.1712158e-07
5.373400000e+00  4.3597331e-01  5.3873367e-06  4.3597305e-01  1.0623045e-07
5.438800000e+00  4.0790378e-01  5.1175300e-06  4.0790400e-01  8.0087563e-08
5.504200000e+00  3.8191466e-01  4.8640357e-06  3.8191490e-01  9.0703297e-08
5.569600000e+00  3.5783205e-01  4.6257000e-06  3.5783200e-01  6.7013266e-08
5.635000000e+00  3.3549820e-01  4.4014700e-06  3.3549800e-01  5.8857595e-08
5.700400000e+00  3.1476987e-01  4.1903648e-06  3.1477000e-01  5.4698183e-08
5.765800000e+00  2.9551683e-01  3.9914900e-06  2.9551700e-01  5.1747351e-08
5.831200000e+00  2.7762057e-01  3.8040200e-06  2.7762075e-01  5.0866253e-08
5.896600000e+00  2.6097319e-01  3.6271902e-06  2.6097300e-01  4.1130086e-08
5.962000000e+00  2.4547630e-01  3.4603000e-06  2.4547600e-01  4.0521084e-08
6.027400000e+00  2.3104013e-01  3.3026900e-06  2.3104000e-01  4.3928324e-08
6.092800000e+00  2.1758270e-01  3.1537511e-06  2.1758300e-01  4.1096098e-08
6.158200000e+00  2.0502906e-01  3.0129400e-06  2.0502900e-01  4.7968286e-08
6.223600000e+00  1.9331065e-01  2.8797308e-06  1.9331100e-01  6.8341065e-08
6.289000000e+00  1.8236471e-01  2.7536500e-06  1.8236500e-01  8.3091711e-08
6.354400000e+00  1.7213369e-01  2.6342400e-06  1.7213400e-01  4.9423307e-08
6.419800000e+00  1.6256483e-01  2.5211000e-06  1.6256500e-01  4.1663590e-08
6.485200000e+00  1.5360969e-01  2.4138400e-06  1.5361000e-01  3.8991794e-08
6.550600000e+00  1.4522380e-01  2.3121000e-06  1.4522400e-01  3.9757151e-08
6.616000000e+00  1.3736624e-01  2.2155500e-06  1.3736600e-01  4.0597208e-08
6.681400000e+00  1.2999938e-01  2.1238869e-06  1.2999900e-01  5.7045428e-08
6.746800000e+00  1.2308857e-01  2.0368100e-06  1.2308899e-01  8.3448711e-08
6.812200000e+00  1.1660188e-01  1.9540600e-06  1.1660200e-01  6.6870578e-08
6.877600000e+00  1.1050989e-01  1.8753800e-06  1.1051000e-01  7.6038387e-08
6.943000000e+00  1.0478542e-01  1.8005300e-06  1.0478500e-01  8.5469257e-08
7.008400000e+00  9.9403396e-02  1.7293100e-06  9.9403394e-02  8.9126438e-08
7.073800000e+00  9.4340639e-02  1.6615000e-06  9.4340643e-02  1.0507705e-07
7.139200000e+00  8.9575722e-02  1.5969100e-06  8.9575714e-02  8.7057851e-08
7.204600000e+00  8.5088817e-02  1.5353600e-06  8.5088812e-02  1.0755597e-07
7.270000000e+00  8.0861569e-02  1.4766900e-06  8.0861568e-02  1.0644835e-07
7.335400000e+00  7.6876970e-02  1.4207360e-06  7.6876972e-02  1.0936798e-07
7.400800000e+00  7.3119256e-02  1.3673500e-06  7.3119264e-02  1.2692601e-07
7.466200000e+00  6.9573802e-02  1.3164000e-06  6.9573800e-02  1.1498591e-07
7.531600000e+00  6.6227035e-02  1.2677500e-06  6.6227027e-02  1.3384750e-07
7.597000000e+00  6.3066349e-02  1.2212800e-06  6.3066347e-02  1.2170084e-07
7.662400000e+00  6.0080028e-02  1.1768800e-06  6.0080013e-02  1.3514855e-07
7.727800000e+00  5.7257180e-02  1.1344300e-06  5.7257197e-02  1.3513187e-07
7.793200000e+00  5.4587671e-02  1.0938491e-06  5.4587685e-02  1.3439088e-07
7.858600000e+00  5.2062067e-02  1.0550200e-06  5.2062082e-02  1.2916574e-07
7.924000000e+00  4.9671580e-02  1.0178700e-06  4.9671600e-02  1.3310029e-07
7.989400000e+00  4.7408024e-02  9.8230076e-07  4.7408001e-02  1.3597312e-07
8.054800000e+00  4.5263762e-02  9.4824339e-07  4.5263775e-02  1.3523924e-07
8.120200000e+00  4.3231672e-02  9.1561934e-07  4.3231697e-02  1.3614074e-07
8.185600000e+00  4.1305105e-02  8.8435771e-07  4.1305100e-02  1.3513560e-07
8.251000000e+00  3.9477852e-02  8.5439215e-07  3.9477863e-02  1.3485986e-07
8.316400000e+00  3.7744112e-02  8.2565940e-07  3.7744100e-02  1.3503828e-07
8.381800000e+00  3.6098460e-02  7.9810007e-07  3.6098475e-02  1.3517929e-07
8.447200000e+00  3.4535825e-02  7.7165791e-07  3.4535800e-02  1.3450061e-07
8.512600000e+00  3.3051459e-02  7.4627987e-07  3.3051475e-02  1.3332792e-07
8.578000000e+00  3.1640919e-02  7.2191575e-07  3.1640900e-02  1.3320615e-07
8.643400000e+00  3.0300043e-02  6.9851804e-07  3.0300027e-02  1.3268506e-07
8.708800000e+00  2.9024930e-02  6.7604164e-07  2.9024900e-02  1.3181534e-07
8.774200000e+00  2.7811924e-02  6.5444419e-07  2.7811900e-02  1.3086750e-07
8.839600000e+00  2.6657594e-02  6.3368518e-07  2.6657600e-02  1.2948666e-07
8.905000000e+00  2.5558722e-02  6.1372642e-07  2.5558700e-02  1.2863301e-07
8.970400000e+00  2.4512287e-02  5.9453183e-07  2.4512300e-02  1.2859723e-07
9.035800000e+00  2.3515451e-02  5.7606718e-07  2.3515463e-02  1.2903134e-07
9.101200000e+00  2.2565549e-02  5.5829957e-07  2.2565547e-02  1.2831975e-07
9.166600000e+00  2.1660073e-02  5.4119836e-07  2.1660100e-02  1.2733736e-07
9.232000000e+00  2.0796668e-02  5.2473420e-07  2.0796700e-02  1.2665071e-07
9.297400000e+00  1.9973116e-02  5.0887912e-07  1.9973100e-02  1.2646254e-07
9.362800000e+00  1.9187330e-02  4.9360662e-07  1.9187300e-02  1.1791692e-07
9.428200000e+00  1.8437345e-02  4.7889140e-07  1.8437324e-02  8.2062828e-08
9.493600000e+00  1.7721312e-02  4.6470988e-07  1.7721300e-02  6.0914889e-08
9.559000000e+00  1.7037486e-02  4.5103997e-07  1.7037500e-02  8.9587232e-08
9.624400000e+00  1.6384223e-02  4.3785880e-07  1.6384200e-02  6.5554513e-08
9.689800000e+00  1.5759975e-02  4.2514676e-07  1.5760000e-02  7.8410369e-08
9.755200000e+00  1.5163277e-02  4.1288376e-07  1.5163300e-02  7.9272948e-08
9.820600000e+00  1.4592751e-02  4.0105159e-07  1.4592764e-02  8.8317215e-08
9.886000000e+00  1.4047095e-02  3.8963197e-07  1.4047100e-02  9.9254842e-08
9.951400000e+00  1.3525076e-02  3.7860838e-07  1.3525100e-02  1.0877237e-07
1.001680000e+01  1.3025534e-02  3.6796437e-07  1.3025500e-02  1.1451208e-07
1.008220000e+01  1.2547370e-02  3.5768474e-07  1.2547400e-02  1.1762748e-07
1.014760000e+01  1.2089546e-02  3.4775487e-07  1.2089514e-02  1.1816104e-07
1.021300000e+01  1.1651079e-02  3.3816066e-07  1.1651100e-02  1.1774858e-07
1.027840000e+01  1.1231040e-02  3.2888897e-07  1.1231000e-02  1.1668540e-07
1.034380000e+01  1.0828550e-02  3.1992683e-07  1.0828563e-02  1.1556214e-07
1.040920000e+01  1.0442777e-02  3.1126229e-07  1.0442800e-02  1.1442464e-07
1.047460000e+01  1.0072933e-02  3.0288364e-07  1.0072900e-02  1.1327327e-07
1.054000000e+01  9.7182700e-03  2.9477983e-07  9.7182699e-03  1.1209965e-07
1.060540000e+01  9.3780814e-03  2.8694029e-07  9.3780812e-03  1.1106630e-07
1.067080000e+01  9.0516962e-03  2.7935483e-07  9.0516965e-03  1.0992973e-07
1.073620000e+01  8.7384785e-03  2.7201381e-07  8.7384785e-03  1.0875371e-07
1.080160000e+01  8.4378249e-03  2.6490804e-07  8.4378247e-03  1.0754374e-07
1.086700000e+01  8.1491633e-03  2.5802840e-07  8.1491629e-03  1.0644200e-07
1.093240000e+01  7.8719503e-03  2.5136672e-07  7.8719500e-03  1.0532794e-07
1.099780000e+01  7.6056703e-03  2.4491481e-07  7.6056700e-03  1.0412971e-07
1.106320000e+01  7.3498335e-03  2.3866486e-07  7.3498329e-03  1.0298870e-07
1.112860000e+01  7.1039749e-03  2.3260937e-07  7.1039747e-03  1.0178454e-07
1.119400000e+01  6.8676523e-03  2.2674136e-07  6.8676512e-03  1.0059317e-07
1.125940000e+01  6.6404456e-03  2.2105401e-07  6.6404464e-03  9.9285786e-08
1.132480000e+01  6.4219554e-03  2.1554059e-07  6.4219563e-03  9.8203762e-08
1.139020000e+01  6.2118019e-03  2.1019511e-07  6.2118003e-03  9.7049952e-08
1.145560000e+01  6.0096236e-03  2.0501129e-07  6.0096227e-03  9.5884921e-08
1.152100000e+01  5.8150768e-03  1.9998352e-07  5.8150780e-03  9.4762560e-08
1.158640000e+01  5.6278341e-03  1.9510634e-07  5.6278334e-03  9.3603521e-08
1.165180000e+01  5.4475841e-03  1.9037430e-07  5.4475830e-03  9.2448181e-08
1.171720000e+01  5.2740300e-03  1.8578237e-07  5.2740300e-03  9.1128899e-08
1.178260000e+01  5.1068892e-03  1.8132566e-07  5.1068900e-03  9.0106680e-08
1.184800000e+01  4.9458924e-03  1.7699961e-07  4.9458903e-03  8.9045535e-08
1.191340000e+01  4.7907831e-03  1.7279955e-07  4.7907812e-03  8.7914336e-08
1.197880000e+01  4.6413164e-03  1.6872134e-07  4.6413180e-03  8.6839943e-08
1.204420000e+01  4.4972593e-03  1.6478146e-07  4.4972600e-03  8.5766329e-08
1.210960000e+01  4.3583892e-03  1.6095491e-07  4.3583900e-03  8.4592510e-08
1.217500000e+01  4.2244938e-03  1.5723787e-07  4.2244923e-03  8.3613194e-08
1.224040000e+01  4.0953706e-03  1.5362670e-07  4.0953700e-03  8.2564949e-08
1.230580000e+01  3.9708264e-03  1.5011776e-07  3.9708282e-03  8.1473476e-08
1.237120000e+01  3.8506765e-03  1.4670776e-07  3.8506785e-03  8.0367772e-08
1.243660000e+01  3.7347448e-03  1.4339348e-07  3.7347446e-03  7.9298766e-08
1.250200000e+01  3.6228629e-03  1.4017155e-07  3.6228600e-03  7.8012158e-08
1.256740000e+01  3.5148700e-03  1.3703909e-07  3.5148700e-03  7.6933329e-08
1.263280000e+01  3.4106125e-03  1.3399310e-07  3.4106100e-03  7.5230745e-08
1.269820000e+01  3.3099434e-03  1.3103076e-07  3.3099405e-03  7.5225586e-08
1.276360000e+01  3.2127225e-03  1.2814966e-07  3.2127200e-03  7.4025370e-08
1.282900000e+01  3.1188154e-03  1.2534673e-07  3.1188165e-03  7.3117648e-08
1.289440000e+01  3.0280938e-03  1.2261987e-07  3.0280912e-03  7.2142186e-08
1.295980000e+01  2.9404347e-03  1.1996657e-07  2.9404345e-03  7.1190417e-08
1.302520000e+01  2.8557207e-03  1.1738440e-07  2.8557200e-03  7.0222514e-08
1.309060000e+01  2.7738393e-03  1.1487094e-07  2.7738400e-03  6.8958256e-08
1.315600000e+01  2.6946828e-03  1.1242455e-07  2.6946800e-03  6.7724780e-08
1.322140000e+01  2.6181480e-03  1.1004263e-07  2.6181500e-03  6.5596516e-08
1.328680000e+01  2.5441363e-03  1.0772352e-07  2.5441394e-03  6.3498310e-08
1.335220000e+01  2.4725530e-03  1.0546486e-07  2.4725500e-03  6.0504495e-08
1.341760000e+01  2.4033076e-03  1.0326543e-07  2.4033100e-03  5.7681619e-08
1.348300000e+01  2.3363133e-03  1.0112285e-07  2.3363100e-03  4.7741659e-08
1.354840000e+01  2.2714869e-03  9.9035674e-08  2.2714900e-03  5.0280445e-08
1.361380000e+01  2.2087485e-03  9.7002182e-08  2.2087500e-03  4.8336363e-08
1.367920000e+01  2.1480216e-03  9.5020773e-08  2.1480200e-03  4.7733875e-08
1.374460000e+01  2.0892331e-03  9.3089887e-08  2.0892300e-03  4.9388474e-08
1.381000000e+01  2.0323124e-03  9.1207910e-08  2.0323100e-03  4.7747915e-08
1.387540000e+01  1.9771921e-03  8.9373019e-08  1.9771900e-03  2.6569083e-08
1.394080000e+01  1.9238075e-03  8.7585015e-08  1.9238100e-03  4.0787886e-08
1.400620000e+01  1.8720963e-03  8.5841394e-08  1.8721000e-03  3.8274819e-08
1.407160000e+01  1.8219989e-03  8.4141197e-08  1.8220000e-03  3.5219529e-08
1.413700000e+01  1.7734581e-03  8.2483155e-08  1.7734600e-03  3.1168238e-08
1.420240000e+01  1.7264188e-03  8.0866055e-08  1.7264200e-03  2.6583237e-08
1.426780000e+01  1.6808282e-03  7.9288732e-08  1.6808300e-03  2.3006511e-08
1.433320000e+01  1.6366355e-03  7.7750050e-08  1.6366382e-03  2.0465964e-08
1.439860000e+01  1.5937921e-03  7.6248881e-08  1.5937900e-03  1.7708325e-08
1.446400000e+01  1.5522509e-03  7.4784191e-08  1.5522500e-03  1.6870587e-08
1.452940000e+01  1.5119671e-03  7.3354900e-08  1.5119700e-03  1.6194293e-08
1.459480000e+01  1.4728973e-03  7.1960046e-08  1.4729000e-03  1.5728619e-08
1.466020000e+01  1.4349998e-03  7.0598625e-08  1.4350000e-03  1.5532203e-08
1.472560000e+01  1.3982348e-03  6.9269706e-08  1.3982330e-03  1.5404255e-08
1.479100000e+01  1.3625636e-03  6.7972397e-08  1.3625600e-03  1.5154775e-08
1.485640000e+01  1.3279493e-03  6.6705799e-08  1.3279500e-03  1.5075950e-08
1.492180000e+01  1.2943562e-03  6.5469082e-08  1.2943600e-03  1.4812054e-08
1.498720000e+01  1.2617501e-03  6.4261399e-08  1.2617500e-03  1.4202736e-08
1.505260000e+01  1.2300979e-03  6.3081997e-08  1.2301000e-03  1.4686626e-08
1.511800000e+01  1.1993680e-03  6.1930074e-08  1.1993700e-03  1.4542901e-08
1.518340000e+01  1.1695297e-03  6.0804891e-08  1.1695300e-03  1.4570891e-08
1.524880000e+01  1.1405536e-03  5.9705706e-08  1.1405500e-03  1.4458139e-08
1.531420000e+01  1.1124113e-03  5.8631882e-08  1.1124100e-03  1.4308167e-08
1.537960000e+01  1.0850756e-03  5.7582682e-08  1.0850799e-03  1.4109313e-08
1.544500000e+01  1.0585202e-03  5.6557483e-08  1.0585200e-03  1.4468465e-08
1.551040000e+01  1.0327197e-03  5.5555600e-08  1.0327200e-03  1.4476670e-08
1.557580000e+01  1.0076496e-03  5.4576499e-08  1.0076500e-03  1.5003753e-08
1.564120000e+01  9.8328655e-04  5.3619550e-08  9.8328663e-04  1.5912700e-08
1.570660000e+01  9.5960774e-04  5.2684144e-08  9.5960771e-04  1.6353627e-08
1.577200000e+01  9.3659133e-04  5.1769763e-08  9.3659130e-04  1.7505585e-08
1.583740000e+01  9.1421623e-04  5.0875851e-08  9.1421623e-04  1.9402920e-08
1.590280000e+01  8.9246211e-04  5.0001868e-08  8.9246210e-04  2.0940609e-08
1.596820000e+01  8.7130936e-04  4.9147330e-08  8.7130930e-04  2.3707782e-08
1.603360000e+01  8.5073906e-04  4.8311674e-08  8.5073903e-04  2.4670292e-08
1.609900000e+01  8.3073295e-04  4.7494572e-08  8.3073297e-04  2.9474626e-08
1.616440000e+01  8.1127342e-04  4.6695103e-08  8.1127345e-04  2.1241511e-08
1.622980000e+01  7.9234348e-04  4.5913408e-08  7.9234347e-04  2.2587622e-08
1.629520000e+01  7.7392673e-04  4.5148901e-08  7.7392680e-04  2.7645604e-08
1.636060000e+01  7.5600733e-04  4.4400977e-08  7.5600729e-04  2.9313523e-08
1.642600000e+01  7.3857000e-04  4.3669188e-08  7.3857000e-04  2.6849190e-08
1.649140000e+01  7.2159997e-04  4.2953364e-08  7.2160000e-04  2.8643245e-08
1.655680000e+01  7.0508298e-04  4.2252917e-08  7.0508300e-04  2.7171366e-08
1.662220000e+01  6.8900529e-04  4.1567653e-08  6.8900522e-04  2.9359228e-08
1.668760000e+01  6.7335357e-04  4.0897028e-08  6.7335364e-04  2.8213167e-08
1.675300000e+01  6.5811500e-04  4.0240733e-08  6.5811500e-04  2.6342665e-08
1.681840000e+01  6.4327715e-04  3.9598579e-08  6.4327702e-04  2.8619637e-08
1.688380000e+01  6.2882803e-04  3.8970052e-08  6.2882800e-04  2.8711590e-08
1.694920000e+01  6.1475605e-04  3.8354894e-08  6.1475600e-04  2.9589477e-08
1.701460000e+01  6.0105000e-04  3.7752774e-08  6.0105000e-04  2.9746811e-08
1.708000000e+01  5.8769905e-04  3.7163379e-08  5.8769900e-04  2.9717602e-08
1.714540000e+01  5.7469273e-04  3.6586414e-08  5.7469285e-04  2.9573402e-08
1.721080000e+01  5.6202091e-04  3.6021568e-08  5.6202100e-04  2.7825825e-08
1.727620000e+01  5.4967380e-04  3.5468679e-08  5.4967397e-04  2.9421953e-08
1.734160000e+01  5.3764192e-04  3.4927290e-08  5.3764200e-04  2.7705671e-08
1.740700000e+01  5.2591611e-04  3.4397315e-08  5.2591600e-04  2.8643979e-08
1.747240000e+01  5.1448751e-04  3.3878376e-08  5.1448754e-04  2.8222843e-08
1.753780000e+01  5.0334754e-04  3.3370246e-08  5.0334764e-04  2.7199170e-08
1.760320000e+01  4.9248791e-04  3.2872689e-08  4.9248800e-04  2.6516419e-08
1.766860000e+01  4.8190058e-04  3.2385510e-08  4.8190065e-04  2.6659847e-08
1.773400000e+01  4.7157778e-04  3.1908441e-08  4.7157799e-04  2.5920691e-08
1.779940000e+01  4.6151198e-04  3.1441268e-08  4.6151200e-04  2.6434342e-08
1.786480000e+01  4.5169589e-04  3.0983762e-08  4.5169600e-04  2.6089676e-08
1.793020000e+01  4.4212248e-04  3.0535707e-08  4.4212247e-04  2.5718652e-08
1.799560000e+01  4.3278489e-04  3.0096917e-08  4.3278500e-04  2.5117173e-08
1.806100000e+01  4.2367653e-04  2.9667185e-08  4.2367663e-04  2.4793399e-08
1.812640000e+01  4.1479098e-04  2.9246335e-08  4.1479100e-04  2.4694877e-08
1.819180000e+01  4.0612204e-04  2.8834135e-08  4.0612200e-04  2.3935758e-08
1.825720000e+01  3.9766369e-04  2.8430434e-08  3.9766394e-04  2.3480809e-08
1.832260000e+01  3.8941011e-04  2.8035018e-08  3.8941000e-04  2.1893568e-08
1.838800000e+01  3.8135565e-04  2.7647831e-08  3.8135585e-04  2.3273478e-08
1.845340000e+01  3.7349485e-04  2.7268554e-08  3.7349500e-04  2.2604595e-08
1.851880000e+01  3.6582240e-04  2.6897110e-08  3.6582224e-04  2.2819516e-08
1.858420000e+01  3.5833316e-04  2.6533295e-08  3.5833300e-04  2.2549591e-08
1.864960000e+01  3.5102215e-04  2.6176949e-08  3.5102200e-04  2.1208805e-08
1.871500000e+01  3.4388454e-04  2.5828003e-08  3.4388464e-04  2.1975903e-08
1.878040000e+01  3.3691566e-04  2.5486221e-08  3.3691594e-04  2.1694035e-08
1.884580000e+01  3.3011094e-04  2.5151487e-08  3.3011100e-04  2.1421970e-08
1.891120000e+01  3.2346600e-04  2.4823662e-08  3.2346600e-04  2.1135816e-08
1.897660000e+01  3.1697656e-04  2.4502594e-08  3.1697666e-04  2.0129759e-08
1.904200000e+01  3.1063847e-04  2.4188158e-08  3.1063845e-04  1.9341755e-08
1.910740000e+01  3.0444772e-04  2.3880306e-08  3.0444800e-04  2.0343496e-08
1.917280000e+01  2.9840040e-04  2.3578794e-08  2.9840015e-04  2.0067773e-08
1.923820000e+01  2.9249274e-04  2.3283515e-08  2.9249300e-04  1.8809381e-08
1.930360000e+01  2.8672105e-04  2.2994383e-08  2.8672100e-04  1.7865697e-08
1.936900000e+01  2.8108177e-04  2.2711340e-08  2.8108200e-04  1.8532326e-08
1.943440000e+01  2.7557144e-04  2.2434201e-08  2.7557129e-04  1.9049260e-08
1.949980000e+01  2.7018671e-04  2.2162838e-08  2.7018700e-04  1.8770570e-08
1.956520000e+01  2.6492431e-04  2.1897159e-08  2.6492400e-04  1.8356858e-08
1.963060000e+01  2.5978109e-04  2.1637097e-08  2.5978100e-04  1.8297599e-08
1.969600000e+01  2.5475395e-04  2.1382465e-08  2.5475400e-04  1.6908794e-08
1.976140000e+01  2.4983993e-04  2.1133275e-08  2.4984000e-04  1.7096808e-08
1.982680000e+01  2.4503612e-04  2.0889378e-08  2.4503600e-04  1.7542892e-08
1.989220000e+01  2.4033970e-04  2.0650624e-08  2.4034000e-04  1.6299262e-08
1.995760000e+01  2.3574795e-04  2.0417022e-08  2.3574800e-04  1.6662328e-08
