# WARNING | PUMAS | Some species, NO, HNO3, do not have optimized correlated-k tables for the defined moderate resolutions, and will be analyzed at sub-par resolutions. In particular, there will be issues at the line cores.
# WARNING | PUMAS | The maximum asymmetry has been capped to 0.10 for these high observing angles.
# 3D spectroscopic simulation - Spatial binning of 5 (212 calculations)
# ------------------------------------------------------------------------
# Radiance spectrum
# NASA-GSFC Planetary Spectrum Generator (PSG) (Villanueva et al. 2018, 2022)
# Synthesized on Mon Feb 26 14:27:11 2024
# Doppler velocities [km/s] (vobs,vrot+vorb,vwidth,vrfl,vstr): -21.10000,0.00000,0.00000,0.00000,-0.00029
# ------------------------------------------------------------------------
# Spectra synthesized with the Planetary and Universal Model of Atmospheric Scattering (PUMAS, Villanueva et al. 2018, 2022)
# Muliple scattering method employing PSGDORT, NMAX:2 / LMAX:4 / gMAX:0.01
# ------------------------------------------------------------------------
# Spectral unit: Wavelength [um]
# Radiance unit: Spectral radiance [W/sr/m2/um]
# Wave/freq Total Stellar Proxima-Cen-b
4.000000000e+00  5.1704962e-02  5.1704999e-02  7.3710399e-11
4.065400000e+00  4.9007643e-02  4.9007598e-02  1.1991079e-10
4.130800000e+00  4.6481282e-02  4.6481300e-02  1.8251578e-10
4.196200000e+00  4.4113271e-02  4.4113301e-02  6.3235561e-11
4.261600000e+00  4.1892052e-02  4.1892100e-02  5.4983772e-12
4.327000000e+00  3.9807018e-02  3.9806999e-02  1.1125255e-11
4.392400000e+00  3.7848424e-02  3.7848402e-02  4.7677739e-11
4.457800000e+00  3.6007319e-02  3.6007300e-02  3.8725864e-10
4.523200000e+00  3.4275468e-02  3.4275498e-02  2.3458342e-10
4.588600000e+00  3.2645293e-02  3.2645300e-02  1.6864087e-10
4.654000000e+00  3.1109802e-02  3.1109801e-02  1.6417182e-10
4.719400000e+00  2.9662563e-02  2.9662600e-02  1.7457059e-10
4.784800000e+00  2.8297631e-02  2.8297599e-02  2.7118615e-10
4.850200000e+00  2.7009521e-02  2.7009500e-02  4.5770469e-10
4.915600000e+00  2.5793158e-02  2.5793200e-02  2.8227454e-10
4.981000000e+00  2.4643854e-02  2.4643900e-02  3.0256029e-10
5.046400000e+00  2.3557272e-02  2.3557300e-02  3.0427059e-10
5.111800000e+00  2.2529386e-02  2.2529401e-02  4.5123974e-10
5.177200000e+00  2.1556473e-02  2.1556500e-02  6.5890821e-10
5.242600000e+00  2.0635077e-02  2.0635100e-02  7.4595596e-10
5.308000000e+00  1.9761988e-02  1.9762000e-02  7.6609569e-10
5.373400000e+00  1.8934226e-02  1.8934200e-02  9.7498839e-10
5.438800000e+00  1.8149022e-02  1.8149000e-02  1.4622786e-09
5.504200000e+00  1.7403799e-02  1.7403800e-02  1.4440077e-09
5.569600000e+00  1.6696160e-02  1.6696200e-02  1.8511407e-09
5.635000000e+00  1.6023869e-02  1.6023900e-02  2.0008368e-09
5.700400000e+00  1.5384847e-02  1.5384800e-02  2.1833930e-09
5.765800000e+00  1.4777151e-02  1.4777100e-02  2.2590019e-09
5.831200000e+00  1.4198971e-02  1.4199000e-02  2.4474870e-09
5.896600000e+00  1.3648615e-02  1.3648600e-02  2.4640414e-09
5.962000000e+00  1.3124504e-02  1.3124500e-02  2.6112214e-09
6.027400000e+00  1.2625158e-02  1.2625200e-02  2.8011478e-09
6.092800000e+00  1.2149197e-02  1.2149200e-02  2.9151915e-09
6.158200000e+00  1.1695328e-02  1.1695300e-02  3.3228108e-09
6.223600000e+00  1.1262338e-02  1.1262300e-02  3.6603234e-09
6.289000000e+00  1.0849093e-02  1.0849100e-02  3.8684344e-09
6.354400000e+00  1.0454528e-02  1.0454500e-02  3.8031427e-09
6.419800000e+00  1.0077644e-02  1.0077600e-02  3.7065138e-09
6.485200000e+00  9.7175061e-03  9.7174998e-03  3.7134841e-09
6.550600000e+00  9.3732331e-03  9.3732299e-03  3.8425414e-09
6.616000000e+00  9.0439983e-03  9.0439897e-03  3.9617001e-09
6.681400000e+00  8.7290249e-03  8.7290201e-03  4.6711068e-09
6.746800000e+00  8.4275810e-03  8.4275799e-03  5.0475255e-09
6.812200000e+00  8.1389785e-03  8.1389695e-03  5.0587790e-09
6.877600000e+00  7.8625704e-03  7.8625698e-03  5.1582719e-09
6.943000000e+00  7.5977459e-03  7.5977398e-03  5.0676605e-09
7.008400000e+00  7.3439309e-03  7.3439302e-03  5.3374505e-09
7.073800000e+00  7.1005820e-03  7.1005798e-03  4.8147520e-09
7.139200000e+00  6.8671898e-03  6.8671801e-03  5.6368542e-09
7.204600000e+00  6.6432691e-03  6.6432599e-03  4.9711561e-09
7.270000000e+00  6.4283663e-03  6.4283600e-03  5.1321793e-09
7.335400000e+00  6.2220499e-03  6.2220399e-03  5.0048507e-09
7.400800000e+00  6.0239122e-03  6.0239099e-03  3.5438815e-09
7.466200000e+00  5.8335729e-03  5.8335699e-03  4.9824838e-09
7.531600000e+00  5.6506618e-03  5.6506600e-03  2.8831841e-09
7.597000000e+00  5.4748422e-03  5.4748398e-03  4.8550708e-09
7.662400000e+00  5.3057803e-03  5.3057801e-03  2.6260530e-09
7.727800000e+00  5.1431741e-03  5.1431698e-03  2.8790660e-09
7.793200000e+00  4.9867289e-03  4.9867299e-03  3.1200263e-09
7.858600000e+00  4.8361685e-03  4.8361602e-03  4.1050463e-09
7.924000000e+00  4.6912278e-03  4.6912199e-03  3.5200308e-09
7.989400000e+00  4.5516592e-03  4.5516598e-03  2.7794358e-09
8.054800000e+00  4.4172274e-03  4.4172201e-03  3.0477598e-09
8.120200000e+00  4.2877065e-03  4.2877002e-03  2.7758832e-09
8.185600000e+00  4.1628848e-03  4.1628801e-03  3.2220484e-09
8.251000000e+00  4.0425586e-03  4.0425598e-03  3.3079690e-09
8.316400000e+00  3.9265359e-03  3.9265300e-03  3.1371191e-09
8.381800000e+00  3.8146342e-03  3.8146300e-03  3.0687966e-09
8.447200000e+00  3.7066796e-03  3.7066799e-03  3.2381542e-09
8.512600000e+00  3.6025068e-03  3.6025001e-03  3.6399345e-09
8.578000000e+00  3.5019576e-03  3.5019501e-03  3.4278870e-09
8.643400000e+00  3.4048829e-03  3.4048799e-03  3.3728260e-09
8.708800000e+00  3.3111401e-03  3.3111400e-03  3.5061788e-09
8.774200000e+00  3.2205931e-03  3.2205901e-03  3.6764179e-09
8.839600000e+00  3.1331123e-03  3.1331100e-03  3.6958094e-09
8.905000000e+00  3.0485745e-03  3.0485699e-03  3.8529198e-09
8.970400000e+00  2.9668617e-03  2.9668601e-03  3.8258166e-09
9.035800000e+00  2.8878618e-03  2.8878599e-03  3.9079727e-09
9.101200000e+00  2.8114678e-03  2.8114601e-03  3.9868606e-09
9.166600000e+00  2.7375776e-03  2.7375701e-03  4.2262743e-09
9.232000000e+00  2.6660936e-03  2.6660899e-03  4.6866736e-09
9.297400000e+00  2.5969223e-03  2.5969199e-03  4.9864220e-09
9.362800000e+00  2.5299749e-03  2.5299699e-03  5.2545977e-09
9.428200000e+00  2.4651660e-03  2.4651601e-03  5.2566362e-09
9.493600000e+00  2.4024138e-03  2.4024099e-03  4.5078886e-09
9.559000000e+00  2.3416428e-03  2.3416399e-03  5.0912137e-09
9.624400000e+00  2.2827763e-03  2.2827699e-03  4.5901404e-09
9.689800000e+00  2.2257454e-03  2.2257401e-03  5.4342209e-09
9.755200000e+00  2.1704802e-03  2.1704701e-03  5.5677248e-09
9.820600000e+00  2.1169165e-03  2.1169099e-03  5.9173805e-09
9.886000000e+00  2.0649915e-03  2.0649901e-03  6.0597621e-09
9.951400000e+00  2.0146456e-03  2.0146400e-03  5.9315104e-09
1.001680000e+01  1.9658215e-03  1.9658201e-03  5.6312936e-09
1.008220000e+01  1.9184647e-03  1.9184600e-03  5.3314023e-09
1.014760000e+01  1.8725231e-03  1.8725200e-03  5.3373315e-09
1.021300000e+01  1.8279461e-03  1.8279400e-03  5.5011622e-09
1.027840000e+01  1.7846854e-03  1.7846799e-03  5.7026777e-09
1.034380000e+01  1.7426943e-03  1.7426900e-03  5.4942005e-09
1.040920000e+01  1.7019287e-03  1.7019199e-03  5.2911099e-09
1.047460000e+01  1.6623466e-03  1.6623400e-03  5.6467628e-09
1.054000000e+01  1.6239065e-03  1.6239000e-03  5.7739079e-09
1.060540000e+01  1.5865690e-03  1.5865600e-03  5.7456063e-09
1.067080000e+01  1.5502966e-03  1.5502900e-03  5.6769341e-09
1.073620000e+01  1.5150532e-03  1.5150500e-03  5.6036343e-09
1.080160000e+01  1.4808041e-03  1.4808000e-03  5.6098701e-09
1.086700000e+01  1.4475158e-03  1.4475100e-03  5.6065410e-09
1.093240000e+01  1.4151562e-03  1.4151500e-03  5.6221899e-09
1.099780000e+01  1.3836945e-03  1.3836900e-03  5.7416893e-09
1.106320000e+01  1.3531008e-03  1.3530999e-03  5.7001170e-09
1.112860000e+01  1.3233467e-03  1.3233400e-03  5.7411638e-09
1.119400000e+01  1.2944048e-03  1.2944000e-03  5.7797318e-09
1.125940000e+01  1.2662488e-03  1.2662400e-03  5.9226919e-09
1.132480000e+01  1.2388528e-03  1.2388499e-03  5.8938889e-09
1.139020000e+01  1.2121928e-03  1.2121900e-03  5.9278163e-09
1.145560000e+01  1.1862451e-03  1.1862400e-03  5.9801274e-09
1.152100000e+01  1.1609869e-03  1.1609800e-03  5.9934002e-09
1.158640000e+01  1.1363966e-03  1.1363900e-03  6.0371518e-09
1.165180000e+01  1.1124529e-03  1.1124500e-03  6.0617758e-09
1.171720000e+01  1.0891360e-03  1.0891299e-03  6.3520734e-09
1.178260000e+01  1.0664255e-03  1.0664200e-03  6.2183074e-09
1.184800000e+01  1.0443032e-03  1.0443000e-03  6.1761647e-09
1.191340000e+01  1.0227509e-03  1.0227400e-03  6.2520058e-09
1.197880000e+01  1.0017510e-03  1.0017400e-03  6.2415974e-09
1.204420000e+01  9.8128673e-04  9.8128000e-04  6.3187538e-09
1.210960000e+01  9.6134171e-04  9.6133503e-04  6.4247184e-09
1.217500000e+01  9.4190012e-04  9.4189402e-04  6.4130724e-09
1.224040000e+01  9.2294705e-04  9.2294102e-04  6.5310839e-09
1.230580000e+01  9.0446779e-04  9.0446102e-04  6.7006650e-09
1.237120000e+01  8.8644813e-04  8.8644098e-04  6.8558047e-09
1.243660000e+01  8.6887446e-04  8.6886698e-04  6.9857420e-09
1.250200000e+01  8.5173371e-04  8.5172697e-04  7.2005584e-09
1.256740000e+01  8.3501293e-04  8.3500601e-04  7.2651695e-09
1.263280000e+01  8.1870179e-04  8.1869302e-04  9.1221218e-09
1.269820000e+01  8.0278245e-04  8.0277602e-04  6.8205566e-09
1.276360000e+01  7.8725025e-04  7.8724301e-04  7.1390638e-09
1.282900000e+01  7.7209124e-04  7.7208399e-04  7.2098647e-09
1.289440000e+01  7.5729500e-04  7.5728801e-04  7.3302284e-09
1.295980000e+01  7.4285131e-04  7.4284401e-04  7.6383887e-09
1.302520000e+01  7.2875005e-04  7.2874199e-04  8.0212658e-09
1.309060000e+01  7.1498160e-04  7.1497302e-04  8.5306795e-09
1.315600000e+01  7.0153694e-04  7.0152699e-04  9.5142101e-09
1.322140000e+01  6.8840692e-04  6.8839599e-04  1.0883865e-08
1.328680000e+01  6.7558190e-04  6.7556999e-04  1.1758522e-08
1.335220000e+01  6.6305389e-04  6.6304102e-04  1.2630827e-08
1.341760000e+01  6.5081435e-04  6.5080100e-04  1.3165425e-08
1.348300000e+01  6.3885541e-04  6.3884200e-04  1.3445459e-08
1.354840000e+01  6.2716989e-04  6.2715600e-04  1.3967504e-08
1.361380000e+01  6.1574931e-04  6.1573600e-04  1.3693916e-08
1.367920000e+01  6.0458741e-04  6.0457399e-04  1.3598267e-08
1.374460000e+01  5.9367748e-04  5.9366401e-04  1.3923279e-08
1.381000000e+01  5.8301177e-04  5.8299798e-04  1.3707557e-08
1.387540000e+01  5.7257928e-04  5.7257101e-04  8.5061182e-09
1.394080000e+01  5.6238843e-04  5.6237500e-04  1.3072682e-08
1.400620000e+01  5.5241832e-04  5.5240601e-04  1.2661400e-08
1.407160000e+01  5.4266771e-04  5.4265599e-04  1.2016409e-08
1.413700000e+01  5.3313055e-04  5.3312001e-04  1.0843139e-08
1.420240000e+01  5.2380136e-04  5.2379200e-04  9.2870112e-09
1.426780000e+01  5.1467543e-04  5.1466702e-04  8.0551481e-09
1.433320000e+01  5.0574751e-04  5.0574000e-04  7.1948504e-09
1.439860000e+01  4.9701193e-04  4.9700600e-04  6.1055034e-09
1.446400000e+01  4.8846472e-04  4.8845902e-04  5.8071533e-09
1.452940000e+01  4.8010029e-04  4.8009501e-04  5.5136452e-09
1.459480000e+01  4.7191401e-04  4.7190901e-04  5.2589169e-09
1.466020000e+01  4.6390153e-04  4.6389599e-04  5.2112196e-09
1.472560000e+01  4.5605826e-04  4.5605301e-04  5.1946852e-09
1.479100000e+01  4.4837985e-04  4.4837501e-04  5.1082059e-09
1.485640000e+01  4.4086235e-04  4.4085699e-04  5.1454313e-09
1.492180000e+01  4.3350148e-04  4.3349600e-04  5.0485066e-09
1.498720000e+01  4.2629332e-04  4.2628901e-04  4.8020914e-09
1.505260000e+01  4.1923480e-04  4.1923000e-04  5.1328057e-09
1.511800000e+01  4.1232135e-04  4.1231600e-04  5.1305083e-09
1.518340000e+01  4.0554980e-04  4.0554500e-04  5.2226308e-09
1.524880000e+01  3.9891650e-04  3.9891101e-04  5.2325433e-09
1.531420000e+01  3.9241815e-04  3.9241300e-04  5.2122937e-09
1.537960000e+01  3.8605147e-04  3.8604601e-04  5.1838525e-09
1.544500000e+01  3.7981368e-04  3.7980801e-04  5.5473282e-09
1.551040000e+01  3.7370100e-04  3.7369499e-04  5.6202600e-09
1.557580000e+01  3.6771102e-04  3.6770501e-04  6.0029196e-09
1.564120000e+01  3.6184068e-04  3.6183401e-04  6.5609462e-09
1.570660000e+01  3.5608664e-04  3.5608001e-04  6.7967472e-09
1.577200000e+01  3.5044683e-04  3.5043899e-04  7.4140635e-09
1.583740000e+01  3.4491853e-04  3.4490999e-04  8.3800846e-09
1.590280000e+01  3.3949858e-04  3.3948899e-04  9.1455375e-09
1.596820000e+01  3.3418513e-04  3.3417501e-04  1.0408674e-08
1.603360000e+01  3.2897426e-04  3.2896400e-04  1.0737975e-08
1.609900000e+01  3.2386568e-04  3.2385299e-04  1.2234516e-08
1.616440000e+01  3.1885148e-04  3.1884201e-04  9.3487240e-09
1.622980000e+01  3.1393734e-04  3.1392701e-04  1.0019327e-08
1.629520000e+01  3.0911872e-04  3.0910701e-04  1.1946017e-08
1.636060000e+01  3.0439066e-04  3.0437799e-04  1.2321519e-08
1.642600000e+01  2.9975156e-04  2.9974000e-04  1.1642027e-08
1.649140000e+01  2.9520147e-04  2.9518901e-04  1.2013721e-08
1.655680000e+01  2.9073658e-04  2.9072500e-04  1.1621083e-08
1.662220000e+01  2.8635632e-04  2.8634400e-04  1.1823095e-08
1.668760000e+01  2.8205778e-04  2.8204601e-04  1.1602907e-08
1.675300000e+01  2.7783960e-04  2.7782799e-04  1.1448683e-08
1.681840000e+01  2.7369991e-04  2.7368899e-04  1.1275934e-08
1.688380000e+01  2.6963697e-04  2.6962601e-04  1.1086399e-08
1.694920000e+01  2.6564862e-04  2.6563799e-04  1.0436223e-08
1.701460000e+01  2.6173405e-04  2.6172400e-04  1.0158926e-08
1.708000000e+01  2.5789107e-04  2.5788101e-04  9.6719794e-09
1.714540000e+01  2.5411852e-04  2.5410901e-04  9.4088648e-09
1.721080000e+01  2.5041541e-04  2.5040601e-04  9.9000768e-09
1.727620000e+01  2.4677738e-04  2.4676899e-04  8.2846084e-09
1.734160000e+01  2.4320742e-04  2.4319800e-04  9.0129731e-09
1.740700000e+01  2.3969972e-04  2.3969200e-04  7.6737889e-09
1.747240000e+01  2.3625625e-04  2.3624900e-04  7.6508303e-09
1.753780000e+01  2.3287477e-04  2.3286699e-04  8.0306252e-09
1.760320000e+01  2.2955360e-04  2.2954500e-04  8.4555747e-09
1.766860000e+01  2.2628994e-04  2.2628299e-04  7.4163700e-09
1.773400000e+01  2.2308530e-04  2.2307799e-04  7.6695821e-09
1.779940000e+01  2.1993598e-04  2.1992900e-04  6.7320581e-09
1.786480000e+01  2.1684267e-04  2.1683599e-04  6.4970287e-09
1.793020000e+01  2.1380385e-04  2.1379700e-04  6.5829834e-09
1.799560000e+01  2.1081833e-04  2.1081101e-04  6.9597437e-09
1.806100000e+01  2.0788427e-04  2.0787700e-04  6.8716869e-09
1.812640000e+01  2.0500084e-04  2.0499399e-04  6.5814725e-09
1.819180000e+01  2.0216839e-04  2.0216100e-04  7.4781559e-09
1.825720000e+01  1.9938423e-04  1.9937599e-04  7.9122323e-09
1.832260000e+01  1.9664826e-04  1.9663900e-04  8.7895622e-09
1.838800000e+01  1.9395641e-04  1.9394900e-04  6.9990697e-09
1.845340000e+01  1.9131223e-04  1.9130499e-04  7.0669589e-09
1.851880000e+01  1.8871227e-04  1.8870601e-04  6.4724076e-09
1.858420000e+01  1.8615681e-04  1.8615001e-04  6.3903220e-09
1.864960000e+01  1.8364580e-04  1.8363800e-04  7.6753901e-09
1.871500000e+01  1.8117446e-04  1.8116800e-04  6.4093211e-09
1.878040000e+01  1.7874553e-04  1.7873901e-04  6.1866136e-09
1.884580000e+01  1.7635734e-04  1.7635099e-04  6.1611749e-09
1.891120000e+01  1.7400915e-04  1.7400300e-04  6.4070764e-09
1.897660000e+01  1.7170091e-04  1.7169300e-04  7.6532649e-09
1.904200000e+01  1.6942975e-04  1.6942200e-04  7.8127056e-09
1.910740000e+01  1.6719439e-04  1.6718800e-04  6.3565303e-09
1.917280000e+01  1.6499719e-04  1.6499100e-04  6.3726310e-09
1.923820000e+01  1.6283747e-04  1.6282999e-04  7.9192720e-09
1.930360000e+01  1.6071188e-04  1.6070400e-04  8.3263086e-09
1.936900000e+01  1.5861993e-04  1.5861201e-04  7.8185130e-09
1.943440000e+01  1.5656106e-04  1.5655500e-04  6.4831807e-09
1.949980000e+01  1.5453644e-04  1.5453000e-04  6.1609313e-09
1.956520000e+01  1.5254532e-04  1.5253900e-04  6.7433241e-09
1.963060000e+01  1.5058520e-04  1.5057900e-04  6.3561755e-09
1.969600000e+01  1.4865805e-04  1.4865000e-04  7.5844528e-09
1.976140000e+01  1.4676015e-04  1.4675299e-04  7.2998570e-09
1.982680000e+01  1.4489211e-04  1.4488499e-04  6.7042235e-09
1.989220000e+01  1.4305543e-04  1.4304800e-04  7.8757553e-09
1.995760000e+01  1.4124570e-04  1.4123900e-04  6.9578889e-09
