# 3D spectroscopic simulation - Spatial binning of 5 (195 calculations)
# ------------------------------------------------------------------------
# Radiance spectrum
# NASA-GSFC Planetary Spectrum Generator (PSG) (Villanueva et al. 2018, 2022)
# Synthesized on Tue Dec 10 09:33:21 2024
# Doppler velocities [km/s] (vobs,vrot+vorb,vwidth,vrfl,vstr): -21.10000,-0.00027,0.00000,-0.00000,0.00123
# ------------------------------------------------------------------------
# Spectra synthesized with the Planetary and Universal Model of Atmospheric Scattering (PUMAS, Villanueva et al. 2018, 2022)
# Multiple scattering method employing PSGDORT, NMAX:2 / LMAX:4 / gMAX:0.95
# Radiative transfer took 2.957 seconds
# ------------------------------------------------------------------------
# Spectral unit: Wavelength [um]
# Radiance unit: Spectral radiance [W/sr/m2/um]
# Wave/freq Total Noise Stellar Proxima-Cen-b
4.000000000e+00  2.1484386e+00  1.8607400e-05  2.1484400e+00  2.1531637e-07
4.065400000e+00  1.9713691e+00  1.7396200e-05  1.9713700e+00  1.7563654e-07
4.130800000e+00  1.8110084e+00  1.6279700e-05  1.8110100e+00  1.4468261e-07
4.196200000e+00  1.6655881e+00  1.5249300e-05  1.6655900e+00  1.7728525e-08
4.261600000e+00  1.5335466e+00  1.4297200e-05  1.5335500e+00  2.1668256e-10
4.327000000e+00  1.4135024e+00  1.3416600e-05  1.4135000e+00  4.4950034e-10
4.392400000e+00  1.3042316e+00  1.2601200e-05  1.3042300e+00  4.1337941e-09
4.457800000e+00  1.2046485e+00  1.1845400e-05  1.2046500e+00  6.7151505e-08
4.523200000e+00  1.1137880e+00  1.1144100e-05  1.1137900e+00  1.1599785e-07
4.588600000e+00  1.0307916e+00  1.0492800e-05  1.0307900e+00  1.1528263e-07
4.654000000e+00  9.5489409e-01  9.8873200e-06  9.5489405e-01  1.1246979e-07
4.719400000e+00  8.8541283e-01  9.3239000e-06  8.8541287e-01  8.6945683e-08
4.784800000e+00  8.2173771e-01  8.7991475e-06  8.2173774e-01  8.9171683e-08
4.850200000e+00  7.6332287e-01  8.3099694e-06  7.6332297e-01  8.8075640e-08
4.915600000e+00  7.0967932e-01  7.8535560e-06  7.0967924e-01  9.4965983e-08
4.981000000e+00  6.6036837e-01  7.4273514e-06  6.6036829e-01  9.0666341e-08
5.046400000e+00  6.1499607e-01  7.0290300e-06  6.1499600e-01  8.8043118e-08
5.111800000e+00  5.7320815e-01  6.6564683e-06  5.7320800e-01  8.1976184e-08
5.177200000e+00  5.3468565e-01  6.3077124e-06  5.3468580e-01  7.4405946e-08
5.242600000e+00  4.9914111e-01  5.9810000e-06  4.9914100e-01  7.4429555e-08
5.308000000e+00  4.6631511e-01  5.6747040e-06  4.6631500e-01  7.4212586e-08
5.373400000e+00  4.3597331e-01  5.3873366e-06  4.3597305e-01  7.0770623e-08
5.438800000e+00  4.0790378e-01  5.1175300e-06  4.0790400e-01  6.2780893e-08
5.504200000e+00  3.8191466e-01  4.8640350e-06  3.8191490e-01  6.7680588e-08
5.569600000e+00  3.5783205e-01  4.6257000e-06  3.5783200e-01  5.7337843e-08
5.635000000e+00  3.3549820e-01  4.4014700e-06  3.3549800e-01  5.2535127e-08
5.700400000e+00  3.1476987e-01  4.1903647e-06  3.1477000e-01  5.0413198e-08
5.765800000e+00  2.9551683e-01  3.9914900e-06  2.9551700e-01  4.8093365e-08
5.831200000e+00  2.7762057e-01  3.8040200e-06  2.7762074e-01  4.8106789e-08
5.896600000e+00  2.6097319e-01  3.6271904e-06  2.6097300e-01  4.0209097e-08
5.962000000e+00  2.4547630e-01  3.4603000e-06  2.4547600e-01  4.0169022e-08
6.027400000e+00  2.3104013e-01  3.3026900e-06  2.3104000e-01  4.3685955e-08
6.092800000e+00  2.1758270e-01  3.1537516e-06  2.1758300e-01  4.1748935e-08
6.158200000e+00  2.0502906e-01  3.0129400e-06  2.0502900e-01  4.8533687e-08
6.223600000e+00  1.9331065e-01  2.8797316e-06  1.9331100e-01  6.6276447e-08
6.289000000e+00  1.8236471e-01  2.7536500e-06  1.8236500e-01  7.8347481e-08
6.354400000e+00  1.7213369e-01  2.6342400e-06  1.7213400e-01  5.0892611e-08
6.419800000e+00  1.6256483e-01  2.5211000e-06  1.6256500e-01  4.4195362e-08
6.485200000e+00  1.5360969e-01  2.4138400e-06  1.5361000e-01  4.1696405e-08
6.550600000e+00  1.4522380e-01  2.3121000e-06  1.4522400e-01  4.2386940e-08
6.616000000e+00  1.3736624e-01  2.2155500e-06  1.3736600e-01  4.3160467e-08
6.681400000e+00  1.2999938e-01  2.1238866e-06  1.2999900e-01  5.8093095e-08
6.746800000e+00  1.2308857e-01  2.0368100e-06  1.2308899e-01  8.0032547e-08
6.812200000e+00  1.1660188e-01  1.9540600e-06  1.1660200e-01  6.6281353e-08
6.877600000e+00  1.1050989e-01  1.8753800e-06  1.1051000e-01  7.3395288e-08
6.943000000e+00  1.0478542e-01  1.8005300e-06  1.0478500e-01  7.8520926e-08
7.008400000e+00  9.9403396e-02  1.7293100e-06  9.9403394e-02  8.2084472e-08
7.073800000e+00  9.4340639e-02  1.6615000e-06  9.4340642e-02  8.8412364e-08
7.139200000e+00  8.9575722e-02  1.5969100e-06  8.9575714e-02  8.0275381e-08
7.204600000e+00  8.5088817e-02  1.5353600e-06  8.5088812e-02  8.9034064e-08
7.270000000e+00  8.0861569e-02  1.4766900e-06  8.0861568e-02  8.8519376e-08
7.335400000e+00  7.6876970e-02  1.4207347e-06  7.6876974e-02  8.8296036e-08
7.400800000e+00  7.3119256e-02  1.3673500e-06  7.3119263e-02  8.6549258e-08
7.466200000e+00  6.9573802e-02  1.3164000e-06  6.9573800e-02  8.9738817e-08
7.531600000e+00  6.6227035e-02  1.2677500e-06  6.6227027e-02  8.4040529e-08
7.597000000e+00  6.3066349e-02  1.2212800e-06  6.3066347e-02  9.2143448e-08
7.662400000e+00  6.0080028e-02  1.1768800e-06  6.0080012e-02  8.1291461e-08
7.727800000e+00  5.7257180e-02  1.1344300e-06  5.7257198e-02  8.3104107e-08
7.793200000e+00  5.4587671e-02  1.0938480e-06  5.4587685e-02  8.4097815e-08
7.858600000e+00  5.2062067e-02  1.0550200e-06  5.2062082e-02  8.7880203e-08
7.924000000e+00  4.9671581e-02  1.0178699e-06  4.9671600e-02  8.5349270e-08
7.989400000e+00  4.7408024e-02  9.8230020e-07  4.7408001e-02  8.0807607e-08
8.054800000e+00  4.5263762e-02  9.4824284e-07  4.5263774e-02  8.2047948e-08
8.120200000e+00  4.3231672e-02  9.1561871e-07  4.3231697e-02  8.0158655e-08
8.185600000e+00  4.1305105e-02  8.8435716e-07  4.1305100e-02  8.2588623e-08
8.251000000e+00  3.9477852e-02  8.5439159e-07  3.9477863e-02  8.2657576e-08
8.316400000e+00  3.7744112e-02  8.2565884e-07  3.7744100e-02  8.1110641e-08
8.381800000e+00  3.6098460e-02  7.9809940e-07  3.6098474e-02  8.0388513e-08
8.447200000e+00  3.4535824e-02  7.7165734e-07  3.4535800e-02  8.0846019e-08
8.512600000e+00  3.3051459e-02  7.4627936e-07  3.3051474e-02  8.2629178e-08
8.578000000e+00  3.1640919e-02  7.2191525e-07  3.1640900e-02  8.0789340e-08
8.643400000e+00  3.0300043e-02  6.9851742e-07  3.0300027e-02  7.9776169e-08
8.708800000e+00  2.9024930e-02  6.7604108e-07  2.9024900e-02  7.9872694e-08
8.774200000e+00  2.7811924e-02  6.5444345e-07  2.7811900e-02  8.0147876e-08
8.839600000e+00  2.6657594e-02  6.3368445e-07  2.6657600e-02  7.9068274e-08
8.905000000e+00  2.5558722e-02  6.1372588e-07  2.5558700e-02  7.9364599e-08
8.970400000e+00  2.4512287e-02  5.9453132e-07  2.4512300e-02  7.8886225e-08
9.035800000e+00  2.3515451e-02  5.7606645e-07  2.3515463e-02  7.9397092e-08
9.101200000e+00  2.2565549e-02  5.5829901e-07  2.2565547e-02  7.9167136e-08
9.166600000e+00  2.1660073e-02  5.4119777e-07  2.1660100e-02  7.9741922e-08
9.232000000e+00  2.0796668e-02  5.2473346e-07  2.0796700e-02  8.1611661e-08
9.297400000e+00  1.9973116e-02  5.0887845e-07  1.9973100e-02  8.2729303e-08
9.362800000e+00  1.9187330e-02  4.9360615e-07  1.9187300e-02  7.8325189e-08
9.428200000e+00  1.8437345e-02  4.7889105e-07  1.8437324e-02  6.1787255e-08
9.493600000e+00  1.7721312e-02  4.6470987e-07  1.7721300e-02  4.9421242e-08
9.559000000e+00  1.7037486e-02  4.5103973e-07  1.7037500e-02  6.3523796e-08
9.624400000e+00  1.6384223e-02  4.3785871e-07  1.6384200e-02  5.0852217e-08
9.689800000e+00  1.5759975e-02  4.2514657e-07  1.5760000e-02  5.9239523e-08
9.755200000e+00  1.5163277e-02  4.1288362e-07  1.5163300e-02  5.9947211e-08
9.820600000e+00  1.4592751e-02  4.0105115e-07  1.4592764e-02  6.4738146e-08
9.886000000e+00  1.4047095e-02  3.8963150e-07  1.4047100e-02  6.9749993e-08
9.951400000e+00  1.3525076e-02  3.7860791e-07  1.3525100e-02  7.3496097e-08
1.001680000e+01  1.3025534e-02  3.6796390e-07  1.3025500e-02  7.5229674e-08
1.008220000e+01  1.2547370e-02  3.5768427e-07  1.2547400e-02  7.5753071e-08
1.014760000e+01  1.2089546e-02  3.4775434e-07  1.2089514e-02  7.6112162e-08
1.021300000e+01  1.1651079e-02  3.3816010e-07  1.1651100e-02  7.6558637e-08
1.027840000e+01  1.1231040e-02  3.2888839e-07  1.1231000e-02  7.6590946e-08
1.034380000e+01  1.0828550e-02  3.1992628e-07  1.0828563e-02  7.4818787e-08
1.040920000e+01  1.0442777e-02  3.1126164e-07  1.0442800e-02  7.3133749e-08
1.047460000e+01  1.0072933e-02  3.0288308e-07  1.0072900e-02  7.3745199e-08
1.054000000e+01  9.7182700e-03  2.9477930e-07  9.7182699e-03  7.3424435e-08
1.060540000e+01  9.3780814e-03  2.8693971e-07  9.3780812e-03  7.2516112e-08
1.067080000e+01  9.0516962e-03  2.7935428e-07  9.0516965e-03  7.1437960e-08
1.073620000e+01  8.7384785e-03  2.7201328e-07  8.7384786e-03  7.0333705e-08
1.080160000e+01  8.4378249e-03  2.6490742e-07  8.4378247e-03  6.9556781e-08
1.086700000e+01  8.1491632e-03  2.5802793e-07  8.1491629e-03  6.8776731e-08
1.093240000e+01  7.8719503e-03  2.5136622e-07  7.8719500e-03  6.8062178e-08
1.099780000e+01  7.6056703e-03  2.4491429e-07  7.6056700e-03  6.7764566e-08
1.106320000e+01  7.3498335e-03  2.3866431e-07  7.3498329e-03  6.6780062e-08
1.112860000e+01  7.1039749e-03  2.3260889e-07  7.1039747e-03  6.6133443e-08
1.119400000e+01  6.8676523e-03  2.2674088e-07  6.8676512e-03  6.5485913e-08
1.125940000e+01  6.6404456e-03  2.2105341e-07  6.6404464e-03  6.5199888e-08
1.132480000e+01  6.4219554e-03  2.1554007e-07  6.4219563e-03  6.4338766e-08
1.139020000e+01  6.2118019e-03  2.1019446e-07  6.2118003e-03  6.3692748e-08
1.145560000e+01  6.0096236e-03  2.0501073e-07  6.0096227e-03  6.3113650e-08
1.152100000e+01  5.8150768e-03  1.9998299e-07  5.8150780e-03  6.2410572e-08
1.158640000e+01  5.6278341e-03  1.9510577e-07  5.6278333e-03  6.1805801e-08
1.165180000e+01  5.4475841e-03  1.9037373e-07  5.4475830e-03  6.1139942e-08
1.171720000e+01  5.2740300e-03  1.8578192e-07  5.2740300e-03  6.1417830e-08
1.178260000e+01  5.1068892e-03  1.8132521e-07  5.1068900e-03  6.0189428e-08
1.184800000e+01  4.9458924e-03  1.7699908e-07  4.9458903e-03  5.9318926e-08
1.191340000e+01  4.7907831e-03  1.7279906e-07  4.7907812e-03  5.8860383e-08
1.197880000e+01  4.6413165e-03  1.6872085e-07  4.6413180e-03  5.8105936e-08
1.204420000e+01  4.4972593e-03  1.6478097e-07  4.4972600e-03  5.7654537e-08
1.210960000e+01  4.3583892e-03  1.6095442e-07  4.3583900e-03  5.7268217e-08
1.217500000e+01  4.2244938e-03  1.5723742e-07  4.2244924e-03  5.6546136e-08
1.224040000e+01  4.0953706e-03  1.5362627e-07  4.0953700e-03  5.6216846e-08
1.230580000e+01  3.9708264e-03  1.5011739e-07  3.9708282e-03  5.6031853e-08
1.237120000e+01  3.8506765e-03  1.4670740e-07  3.8506784e-03  5.5761655e-08
1.243660000e+01  3.7347448e-03  1.4339303e-07  3.7347446e-03  5.5463545e-08
1.250200000e+01  3.6228628e-03  1.4017108e-07  3.6228600e-03  5.5314342e-08
1.256740000e+01  3.5148700e-03  1.3703866e-07  3.5148700e-03  5.4799563e-08
1.263280000e+01  3.4106125e-03  1.3399283e-07  3.4106100e-03  5.8525487e-08
1.269820000e+01  3.3099434e-03  1.3103041e-07  3.3099405e-03  5.2297635e-08
1.276360000e+01  3.2127225e-03  1.2814922e-07  3.2127200e-03  5.2462609e-08
1.282900000e+01  3.1188154e-03  1.2534640e-07  3.1188165e-03  5.2039530e-08
1.289440000e+01  3.0280938e-03  1.2261949e-07  3.0280912e-03  5.1731809e-08
1.295980000e+01  2.9404347e-03  1.1996614e-07  2.9404344e-03  5.1862799e-08
1.302520000e+01  2.8557207e-03  1.1738396e-07  2.8557200e-03  5.2221810e-08
1.309060000e+01  2.7738393e-03  1.1487073e-07  2.7738400e-03  5.2646205e-08
1.315600000e+01  2.6946828e-03  1.1242415e-07  2.6946800e-03  5.4182489e-08
1.322140000e+01  2.6181480e-03  1.1004232e-07  2.6181500e-03  5.6066162e-08
1.328680000e+01  2.5441362e-03  1.0772317e-07  2.5441393e-03  5.6570273e-08
1.335220000e+01  2.4725530e-03  1.0546491e-07  2.4725500e-03  5.6495391e-08
1.341760000e+01  2.4033076e-03  1.0326519e-07  2.4033100e-03  5.5755231e-08
1.348300000e+01  2.3363133e-03  1.0112290e-07  2.3363100e-03  5.0101985e-08
1.354840000e+01  2.2714869e-03  9.9035722e-08  2.2714900e-03  5.2689480e-08
1.361380000e+01  2.2087485e-03  9.7002231e-08  2.2087500e-03  5.0702976e-08
1.367920000e+01  2.1480216e-03  9.5020818e-08  2.1480200e-03  5.0012595e-08
1.374460000e+01  2.0892331e-03  9.3089934e-08  2.0892300e-03  5.1339499e-08
1.381000000e+01  2.0323124e-03  9.1207955e-08  2.0323100e-03  5.0001015e-08
1.387540000e+01  1.9771921e-03  8.9373050e-08  1.9771900e-03  2.8059622e-08
1.394080000e+01  1.9238075e-03  8.7585081e-08  1.9238100e-03  4.3994756e-08
1.400620000e+01  1.8720963e-03  8.5841461e-08  1.8721000e-03  4.1402686e-08
1.407160000e+01  1.8219989e-03  8.4141265e-08  1.8220000e-03  3.8181924e-08
1.413700000e+01  1.7734581e-03  8.2483207e-08  1.7734600e-03  3.3545081e-08
1.420240000e+01  1.7264188e-03  8.0866091e-08  1.7264200e-03  2.8251834e-08
1.426780000e+01  1.6808282e-03  7.9288749e-08  1.6808300e-03  2.4158816e-08
1.433320000e+01  1.6366355e-03  7.7750062e-08  1.6366382e-03  2.1303649e-08
1.439860000e+01  1.5937921e-03  7.6248882e-08  1.5937900e-03  1.8140885e-08
1.446400000e+01  1.5522509e-03  7.4784190e-08  1.5522500e-03  1.7189521e-08
1.452940000e+01  1.5119671e-03  7.3354904e-08  1.5119700e-03  1.6399210e-08
1.459480000e+01  1.4728972e-03  7.1960051e-08  1.4729000e-03  1.5868734e-08
1.466020000e+01  1.4349998e-03  7.0598625e-08  1.4350000e-03  1.5657470e-08
1.472560000e+01  1.3982348e-03  6.9269707e-08  1.3982330e-03  1.5528393e-08
1.479100000e+01  1.3625636e-03  6.7972398e-08  1.3625600e-03  1.5271262e-08
1.485640000e+01  1.3279493e-03  6.6705799e-08  1.3279500e-03  1.5190528e-08
1.492180000e+01  1.2943562e-03  6.5469088e-08  1.2943600e-03  1.4929187e-08
1.498720000e+01  1.2617501e-03  6.4261400e-08  1.2617500e-03  1.4215016e-08
1.505260000e+01  1.2300979e-03  6.3081998e-08  1.2301000e-03  1.4801990e-08
1.511800000e+01  1.1993680e-03  6.1930080e-08  1.1993700e-03  1.4650643e-08
1.518340000e+01  1.1695297e-03  6.0804894e-08  1.1695300e-03  1.4687759e-08
1.524880000e+01  1.1405536e-03  5.9705710e-08  1.1405500e-03  1.4572035e-08
1.531420000e+01  1.1124113e-03  5.8631888e-08  1.1124100e-03  1.4423647e-08
1.537960000e+01  1.0850756e-03  5.7582686e-08  1.0850799e-03  1.4217902e-08
1.544500000e+01  1.0585202e-03  5.6557485e-08  1.0585200e-03  1.4663003e-08
1.551040000e+01  1.0327197e-03  5.5555600e-08  1.0327200e-03  1.4684604e-08
1.557580000e+01  1.0076496e-03  5.4576499e-08  1.0076500e-03  1.5324068e-08
1.564120000e+01  9.8328655e-04  5.3619567e-08  9.8328663e-04  1.6401737e-08
1.570660000e+01  9.5960774e-04  5.2684163e-08  9.5960771e-04  1.6918208e-08
1.577200000e+01  9.3659133e-04  5.1769772e-08  9.3659130e-04  1.8257344e-08
1.583740000e+01  9.1421623e-04  5.0875871e-08  9.1421624e-04  2.0468341e-08
1.590280000e+01  8.9246211e-04  5.0001900e-08  8.9246210e-04  2.2243428e-08
1.596820000e+01  8.7130936e-04  4.9147377e-08  8.7130933e-04  2.5426974e-08
1.603360000e+01  8.5073906e-04  4.8311721e-08  8.5073903e-04  2.6415679e-08
1.609900000e+01  8.3073295e-04  4.7494616e-08  8.3073297e-04  3.1260734e-08
1.616440000e+01  8.1127342e-04  4.6695134e-08  8.1127344e-04  2.2585145e-08
1.622980000e+01  7.9234348e-04  4.5913445e-08  7.9234347e-04  2.4050313e-08
1.629520000e+01  7.7392673e-04  4.5148955e-08  7.7392680e-04  2.9470345e-08
1.636060000e+01  7.5600733e-04  4.4401021e-08  7.5600729e-04  3.0923812e-08
1.642600000e+01  7.3857000e-04  4.3669234e-08  7.3857000e-04  2.8438153e-08
1.649140000e+01  7.2159997e-04  4.2953404e-08  7.2160000e-04  2.9946036e-08
1.655680000e+01  7.0508298e-04  4.2252955e-08  7.0508300e-04  2.8435905e-08
1.662220000e+01  6.8900529e-04  4.1567674e-08  6.8900521e-04  2.9955093e-08
1.668760000e+01  6.7335357e-04  4.0897046e-08  6.7335364e-04  2.8911867e-08
1.675300000e+01  6.5811500e-04  4.0240765e-08  6.5811500e-04  2.7512312e-08
1.681840000e+01  6.4327715e-04  3.9598578e-08  6.4327702e-04  2.8573441e-08
1.688380000e+01  6.2882803e-04  3.8970033e-08  6.2882800e-04  2.8167835e-08
1.694920000e+01  6.1475605e-04  3.8354850e-08  6.1475600e-04  2.8005573e-08
1.701460000e+01  6.0105000e-04  3.7752718e-08  6.0105000e-04  2.7713092e-08
1.708000000e+01  5.8769905e-04  3.7163304e-08  5.8769900e-04  2.7017744e-08
1.714540000e+01  5.7469273e-04  3.6586340e-08  5.7469287e-04  2.6576287e-08
1.721080000e+01  5.6202091e-04  3.6021510e-08  5.6202100e-04  2.5834681e-08
1.727620000e+01  5.4967380e-04  3.5468554e-08  5.4967397e-04  2.5032660e-08
1.734160000e+01  5.3764192e-04  3.4927208e-08  5.3764200e-04  2.4750826e-08
1.740700000e+01  5.2591611e-04  3.4397178e-08  5.2591600e-04  2.3743482e-08
1.747240000e+01  5.1448751e-04  3.3878240e-08  5.1448763e-04  2.3404055e-08
1.753780000e+01  5.0334754e-04  3.3370125e-08  5.0334763e-04  2.3242347e-08
1.760320000e+01  4.9248791e-04  3.2872599e-08  4.9248800e-04  2.3354216e-08
1.766860000e+01  4.8190058e-04  3.2385375e-08  4.8190065e-04  2.2021308e-08
1.773400000e+01  4.7157778e-04  3.1908310e-08  4.7157799e-04  2.1846122e-08
1.779940000e+01  4.6151198e-04  3.1441110e-08  4.6151200e-04  2.1017765e-08
1.786480000e+01  4.5169590e-04  3.0983599e-08  4.5169600e-04  2.0476066e-08
1.793020000e+01  4.4212248e-04  3.0535563e-08  4.4212247e-04  2.0372654e-08
1.799560000e+01  4.3278490e-04  3.0096771e-08  4.3278500e-04  2.0442968e-08
1.806100000e+01  4.2367653e-04  2.9667054e-08  4.2367663e-04  2.0114463e-08
1.812640000e+01  4.1479098e-04  2.9246188e-08  4.1479100e-04  1.9708528e-08
1.819180000e+01  4.0612204e-04  2.8834023e-08  4.0612200e-04  2.0348725e-08
1.825720000e+01  3.9766369e-04  2.8430350e-08  3.9766393e-04  2.0571077e-08
1.832260000e+01  3.8941011e-04  2.8034973e-08  3.8941000e-04  2.0296849e-08
1.838800000e+01  3.8135565e-04  2.7647708e-08  3.8135584e-04  1.9242505e-08
1.845340000e+01  3.7349485e-04  2.7268439e-08  3.7349500e-04  1.8866007e-08
1.851880000e+01  3.6582240e-04  2.6896971e-08  3.6582224e-04  1.8368267e-08
1.858420000e+01  3.5833316e-04  2.6533167e-08  3.5833300e-04  1.8085806e-08
1.864960000e+01  3.5102215e-04  2.6176871e-08  3.5102200e-04  1.8600799e-08
1.871500000e+01  3.4388454e-04  2.5827872e-08  3.4388464e-04  1.7750201e-08
1.878040000e+01  3.3691566e-04  2.5486085e-08  3.3691593e-04  1.7260743e-08
1.884580000e+01  3.3011094e-04  2.5151351e-08  3.3011100e-04  1.7052885e-08
1.891120000e+01  3.2346600e-04  2.4823548e-08  3.2346600e-04  1.7203248e-08
1.897660000e+01  3.1697656e-04  2.4502518e-08  3.1697666e-04  1.7849751e-08
1.904200000e+01  3.1063847e-04  2.4188101e-08  3.1063844e-04  1.7452529e-08
1.910740000e+01  3.0444772e-04  2.3880184e-08  3.0444800e-04  1.6643689e-08
1.917280000e+01  2.9840040e-04  2.3578677e-08  2.9840018e-04  1.6475776e-08
1.923820000e+01  2.9249274e-04  2.3283470e-08  2.9249300e-04  1.7222902e-08
1.930360000e+01  2.8672104e-04  2.2994360e-08  2.8672100e-04  1.6873279e-08
1.936900000e+01  2.8108177e-04  2.2711284e-08  2.8108200e-04  1.6939254e-08
1.943440000e+01  2.7557144e-04  2.2434103e-08  2.7557129e-04  1.5983201e-08
1.949980000e+01  2.7018671e-04  2.2162732e-08  2.7018700e-04  1.5378434e-08
1.956520000e+01  2.6492431e-04  2.1897087e-08  2.6492400e-04  1.5747648e-08
1.963060000e+01  2.5978109e-04  2.1637002e-08  2.5978100e-04  1.5304721e-08
1.969600000e+01  2.5475395e-04  2.1382423e-08  2.5475400e-04  1.5471602e-08
1.976140000e+01  2.4983993e-04  2.1133222e-08  2.4984000e-04  1.5389467e-08
1.982680000e+01  2.4503612e-04  2.0889310e-08  2.4503600e-04  1.5224619e-08
1.989220000e+01  2.4033970e-04  2.0650595e-08  2.4034000e-04  1.5316144e-08
1.995760000e+01  2.3574795e-04  2.0416958e-08  2.3574800e-04  1.4789285e-08
