# 3D spectroscopic simulation - Spatial binning of 5 (193 calculations)
# ------------------------------------------------------------------------
# Radiance spectrum
# NASA-GSFC Planetary Spectrum Generator (PSG) (Villanueva et al. 2018, 2022)
# Synthesized on Tue Dec 10 10:44:57 2024
# Doppler velocities [km/s] (vobs,vrot+vorb,vwidth,vrfl,vstr): -21.10000,-0.00010,0.00000,-0.00000,0.00116
# ------------------------------------------------------------------------
# Spectra synthesized with the Planetary and Universal Model of Atmospheric Scattering (PUMAS, Villanueva et al. 2018, 2022)
# Multiple scattering method employing PSGDORT, NMAX:2 / LMAX:4 / gMAX:0.95
# Radiative transfer took 2.905 seconds
# ------------------------------------------------------------------------
# Spectral unit: Wavelength [um]
# Radiance unit: Spectral radiance [W/sr/m2/um]
# Wave/freq Total Noise Stellar Proxima-Cen-b
4.000000000e+00  2.1484386e+00  1.8607400e-05  2.1484400e+00  1.5514946e-07
4.065400000e+00  1.9713691e+00  1.7396200e-05  1.9713700e+00  1.2712722e-07
4.130800000e+00  1.8110084e+00  1.6279700e-05  1.8110100e+00  1.0618189e-07
4.196200000e+00  1.6655881e+00  1.5249300e-05  1.6655900e+00  1.4636182e-08
4.261600000e+00  1.5335466e+00  1.4297200e-05  1.5335500e+00  2.1492171e-10
4.327000000e+00  1.4135024e+00  1.3416600e-05  1.4135000e+00  4.9310178e-10
4.392400000e+00  1.3042317e+00  1.2601200e-05  1.3042300e+00  4.1503544e-09
4.457800000e+00  1.2046485e+00  1.1845400e-05  1.2046500e+00  5.2961245e-08
4.523200000e+00  1.1137880e+00  1.1144100e-05  1.1137900e+00  8.5719981e-08
4.588600000e+00  1.0307916e+00  1.0492800e-05  1.0307900e+00  8.5507029e-08
4.654000000e+00  9.5489409e-01  9.8873200e-06  9.5489405e-01  8.4816081e-08
4.719400000e+00  8.8541283e-01  9.3239000e-06  8.8541287e-01  6.7352672e-08
4.784800000e+00  8.2173771e-01  8.7991466e-06  8.2173774e-01  7.0177768e-08
4.850200000e+00  7.6332287e-01  8.3099687e-06  7.6332297e-01  7.0872097e-08
4.915600000e+00  7.0967932e-01  7.8535561e-06  7.0967923e-01  7.6584829e-08
4.981000000e+00  6.6036837e-01  7.4273514e-06  6.6036828e-01  7.4427818e-08
5.046400000e+00  6.1499607e-01  7.0290300e-06  6.1499600e-01  7.3087585e-08
5.111800000e+00  5.7320815e-01  6.6564675e-06  5.7320800e-01  7.0017135e-08
5.177200000e+00  5.3468565e-01  6.3077124e-06  5.3468580e-01  6.4932061e-08
5.242600000e+00  4.9914111e-01  5.9810000e-06  4.9914100e-01  6.5820705e-08
5.308000000e+00  4.6631511e-01  5.6747041e-06  4.6631500e-01  6.6317062e-08
5.373400000e+00  4.3597331e-01  5.3873365e-06  4.3597305e-01  6.4261771e-08
5.438800000e+00  4.0790378e-01  5.1175300e-06  4.0790400e-01  5.7953327e-08
5.504200000e+00  3.8191465e-01  4.8640358e-06  3.8191492e-01  6.2536078e-08
5.569600000e+00  3.5783204e-01  4.6257000e-06  3.5783200e-01  5.3090710e-08
5.635000000e+00  3.3549820e-01  4.4014700e-06  3.3549800e-01  4.8651003e-08
5.700400000e+00  3.1476987e-01  4.1903649e-06  3.1477000e-01  4.6783590e-08
5.765800000e+00  2.9551683e-01  3.9914900e-06  2.9551700e-01  4.4741817e-08
5.831200000e+00  2.7762057e-01  3.8040200e-06  2.7762074e-01  4.4818739e-08
5.896600000e+00  2.6097319e-01  3.6271904e-06  2.6097300e-01  3.7739380e-08
5.962000000e+00  2.4547630e-01  3.4603000e-06  2.4547600e-01  3.7826745e-08
6.027400000e+00  2.3104013e-01  3.3026900e-06  2.3104000e-01  4.0799316e-08
6.092800000e+00  2.1758269e-01  3.1537514e-06  2.1758300e-01  3.9093441e-08
6.158200000e+00  2.0502906e-01  3.0129400e-06  2.0502900e-01  4.5485387e-08
6.223600000e+00  1.9331065e-01  2.8797313e-06  1.9331100e-01  6.2094202e-08
6.289000000e+00  1.8236471e-01  2.7536500e-06  1.8236500e-01  7.3747255e-08
6.354400000e+00  1.7213369e-01  2.6342400e-06  1.7213400e-01  4.7805634e-08
6.419800000e+00  1.6256483e-01  2.5211000e-06  1.6256500e-01  4.1541963e-08
6.485200000e+00  1.5360969e-01  2.4138400e-06  1.5361000e-01  3.9261742e-08
6.550600000e+00  1.4522380e-01  2.3121000e-06  1.4522400e-01  4.0140107e-08
6.616000000e+00  1.3736624e-01  2.2155500e-06  1.3736600e-01  4.0819431e-08
6.681400000e+00  1.2999938e-01  2.1238867e-06  1.2999900e-01  5.5279047e-08
6.746800000e+00  1.2308857e-01  2.0368100e-06  1.2308899e-01  7.6374113e-08
6.812200000e+00  1.1660188e-01  1.9540600e-06  1.1660200e-01  6.3289887e-08
6.877600000e+00  1.1050989e-01  1.8753800e-06  1.1051000e-01  7.0349335e-08
6.943000000e+00  1.0478542e-01  1.8005300e-06  1.0478500e-01  7.6129656e-08
7.008400000e+00  9.9403396e-02  1.7293100e-06  9.9403394e-02  7.9694201e-08
7.073800000e+00  9.4340639e-02  1.6615000e-06  9.4340642e-02  8.7246628e-08
7.139200000e+00  8.9575722e-02  1.5969100e-06  8.9575714e-02  7.8292143e-08
7.204600000e+00  8.5088817e-02  1.5353600e-06  8.5088811e-02  8.8289321e-08
7.270000000e+00  8.0861568e-02  1.4766900e-06  8.0861568e-02  8.7836554e-08
7.335400000e+00  7.6876970e-02  1.4207352e-06  7.6876974e-02  8.8110671e-08
7.400800000e+00  7.3119256e-02  1.3673500e-06  7.3119263e-02  8.8594999e-08
7.466200000e+00  6.9573802e-02  1.3164000e-06  6.9573800e-02  9.0075667e-08
7.531600000e+00  6.6227035e-02  1.2677500e-06  6.6227026e-02  8.7336300e-08
7.597000000e+00  6.3066349e-02  1.2212800e-06  6.3066347e-02  9.3161602e-08
7.662400000e+00  6.0080028e-02  1.1768800e-06  6.0080012e-02  8.5091037e-08
7.727800000e+00  5.7257180e-02  1.1344300e-06  5.7257198e-02  8.6762238e-08
7.793200000e+00  5.4587671e-02  1.0938477e-06  5.4587685e-02  8.7738606e-08
7.858600000e+00  5.2062067e-02  1.0550200e-06  5.2062082e-02  9.0560519e-08
7.924000000e+00  4.9671581e-02  1.0178699e-06  4.9671600e-02  8.8899982e-08
7.989400000e+00  4.7408024e-02  9.8230025e-07  4.7408000e-02  8.5236665e-08
8.054800000e+00  4.5263762e-02  9.4824287e-07  4.5263777e-02  8.6329306e-08
8.120200000e+00  4.3231672e-02  9.1561876e-07  4.3231697e-02  8.4805505e-08
8.185600000e+00  4.1305105e-02  8.8435719e-07  4.1305100e-02  8.6969242e-08
8.251000000e+00  3.9477852e-02  8.5439165e-07  3.9477863e-02  8.7041815e-08
8.316400000e+00  3.7744111e-02  8.2565889e-07  3.7744100e-02  8.5726657e-08
8.381800000e+00  3.6098460e-02  7.9809946e-07  3.6098475e-02  8.5174818e-08
8.447200000e+00  3.4535825e-02  7.7165737e-07  3.4535800e-02  8.5537628e-08
8.512600000e+00  3.3051459e-02  7.4627940e-07  3.3051474e-02  8.7032792e-08
8.578000000e+00  3.1640919e-02  7.2191526e-07  3.1640900e-02  8.5470086e-08
8.643400000e+00  3.0300043e-02  6.9851745e-07  3.0300026e-02  8.4521121e-08
8.708800000e+00  2.9024930e-02  6.7604114e-07  2.9024900e-02  8.4537628e-08
8.774200000e+00  2.7811924e-02  6.5444355e-07  2.7811900e-02  8.4687745e-08
8.839600000e+00  2.6657594e-02  6.3368454e-07  2.6657600e-02  8.3608543e-08
8.905000000e+00  2.5558722e-02  6.1372591e-07  2.5558700e-02  8.3798857e-08
8.970400000e+00  2.4512287e-02  5.9453132e-07  2.4512300e-02  8.3412013e-08
9.035800000e+00  2.3515451e-02  5.7606654e-07  2.3515463e-02  8.3934083e-08
9.101200000e+00  2.2565549e-02  5.5829902e-07  2.2565546e-02  8.3667468e-08
9.166600000e+00  2.1660073e-02  5.4119785e-07  2.1660100e-02  8.4033558e-08
9.232000000e+00  2.0796668e-02  5.2473360e-07  2.0796700e-02  8.5503116e-08
9.297400000e+00  1.9973116e-02  5.0887853e-07  1.9973100e-02  8.6402197e-08
9.362800000e+00  1.9187330e-02  4.9360616e-07  1.9187300e-02  8.1547426e-08
9.428200000e+00  1.8437345e-02  4.7889109e-07  1.8437323e-02  6.3732760e-08
9.493600000e+00  1.7721312e-02  4.6470980e-07  1.7721300e-02  5.0937810e-08
9.559000000e+00  1.7037486e-02  4.5103977e-07  1.7037500e-02  6.5969864e-08
9.624400000e+00  1.6384223e-02  4.3785864e-07  1.6384200e-02  5.2706634e-08
9.689800000e+00  1.5759974e-02  4.2514658e-07  1.5760000e-02  6.1121562e-08
9.755200000e+00  1.5163277e-02  4.1288363e-07  1.5163300e-02  6.1849379e-08
9.820600000e+00  1.4592751e-02  4.0105120e-07  1.4592763e-02  6.6844456e-08
9.886000000e+00  1.4047095e-02  3.8963160e-07  1.4047100e-02  7.2230766e-08
9.951400000e+00  1.3525076e-02  3.7860798e-07  1.3525100e-02  7.6420940e-08
1.001680000e+01  1.3025534e-02  3.6796394e-07  1.3025500e-02  7.8598561e-08
1.008220000e+01  1.2547370e-02  3.5768428e-07  1.2547400e-02  7.9510910e-08
1.014760000e+01  1.2089546e-02  3.4775434e-07  1.2089514e-02  7.9964710e-08
1.021300000e+01  1.1651079e-02  3.3816015e-07  1.1651100e-02  8.0368801e-08
1.027840000e+01  1.1231040e-02  3.2888842e-07  1.1231000e-02  8.0291876e-08
1.034380000e+01  1.0828550e-02  3.1992630e-07  1.0828562e-02  7.8702491e-08
1.040920000e+01  1.0442777e-02  3.1126174e-07  1.0442800e-02  7.7185332e-08
1.047460000e+01  1.0072933e-02  3.0288309e-07  1.0072900e-02  7.7563838e-08
1.054000000e+01  9.7182700e-03  2.9477932e-07  9.7182698e-03  7.7166358e-08
1.060540000e+01  9.3780814e-03  2.8693979e-07  9.3780812e-03  7.6281015e-08
1.067080000e+01  9.0516962e-03  2.7935431e-07  9.0516964e-03  7.5261608e-08
1.073620000e+01  8.7384784e-03  2.7201329e-07  8.7384787e-03  7.4209691e-08
1.080160000e+01  8.4378249e-03  2.6490748e-07  8.4378247e-03  7.3436458e-08
1.086700000e+01  8.1491632e-03  2.5802795e-07  8.1491628e-03  7.2648699e-08
1.093240000e+01  7.8719503e-03  2.5136624e-07  7.8719500e-03  7.1914150e-08
1.099780000e+01  7.6056703e-03  2.4491428e-07  7.6056700e-03  7.1543878e-08
1.106320000e+01  7.3498335e-03  2.3866434e-07  7.3498328e-03  7.0563992e-08
1.112860000e+01  7.1039749e-03  2.3260895e-07  7.1039747e-03  6.9880691e-08
1.119400000e+01  6.8676523e-03  2.2674095e-07  6.8676512e-03  6.9197920e-08
1.125940000e+01  6.6404456e-03  2.2105349e-07  6.6404463e-03  6.8831040e-08
1.132480000e+01  6.4219554e-03  2.1554009e-07  6.4219563e-03  6.7961054e-08
1.139020000e+01  6.2118019e-03  2.1019453e-07  6.2118003e-03  6.7278547e-08
1.145560000e+01  6.0096236e-03  2.0501082e-07  6.0096226e-03  6.6655738e-08
1.152100000e+01  5.8150768e-03  1.9998303e-07  5.8150780e-03  6.5924716e-08
1.158640000e+01  5.6278341e-03  1.9510586e-07  5.6278336e-03  6.5276949e-08
1.165180000e+01  5.4475841e-03  1.9037383e-07  5.4475833e-03  6.4578145e-08
1.171720000e+01  5.2740300e-03  1.8578198e-07  5.2740300e-03  6.4690481e-08
1.178260000e+01  5.1068892e-03  1.8132520e-07  5.1068900e-03  6.3509995e-08
1.184800000e+01  4.9458924e-03  1.7699914e-07  4.9458903e-03  6.2635996e-08
1.191340000e+01  4.7907831e-03  1.7279911e-07  4.7907811e-03  6.2116404e-08
1.197880000e+01  4.6413164e-03  1.6872094e-07  4.6413180e-03  6.1342554e-08
1.204420000e+01  4.4972593e-03  1.6478103e-07  4.4972600e-03  6.0826549e-08
1.210960000e+01  4.3583892e-03  1.6095448e-07  4.3583900e-03  6.0371418e-08
1.217500000e+01  4.2244938e-03  1.5723747e-07  4.2244923e-03  5.9620403e-08
1.224040000e+01  4.0953706e-03  1.5362626e-07  4.0953700e-03  5.9203364e-08
1.230580000e+01  3.9708264e-03  1.5011742e-07  3.9708282e-03  5.8901686e-08
1.237120000e+01  3.8506765e-03  1.4670742e-07  3.8506784e-03  5.8523736e-08
1.243660000e+01  3.7347448e-03  1.4339309e-07  3.7347445e-03  5.8123058e-08
1.250200000e+01  3.6228628e-03  1.4017113e-07  3.6228600e-03  5.7825941e-08
1.256740000e+01  3.5148700e-03  1.3703872e-07  3.5148700e-03  5.7256488e-08
1.263280000e+01  3.4106125e-03  1.3399285e-07  3.4106100e-03  5.9841735e-08
1.269820000e+01  3.3099434e-03  1.3103044e-07  3.3099405e-03  5.4937586e-08
1.276360000e+01  3.2127225e-03  1.2814922e-07  3.2127200e-03  5.4898566e-08
1.282900000e+01  3.1188154e-03  1.2534642e-07  3.1188164e-03  5.4409542e-08
1.289440000e+01  3.0280938e-03  1.2261953e-07  3.0280912e-03  5.4005355e-08
1.295980000e+01  2.9404347e-03  1.1996619e-07  2.9404345e-03  5.3946705e-08
1.302520000e+01  2.8557207e-03  1.1738407e-07  2.8557200e-03  5.4065885e-08
1.309060000e+01  2.7738393e-03  1.1487076e-07  2.7738400e-03  5.4160207e-08
1.315600000e+01  2.6946827e-03  1.1242420e-07  2.6946800e-03  5.5142077e-08
1.322140000e+01  2.6181480e-03  1.1004237e-07  2.6181500e-03  5.6223639e-08
1.328680000e+01  2.5441362e-03  1.0772320e-07  2.5441394e-03  5.6220823e-08
1.335220000e+01  2.4725530e-03  1.0546486e-07  2.4725500e-03  5.5596780e-08
1.341760000e+01  2.4033076e-03  1.0326525e-07  2.4033100e-03  5.4488995e-08
1.348300000e+01  2.3363133e-03  1.0112280e-07  2.3363100e-03  4.8267735e-08
1.354840000e+01  2.2714869e-03  9.9035683e-08  2.2714900e-03  5.0704998e-08
1.361380000e+01  2.2087485e-03  9.7002200e-08  2.2087500e-03  4.8813983e-08
1.367920000e+01  2.1480216e-03  9.5020785e-08  2.1480200e-03  4.8167789e-08
1.374460000e+01  2.0892331e-03  9.3089892e-08  2.0892300e-03  4.9495051e-08
1.381000000e+01  2.0323124e-03  9.1207914e-08  2.0323100e-03  4.8151475e-08
1.387540000e+01  1.9771921e-03  8.9373037e-08  1.9771900e-03  2.7329309e-08
1.394080000e+01  1.9238075e-03  8.7585044e-08  1.9238100e-03  4.2229551e-08
1.400620000e+01  1.8720963e-03  8.5841425e-08  1.8721000e-03  3.9767129e-08
1.407160000e+01  1.8219989e-03  8.4141235e-08  1.8220000e-03  3.6745727e-08
1.413700000e+01  1.7734581e-03  8.2483188e-08  1.7734600e-03  3.2459737e-08
1.420240000e+01  1.7264188e-03  8.0866072e-08  1.7264200e-03  2.7559192e-08
1.426780000e+01  1.6808282e-03  7.9288740e-08  1.6808300e-03  2.3725232e-08
1.433320000e+01  1.6366355e-03  7.7750055e-08  1.6366382e-03  2.0991779e-08
1.439860000e+01  1.5937921e-03  7.6248878e-08  1.5937900e-03  1.7952607e-08
1.446400000e+01  1.5522509e-03  7.4784189e-08  1.5522500e-03  1.7030809e-08
1.452940000e+01  1.5119671e-03  7.3354900e-08  1.5119700e-03  1.6273951e-08
1.459480000e+01  1.4728972e-03  7.1960046e-08  1.4729000e-03  1.5779330e-08
1.466020000e+01  1.4349998e-03  7.0598621e-08  1.4350000e-03  1.5576689e-08
1.472560000e+01  1.3982348e-03  6.9269703e-08  1.3982333e-03  1.5450482e-08
1.479100000e+01  1.3625636e-03  6.7972398e-08  1.3625600e-03  1.5204495e-08
1.485640000e+01  1.3279493e-03  6.6705800e-08  1.3279500e-03  1.5122397e-08
1.492180000e+01  1.2943562e-03  6.5469089e-08  1.2943600e-03  1.4864466e-08
1.498720000e+01  1.2617501e-03  6.4261400e-08  1.2617500e-03  1.4231531e-08
1.505260000e+01  1.2300979e-03  6.3081998e-08  1.2301000e-03  1.4738331e-08
1.511800000e+01  1.1993680e-03  6.1930080e-08  1.1993700e-03  1.4585638e-08
1.518340000e+01  1.1695297e-03  6.0804894e-08  1.1695300e-03  1.4616567e-08
1.524880000e+01  1.1405536e-03  5.9705704e-08  1.1405500e-03  1.4501353e-08
1.531420000e+01  1.1124113e-03  5.8631889e-08  1.1124100e-03  1.4353640e-08
1.537960000e+01  1.0850756e-03  5.7582686e-08  1.0850799e-03  1.4149877e-08
1.544500000e+01  1.0585202e-03  5.6557485e-08  1.0585200e-03  1.4555180e-08
1.551040000e+01  1.0327197e-03  5.5555600e-08  1.0327200e-03  1.4572778e-08
1.557580000e+01  1.0076496e-03  5.4576499e-08  1.0076500e-03  1.5178248e-08
1.564120000e+01  9.8328655e-04  5.3619562e-08  9.8328663e-04  1.6206500e-08
1.570660000e+01  9.5960774e-04  5.2684155e-08  9.5960770e-04  1.6697548e-08
1.577200000e+01  9.3659133e-04  5.1769766e-08  9.3659130e-04  1.7966558e-08
1.583740000e+01  9.1421623e-04  5.0875857e-08  9.1421623e-04  2.0038001e-08
1.590280000e+01  8.9246211e-04  5.0001886e-08  8.9246209e-04  2.1681462e-08
1.596820000e+01  8.7130936e-04  4.9147348e-08  8.7130936e-04  2.4608135e-08
1.603360000e+01  8.5073906e-04  4.8311699e-08  8.5073903e-04  2.5530209e-08
1.609900000e+01  8.3073295e-04  4.7494587e-08  8.3073297e-04  3.0115217e-08
1.616440000e+01  8.1127342e-04  4.6695122e-08  8.1127344e-04  2.1915919e-08
1.622980000e+01  7.9234348e-04  4.5913429e-08  7.9234347e-04  2.3311449e-08
1.629520000e+01  7.7392673e-04  4.5148921e-08  7.7392680e-04  2.8376584e-08
1.636060000e+01  7.5600733e-04  4.4400989e-08  7.5600728e-04  2.9799303e-08
1.642600000e+01  7.3857000e-04  4.3669203e-08  7.3857000e-04  2.7432566e-08
1.649140000e+01  7.2159997e-04  4.2953375e-08  7.2160000e-04  2.8921913e-08
1.655680000e+01  7.0508298e-04  4.2252930e-08  7.0508300e-04  2.7485607e-08
1.662220000e+01  6.8900529e-04  4.1567655e-08  6.8900521e-04  2.9065140e-08
1.668760000e+01  6.7335358e-04  4.0897019e-08  6.7335363e-04  2.8046202e-08
1.675300000e+01  6.5811500e-04  4.0240739e-08  6.5811500e-04  2.6616067e-08
1.681840000e+01  6.4327715e-04  3.9598560e-08  6.4327702e-04  2.7870050e-08
1.688380000e+01  6.2882803e-04  3.8970016e-08  6.2882800e-04  2.7589471e-08
1.694920000e+01  6.1475605e-04  3.8354840e-08  6.1475600e-04  2.7639092e-08
1.701460000e+01  6.0105000e-04  3.7752711e-08  6.0105000e-04  2.7446427e-08
1.708000000e+01  5.8769905e-04  3.7163304e-08  5.8769900e-04  2.6912607e-08
1.714540000e+01  5.7469273e-04  3.6586337e-08  5.7469287e-04  2.6549819e-08
1.721080000e+01  5.6202091e-04  3.6021511e-08  5.6202100e-04  2.5671031e-08
1.727620000e+01  5.4967380e-04  3.5468571e-08  5.4967397e-04  2.5354948e-08
1.734160000e+01  5.3764192e-04  3.4927217e-08  5.3764200e-04  2.4838251e-08
1.740700000e+01  5.2591611e-04  3.4397193e-08  5.2591600e-04  2.4219482e-08
1.747240000e+01  5.1448751e-04  3.3878251e-08  5.1448762e-04  2.3864654e-08
1.753780000e+01  5.0334754e-04  3.3370138e-08  5.0334763e-04  2.3590584e-08
1.760320000e+01  4.9248791e-04  3.2872614e-08  4.9248800e-04  2.3571609e-08
1.766860000e+01  4.8190058e-04  3.2385398e-08  4.8190064e-04  2.2524578e-08
1.773400000e+01  4.7157778e-04  3.1908326e-08  4.7157799e-04  2.2257805e-08
1.779940000e+01  4.6151198e-04  3.1441131e-08  4.6151200e-04  2.1677598e-08
1.786480000e+01  4.5169589e-04  3.0983619e-08  4.5169600e-04  2.1181950e-08
1.793020000e+01  4.4212248e-04  3.0535573e-08  4.4212246e-04  2.1031614e-08
1.799560000e+01  4.3278489e-04  3.0096800e-08  4.3278500e-04  2.0985847e-08
1.806100000e+01  4.2367653e-04  2.9667066e-08  4.2367663e-04  2.0665600e-08
1.812640000e+01  4.1479098e-04  2.9246206e-08  4.1479100e-04  2.0317506e-08
1.819180000e+01  4.0612204e-04  2.8834036e-08  4.0612200e-04  2.0698287e-08
1.825720000e+01  3.9766369e-04  2.8430345e-08  3.9766393e-04  2.0787352e-08
1.832260000e+01  3.8941011e-04  2.8034967e-08  3.8941000e-04  2.0272887e-08
1.838800000e+01  3.8135565e-04  2.7647721e-08  3.8135584e-04  1.9676724e-08
1.845340000e+01  3.7349485e-04  2.7268450e-08  3.7349500e-04  1.9271456e-08
1.851880000e+01  3.6582240e-04  2.6896994e-08  3.6582223e-04  1.8912662e-08
1.858420000e+01  3.5833316e-04  2.6533182e-08  3.5833300e-04  1.8634638e-08
1.864960000e+01  3.5102215e-04  2.6176876e-08  3.5102200e-04  1.8815057e-08
1.871500000e+01  3.4388454e-04  2.5827895e-08  3.4388463e-04  1.8260230e-08
1.878040000e+01  3.3691566e-04  2.5486108e-08  3.3691593e-04  1.7817946e-08
1.884580000e+01  3.3011094e-04  2.5151367e-08  3.3011100e-04  1.7601329e-08
1.891120000e+01  3.2346600e-04  2.4823549e-08  3.2346600e-04  1.7675261e-08
1.897660000e+01  3.1697656e-04  2.4502520e-08  3.1697666e-04  1.8016465e-08
1.904200000e+01  3.1063847e-04  2.4188112e-08  3.1063845e-04  1.7552958e-08
1.910740000e+01  3.0444772e-04  2.3880202e-08  3.0444800e-04  1.7084962e-08
1.917280000e+01  2.9840040e-04  2.3578700e-08  2.9840018e-04  1.6897810e-08
1.923820000e+01  2.9249273e-04  2.3283458e-08  2.9249300e-04  1.7266404e-08
1.930360000e+01  2.8672104e-04  2.2994354e-08  2.8672100e-04  1.6828276e-08
1.936900000e+01  2.8108177e-04  2.2711295e-08  2.8108200e-04  1.6982091e-08
1.943440000e+01  2.7557144e-04  2.2434113e-08  2.7557128e-04  1.6316299e-08
1.949980000e+01  2.7018671e-04  2.2162739e-08  2.7018700e-04  1.5786915e-08
1.956520000e+01  2.6492431e-04  2.1897086e-08  2.6492400e-04  1.5996004e-08
1.963060000e+01  2.5978109e-04  2.1637009e-08  2.5978100e-04  1.5638450e-08
1.969600000e+01  2.5475395e-04  2.1382427e-08  2.5475400e-04  1.5527954e-08
1.976140000e+01  2.4983993e-04  2.1133226e-08  2.4984000e-04  1.5494406e-08
1.982680000e+01  2.4503612e-04  2.0889311e-08  2.4503600e-04  1.5433801e-08
1.989220000e+01  2.4033970e-04  2.0650597e-08  2.4034000e-04  1.5277675e-08
1.995760000e+01  2.3574795e-04  2.0416964e-08  2.3574800e-04  1.4931687e-08
