# 3D spectroscopic simulation - Spatial binning of 5 (194 calculations)
# ------------------------------------------------------------------------
# Radiance spectrum
# NASA-GSFC Planetary Spectrum Generator (PSG) (Villanueva et al. 2018, 2022)
# Synthesized on Tue Dec 10 10:24:12 2024
# Doppler velocities [km/s] (vobs,vrot+vorb,vwidth,vrfl,vstr): -21.10000,0.00029,0.00000,0.00000,0.00033
# ------------------------------------------------------------------------
# Spectra synthesized with the Planetary and Universal Model of Atmospheric Scattering (PUMAS, Villanueva et al. 2018, 2022)
# Multiple scattering method employing PSGDORT, NMAX:2 / LMAX:4 / gMAX:0.95
# Radiative transfer took 2.217 seconds
# ------------------------------------------------------------------------
# Spectral unit: Wavelength [um]
# Radiance unit: Spectral radiance [W/sr/m2/um]
# Wave/freq Total Noise Stellar Proxima-Cen-b
4.000000000e+00  2.1484386e+00  1.8607400e-05  2.1484400e+00  1.5717829e-08
4.065400000e+00  1.9713691e+00  1.7396200e-05  1.9713700e+00  9.5730579e-09
4.130800000e+00  1.8110084e+00  1.6279700e-05  1.8110100e+00  9.1552346e-09
4.196200000e+00  1.6655882e+00  1.5249300e-05  1.6655900e+00  2.4637058e-09
4.261600000e+00  1.5335466e+00  1.4297200e-05  1.5335500e+00  2.0491159e-10
4.327000000e+00  1.4135024e+00  1.3416600e-05  1.4135000e+00  3.8760891e-10
4.392400000e+00  1.3042317e+00  1.2601200e-05  1.3042300e+00  1.5874014e-09
4.457800000e+00  1.2046485e+00  1.1845400e-05  1.2046500e+00  1.3651818e-08
4.523200000e+00  1.1137880e+00  1.1144100e-05  1.1137900e+00  1.2997527e-08
4.588600000e+00  1.0307916e+00  1.0492800e-05  1.0307900e+00  1.3964616e-08
4.654000000e+00  9.5489409e-01  9.8873200e-06  9.5489404e-01  1.4998714e-08
4.719400000e+00  8.8541283e-01  9.3239000e-06  8.8541289e-01  1.0663567e-08
4.784800000e+00  8.2173771e-01  8.7991462e-06  8.2173779e-01  1.3089357e-08
4.850200000e+00  7.6332287e-01  8.3099681e-06  7.6332298e-01  1.6690202e-08
4.915600000e+00  7.0967931e-01  7.8535546e-06  7.0967923e-01  1.5459756e-08
4.981000000e+00  6.6036837e-01  7.4273514e-06  6.6036827e-01  1.5863842e-08
5.046400000e+00  6.1499607e-01  7.0290301e-06  6.1499600e-01  1.5632764e-08
5.111800000e+00  5.7320815e-01  6.6564663e-06  5.7320800e-01  1.7835434e-08
5.177200000e+00  5.3468565e-01  6.3077123e-06  5.3468580e-01  2.1274352e-08
5.242600000e+00  4.9914111e-01  5.9810000e-06  4.9914100e-01  2.2861218e-08
5.308000000e+00  4.6631511e-01  5.6747036e-06  4.6631500e-01  2.3096156e-08
5.373400000e+00  4.3597331e-01  5.3873362e-06  4.3597304e-01  2.6880937e-08
5.438800000e+00  4.0790378e-01  5.1175300e-06  4.0790400e-01  3.6063371e-08
5.504200000e+00  3.8191465e-01  4.8640343e-06  3.8191492e-01  3.5425964e-08
5.569600000e+00  3.5783204e-01  4.6257000e-06  3.5783200e-01  4.2189953e-08
5.635000000e+00  3.3549820e-01  4.4014700e-06  3.3549800e-01  4.4035573e-08
5.700400000e+00  3.1476987e-01  4.1903651e-06  3.1477000e-01  4.6524080e-08
5.765800000e+00  2.9551682e-01  3.9914900e-06  2.9551700e-01  4.6942215e-08
5.831200000e+00  2.7762057e-01  3.8040200e-06  2.7762076e-01  4.9561966e-08
5.896600000e+00  2.6097319e-01  3.6271904e-06  2.6097300e-01  4.8352028e-08
5.962000000e+00  2.4547630e-01  3.4603000e-06  2.4547600e-01  5.0053489e-08
6.027400000e+00  2.3104013e-01  3.3026900e-06  2.3104000e-01  5.2453275e-08
6.092800000e+00  2.1758269e-01  3.1537522e-06  2.1758300e-01  5.3273632e-08
6.158200000e+00  2.0502906e-01  3.0129400e-06  2.0502900e-01  5.9531733e-08
6.223600000e+00  1.9331065e-01  2.8797317e-06  1.9331100e-01  6.5555036e-08
6.289000000e+00  1.8236471e-01  2.7536500e-06  1.8236500e-01  6.8810939e-08
6.354400000e+00  1.7213369e-01  2.6342400e-06  1.7213400e-01  6.3797949e-08
6.419800000e+00  1.6256483e-01  2.5211000e-06  1.6256500e-01  6.0404581e-08
6.485200000e+00  1.5360969e-01  2.4138400e-06  1.5361000e-01  5.9388065e-08
6.550600000e+00  1.4522380e-01  2.3121000e-06  1.4522400e-01  6.0502412e-08
6.616000000e+00  1.3736624e-01  2.2155500e-06  1.3736600e-01  6.1087638e-08
6.681400000e+00  1.2999938e-01  2.1238868e-06  1.2999900e-01  7.1360653e-08
6.746800000e+00  1.2308857e-01  2.0368100e-06  1.2308899e-01  7.7368088e-08
6.812200000e+00  1.1660188e-01  1.9540600e-06  1.1660200e-01  7.5050400e-08
6.877600000e+00  1.1050989e-01  1.8753800e-06  1.1051000e-01  7.5724323e-08
6.943000000e+00  1.0478542e-01  1.8005300e-06  1.0478500e-01  7.3929946e-08
7.008400000e+00  9.9403396e-02  1.7293100e-06  9.9403393e-02  7.6581643e-08
7.073800000e+00  9.4340639e-02  1.6615000e-06  9.4340643e-02  6.9307613e-08
7.139200000e+00  8.9575722e-02  1.5969100e-06  8.9575716e-02  7.7528111e-08
7.204600000e+00  8.5088817e-02  1.5353600e-06  8.5088811e-02  6.8897795e-08
7.270000000e+00  8.0861568e-02  1.4766900e-06  8.0861569e-02  6.9715983e-08
7.335400000e+00  7.6876970e-02  1.4207329e-06  7.6876973e-02  6.6976200e-08
7.400800000e+00  7.3119256e-02  1.3673500e-06  7.3119262e-02  4.8056328e-08
7.466200000e+00  6.9573802e-02  1.3164000e-06  6.9573800e-02  6.4360773e-08
7.531600000e+00  6.6227035e-02  1.2677500e-06  6.6227027e-02  3.8084672e-08
7.597000000e+00  6.3066349e-02  1.2212800e-06  6.3066346e-02  6.1229987e-08
7.662400000e+00  6.0080028e-02  1.1768800e-06  6.0080013e-02  3.3155712e-08
7.727800000e+00  5.7257180e-02  1.1344300e-06  5.7257198e-02  3.5598937e-08
7.793200000e+00  5.4587671e-02  1.0938437e-06  5.4587686e-02  3.7889803e-08
7.858600000e+00  5.2062066e-02  1.0550200e-06  5.2062081e-02  4.8593836e-08
7.924000000e+00  4.9671580e-02  1.0178697e-06  4.9671600e-02  4.1215425e-08
7.989400000e+00  4.7408024e-02  9.8229972e-07  4.7408000e-02  3.1795162e-08
8.054800000e+00  4.5263762e-02  9.4824227e-07  4.5263779e-02  3.4288434e-08
8.120200000e+00  4.3231672e-02  9.1561816e-07  4.3231696e-02  3.0582581e-08
8.185600000e+00  4.1305105e-02  8.8435670e-07  4.1305100e-02  3.5086560e-08
8.251000000e+00  3.9477852e-02  8.5439110e-07  3.9477862e-02  3.5344728e-08
8.316400000e+00  3.7744111e-02  8.2565823e-07  3.7744100e-02  3.2816825e-08
8.381800000e+00  3.6098460e-02  7.9809902e-07  3.6098479e-02  3.1540998e-08
8.447200000e+00  3.4535824e-02  7.7165688e-07  3.4535800e-02  3.2722293e-08
8.512600000e+00  3.3051459e-02  7.4627888e-07  3.3051479e-02  3.6323703e-08
8.578000000e+00  3.1640919e-02  7.2191470e-07  3.1640900e-02  3.3511145e-08
8.643400000e+00  3.0300043e-02  6.9851699e-07  3.0300027e-02  3.2271546e-08
8.708800000e+00  2.9024930e-02  6.7604048e-07  2.9024900e-02  3.3011291e-08
8.774200000e+00  2.7811923e-02  6.5444305e-07  2.7811900e-02  3.4089493e-08
8.839600000e+00  2.6657594e-02  6.3368405e-07  2.6657600e-02  3.3551559e-08
8.905000000e+00  2.5558722e-02  6.1372522e-07  2.5558700e-02  3.4521980e-08
8.970400000e+00  2.4512287e-02  5.9453082e-07  2.4512300e-02  3.3705913e-08
9.035800000e+00  2.3515451e-02  5.7606604e-07  2.3515462e-02  3.4011107e-08
9.101200000e+00  2.2565549e-02  5.5829834e-07  2.2565545e-02  3.4133767e-08
9.166600000e+00  2.1660073e-02  5.4119715e-07  2.1660100e-02  3.5592905e-08
9.232000000e+00  2.0796668e-02  5.2473305e-07  2.0796700e-02  3.8822496e-08
9.297400000e+00  1.9973116e-02  5.0887805e-07  1.9973100e-02  4.0710599e-08
9.362800000e+00  1.9187330e-02  4.9360572e-07  1.9187300e-02  4.1795328e-08
9.428200000e+00  1.8437345e-02  4.7889099e-07  1.8437325e-02  4.0188686e-08
9.493600000e+00  1.7721312e-02  4.6470953e-07  1.7721300e-02  3.3601636e-08
9.559000000e+00  1.7037486e-02  4.5103917e-07  1.7037500e-02  3.8013389e-08
9.624400000e+00  1.6384223e-02  4.3785819e-07  1.6384200e-02  3.3337239e-08
9.689800000e+00  1.5759975e-02  4.2514608e-07  1.5760000e-02  3.9215087e-08
9.755200000e+00  1.5163277e-02  4.1288310e-07  1.5163300e-02  3.9647685e-08
9.820600000e+00  1.4592751e-02  4.0105100e-07  1.4592762e-02  4.1803456e-08
9.886000000e+00  1.4047095e-02  3.8963107e-07  1.4047100e-02  4.2551147e-08
9.951400000e+00  1.3525076e-02  3.7860723e-07  1.3525100e-02  4.1438363e-08
1.001680000e+01  1.3025534e-02  3.6796318e-07  1.3025500e-02  3.9140896e-08
1.008220000e+01  1.2547370e-02  3.5768372e-07  1.2547400e-02  3.6853551e-08
1.014760000e+01  1.2089546e-02  3.4775379e-07  1.2089513e-02  3.6581538e-08
1.021300000e+01  1.1651079e-02  3.3815962e-07  1.1651100e-02  3.7311182e-08
1.027840000e+01  1.1231040e-02  3.2888782e-07  1.1231000e-02  3.8172117e-08
1.034380000e+01  1.0828550e-02  3.1992575e-07  1.0828561e-02  3.6316389e-08
1.040920000e+01  1.0442777e-02  3.1126108e-07  1.0442800e-02  3.4549943e-08
1.047460000e+01  1.0072933e-02  3.0288257e-07  1.0072900e-02  3.6383352e-08
1.054000000e+01  9.7182700e-03  2.9477878e-07  9.7182699e-03  3.6743294e-08
1.060540000e+01  9.3780814e-03  2.8693909e-07  9.3780812e-03  3.6084898e-08
1.067080000e+01  9.0516962e-03  2.7935377e-07  9.0516963e-03  3.5219133e-08
1.073620000e+01  8.7384784e-03  2.7201275e-07  8.7384786e-03  3.4344058e-08
1.080160000e+01  8.4378249e-03  2.6490688e-07  8.4378246e-03  3.3996611e-08
1.086700000e+01  8.1491632e-03  2.5802722e-07  8.1491627e-03  3.3548153e-08
1.093240000e+01  7.8719502e-03  2.5136572e-07  7.8719500e-03  3.3220297e-08
1.099780000e+01  7.6056702e-03  2.4491377e-07  7.6056700e-03  3.3575581e-08
1.106320000e+01  7.3498335e-03  2.3866379e-07  7.3498327e-03  3.2870931e-08
1.112860000e+01  7.1039749e-03  2.3260819e-07  7.1039746e-03  3.2711488e-08
1.119400000e+01  6.8676523e-03  2.2674018e-07  6.8676511e-03  3.2539092e-08
1.125940000e+01  6.6404456e-03  2.2105293e-07  6.6404462e-03  3.3018398e-08
1.132480000e+01  6.4219554e-03  2.1553957e-07  6.4219562e-03  3.2428194e-08
1.139020000e+01  6.2118019e-03  2.1019403e-07  6.2118003e-03  3.2226740e-08
1.145560000e+01  6.0096236e-03  2.0501010e-07  6.0096227e-03  3.2138930e-08
1.152100000e+01  5.8150768e-03  1.9998254e-07  5.8150780e-03  3.1822135e-08
1.158640000e+01  5.6278341e-03  1.9510513e-07  5.6278338e-03  3.1681199e-08
1.165180000e+01  5.4475841e-03  1.9037310e-07  5.4475835e-03  3.1443361e-08
1.171720000e+01  5.2740300e-03  1.8578136e-07  5.2740300e-03  3.2726978e-08
1.178260000e+01  5.1068892e-03  1.8132476e-07  5.1068900e-03  3.1572865e-08
1.184800000e+01  4.9458924e-03  1.7699866e-07  4.9458903e-03  3.0960175e-08
1.191340000e+01  4.7907831e-03  1.7279864e-07  4.7907811e-03  3.1017234e-08
1.197880000e+01  4.6413164e-03  1.6872019e-07  4.6413180e-03  3.0590322e-08
1.204420000e+01  4.4972593e-03  1.6478055e-07  4.4972600e-03  3.0626135e-08
1.210960000e+01  4.3583892e-03  1.6095403e-07  4.3583900e-03  3.0850274e-08
1.217500000e+01  4.2244938e-03  1.5723703e-07  4.2244923e-03  3.0398051e-08
1.224040000e+01  4.0953706e-03  1.5362583e-07  4.0953700e-03  3.0619719e-08
1.230580000e+01  3.9708264e-03  1.5011697e-07  3.9708281e-03  3.1093942e-08
1.237120000e+01  3.8506765e-03  1.4670698e-07  3.8506784e-03  3.1474610e-08
1.243660000e+01  3.7347447e-03  1.4339262e-07  3.7347445e-03  3.1738199e-08
1.250200000e+01  3.6228628e-03  1.4017074e-07  3.6228600e-03  3.2431410e-08
1.256740000e+01  3.5148700e-03  1.3703810e-07  3.5148700e-03  3.2403664e-08
1.263280000e+01  3.4106124e-03  1.3399240e-07  3.4106100e-03  3.9719094e-08
1.269820000e+01  3.3099434e-03  1.3103003e-07  3.3099404e-03  2.9649774e-08
1.276360000e+01  3.2127225e-03  1.2814885e-07  3.2127200e-03  3.0770472e-08
1.282900000e+01  3.1188154e-03  1.2534603e-07  3.1188163e-03  3.0718634e-08
1.289440000e+01  3.0280938e-03  1.2261905e-07  3.0280911e-03  3.0899223e-08
1.295980000e+01  2.9404347e-03  1.1996584e-07  2.9404344e-03  3.1801447e-08
1.302520000e+01  2.8557207e-03  1.1738362e-07  2.8557200e-03  3.3031764e-08
1.309060000e+01  2.7738393e-03  1.1487019e-07  2.7738400e-03  3.4657651e-08
1.315600000e+01  2.6946827e-03  1.1242393e-07  2.6946800e-03  3.8145282e-08
1.322140000e+01  2.6181480e-03  1.1004205e-07  2.6181500e-03  4.2978583e-08
1.328680000e+01  2.5441362e-03  1.0772301e-07  2.5441394e-03  4.5776673e-08
1.335220000e+01  2.4725530e-03  1.0546481e-07  2.4725500e-03  4.8436672e-08
1.341760000e+01  2.4033076e-03  1.0326502e-07  2.4033100e-03  4.9788222e-08
1.348300000e+01  2.3363133e-03  1.0112298e-07  2.3363100e-03  4.9468104e-08
1.354840000e+01  2.2714869e-03  9.9035696e-08  2.2714900e-03  5.1221179e-08
1.361380000e+01  2.2087485e-03  9.7002218e-08  2.2087500e-03  4.9662606e-08
1.367920000e+01  2.1480216e-03  9.5020798e-08  2.1480200e-03  4.8847298e-08
1.374460000e+01  2.0892331e-03  9.3089894e-08  2.0892300e-03  4.9631577e-08
1.381000000e+01  2.0323124e-03  9.1207917e-08  2.0323100e-03  4.8336334e-08
1.387540000e+01  1.9771921e-03  8.9373075e-08  1.9771900e-03  2.9236493e-08
1.394080000e+01  1.9238075e-03  8.7585096e-08  1.9238100e-03  4.4728914e-08
1.400620000e+01  1.8720963e-03  8.5841491e-08  1.8721000e-03  4.2799408e-08
1.407160000e+01  1.8219989e-03  8.4141304e-08  1.8220000e-03  4.0052951e-08
1.413700000e+01  1.7734581e-03  8.2483258e-08  1.7734600e-03  3.5729023e-08
1.420240000e+01  1.7264188e-03  8.0866129e-08  1.7264200e-03  3.0296035e-08
1.426780000e+01  1.6808282e-03  7.9288798e-08  1.6808300e-03  2.6039314e-08
1.433320000e+01  1.6366355e-03  7.7750105e-08  1.6366381e-03  2.3035647e-08
1.439860000e+01  1.5937921e-03  7.6248911e-08  1.5937900e-03  1.9384251e-08
1.446400000e+01  1.5522509e-03  7.4784213e-08  1.5522500e-03  1.8273954e-08
1.452940000e+01  1.5119671e-03  7.3354934e-08  1.5119700e-03  1.7210399e-08
1.459480000e+01  1.4728973e-03  7.1960065e-08  1.4729000e-03  1.6320573e-08
1.466020000e+01  1.4349998e-03  7.0598642e-08  1.4350000e-03  1.6038933e-08
1.472560000e+01  1.3982348e-03  6.9269708e-08  1.3982335e-03  1.5856531e-08
1.479100000e+01  1.3625636e-03  6.7972399e-08  1.3625600e-03  1.5483835e-08
1.485640000e+01  1.3279493e-03  6.6705801e-08  1.3279500e-03  1.5444742e-08
1.492180000e+01  1.2943562e-03  6.5469092e-08  1.2943600e-03  1.5062680e-08
1.498720000e+01  1.2617501e-03  6.4261400e-08  1.2617500e-03  1.4183396e-08
1.505260000e+01  1.2300979e-03  6.3081999e-08  1.2301000e-03  1.5016861e-08
1.511800000e+01  1.1993680e-03  6.1930085e-08  1.1993700e-03  1.4878104e-08
1.518340000e+01  1.1695297e-03  6.0804896e-08  1.1695300e-03  1.4995803e-08
1.524880000e+01  1.1405536e-03  5.9705721e-08  1.1405500e-03  1.4891560e-08
1.531420000e+01  1.1124113e-03  5.8631891e-08  1.1124100e-03  1.4717310e-08
1.537960000e+01  1.0850756e-03  5.7582690e-08  1.0850799e-03  1.4512651e-08
1.544500000e+01  1.0585202e-03  5.6557493e-08  1.0585200e-03  1.5342959e-08
1.551040000e+01  1.0327197e-03  5.5555636e-08  1.0327200e-03  1.5406360e-08
1.557580000e+01  1.0076496e-03  5.4576538e-08  1.0076500e-03  1.6294292e-08
1.564120000e+01  9.8328655e-04  5.3619594e-08  9.8328662e-04  1.7642870e-08
1.570660000e+01  9.5960774e-04  5.2684188e-08  9.5960769e-04  1.8134039e-08
1.577200000e+01  9.3659133e-04  5.1769813e-08  9.3659129e-04  1.9613955e-08
1.583740000e+01  9.1421623e-04  5.0875918e-08  9.1421623e-04  2.1984563e-08
1.590280000e+01  8.9246211e-04  5.0001939e-08  8.9246209e-04  2.3809381e-08
1.596820000e+01  8.7130936e-04  4.9147414e-08  8.7130938e-04  2.6953685e-08
1.603360000e+01  8.5073905e-04  4.8311751e-08  8.5073903e-04  2.7665745e-08
1.609900000e+01  8.3073295e-04  4.7494624e-08  8.3073296e-04  3.1572519e-08
1.616440000e+01  8.1127342e-04  4.6695161e-08  8.1127344e-04  2.3666923e-08
1.622980000e+01  7.9234348e-04  4.5913470e-08  7.9234346e-04  2.5175822e-08
1.629520000e+01  7.7392673e-04  4.5148961e-08  7.7392679e-04  3.0039607e-08
1.636060000e+01  7.5600733e-04  4.4401022e-08  7.5600727e-04  3.0873159e-08
1.642600000e+01  7.3857000e-04  4.3669240e-08  7.3857000e-04  2.8823496e-08
1.649140000e+01  7.2159997e-04  4.2953399e-08  7.2160000e-04  2.9657157e-08
1.655680000e+01  7.0508298e-04  4.2252950e-08  7.0508300e-04  2.8402485e-08
1.662220000e+01  6.8900529e-04  4.1567644e-08  6.8900523e-04  2.8879629e-08
1.668760000e+01  6.7335357e-04  4.0897020e-08  6.7335362e-04  2.8076181e-08
1.675300000e+01  6.5811500e-04  4.0240756e-08  6.5811500e-04  2.7321912e-08
1.681840000e+01  6.4327715e-04  3.9598536e-08  6.4327702e-04  2.6996642e-08
1.688380000e+01  6.2882803e-04  3.8969983e-08  6.2882800e-04  2.6476925e-08
1.694920000e+01  6.1475605e-04  3.8354763e-08  6.1475600e-04  2.4791586e-08
1.701460000e+01  6.0105000e-04  3.7752611e-08  6.0105000e-04  2.3978391e-08
1.708000000e+01  5.8769905e-04  3.7163184e-08  5.8769900e-04  2.2748605e-08
1.714540000e+01  5.7469273e-04  3.6586206e-08  5.7469286e-04  2.2001683e-08
1.721080000e+01  5.6202091e-04  3.6021436e-08  5.6202100e-04  2.3005174e-08
1.727620000e+01  5.4967380e-04  3.5468391e-08  5.4967396e-04  1.9252954e-08
1.734160000e+01  5.3764192e-04  3.4927100e-08  5.3764200e-04  2.0789936e-08
1.740700000e+01  5.2591611e-04  3.4397004e-08  5.2591600e-04  1.7643789e-08
1.747240000e+01  5.1448751e-04  3.3878071e-08  5.1448761e-04  1.7420803e-08
1.753780000e+01  5.0334754e-04  3.3369979e-08  5.0334762e-04  1.8251749e-08
1.760320000e+01  4.9248791e-04  3.2872478e-08  4.9248800e-04  1.9111846e-08
1.766860000e+01  4.8190058e-04  3.2385234e-08  4.8190063e-04  1.6585834e-08
1.773400000e+01  4.7157778e-04  3.1908170e-08  4.7157799e-04  1.7042448e-08
1.779940000e+01  4.6151198e-04  3.1440934e-08  4.6151200e-04  1.4801908e-08
1.786480000e+01  4.5169589e-04  3.0983419e-08  4.5169600e-04  1.4151511e-08
1.793020000e+01  4.4212248e-04  3.0535374e-08  4.4212245e-04  1.4249698e-08
1.799560000e+01  4.3278489e-04  3.0096622e-08  4.3278500e-04  1.4988449e-08
1.806100000e+01  4.2367653e-04  2.9666887e-08  4.2367662e-04  1.4690005e-08
1.812640000e+01  4.1479098e-04  2.9246019e-08  4.1479100e-04  1.3953915e-08
1.819180000e+01  4.0612204e-04  2.8833888e-08  4.0612200e-04  1.5782772e-08
1.825720000e+01  3.9766369e-04  2.8430231e-08  3.9766393e-04  1.6575026e-08
1.832260000e+01  3.8941010e-04  2.8034907e-08  3.8941000e-04  1.8190235e-08
1.838800000e+01  3.8135565e-04  2.7647563e-08  3.8135584e-04  1.4401726e-08
1.845340000e+01  3.7349485e-04  2.7268308e-08  3.7349500e-04  1.4462080e-08
1.851880000e+01  3.6582239e-04  2.6896822e-08  3.6582223e-04  1.3150990e-08
1.858420000e+01  3.5833316e-04  2.6533006e-08  3.5833300e-04  1.2880832e-08
1.864960000e+01  3.5102215e-04  2.6176770e-08  3.5102200e-04  1.5388693e-08
1.871500000e+01  3.4388454e-04  2.5827727e-08  3.4388463e-04  1.2736759e-08
1.878040000e+01  3.3691565e-04  2.5485933e-08  3.3691593e-04  1.2176553e-08
1.884580000e+01  3.3011094e-04  2.5151197e-08  3.3011100e-04  1.2040978e-08
1.891120000e+01  3.2346600e-04  2.4823395e-08  3.2346600e-04  1.2489352e-08
1.897660000e+01  3.1697656e-04  2.4502425e-08  3.1697665e-04  1.4799117e-08
1.904200000e+01  3.1063847e-04  2.4188029e-08  3.1063844e-04  1.4975164e-08
1.910740000e+01  3.0444772e-04  2.3880052e-08  3.0444800e-04  1.2152827e-08
1.917280000e+01  2.9840040e-04  2.3578543e-08  2.9840020e-04  1.2096735e-08
1.923820000e+01  2.9249273e-04  2.3283390e-08  2.9249300e-04  1.4874327e-08
1.930360000e+01  2.8672104e-04  2.2994315e-08  2.8672100e-04  1.5487298e-08
1.936900000e+01  2.8108177e-04  2.2711213e-08  2.8108200e-04  1.4480889e-08
1.943440000e+01  2.7557144e-04  2.2433974e-08  2.7557127e-04  1.1978613e-08
1.949980000e+01  2.7018671e-04  2.2162598e-08  2.7018700e-04  1.1280942e-08
1.956520000e+01  2.6492431e-04  2.1896968e-08  2.6492400e-04  1.2264097e-08
1.963060000e+01  2.5978109e-04  2.1636879e-08  2.5978100e-04  1.1505952e-08
1.969600000e+01  2.5475395e-04  2.1382360e-08  2.5475400e-04  1.3585194e-08
1.976140000e+01  2.4983993e-04  2.1133150e-08  2.4984000e-04  1.3025814e-08
1.982680000e+01  2.4503612e-04  2.0889204e-08  2.4503600e-04  1.1912546e-08
1.989220000e+01  2.4033970e-04  2.0650542e-08  2.4034000e-04  1.3773280e-08
1.995760000e+01  2.3574795e-04  2.0416867e-08  2.3574800e-04  1.2159903e-08
