# wavelength[um] flux[erg/cm2/s/cm]
4.043958187339406152e+00 nan
4.048004168179851980e+00 1.507162049797191285e+07
4.052054197024798299e+00 1.357134899094430357e+07
4.056108277924278305e+00 9.895108524060241878e+06
4.060166414932374401e+00 1.408830839054484479e+07
4.064228612107225302e+00 1.157600203055975400e+07
4.068294873511027809e+00 1.712184827256263420e+07
4.072365203210039475e+00 1.526061220559095591e+07
4.076439605274588374e+00 1.181954365795931965e+07
4.080518083779084648e+00 8.883964715526947752e+06
4.084600642802003634e+00 1.904612661840610206e+07
4.088687286425909839e+00 1.689275191468280181e+07
4.092778018737446288e+00 1.577763765133011527e+07
4.096872843827346067e+00 1.255413712709155120e+07
4.100971765790424328e+00 1.785235016027050465e+07
4.105074788725600499e+00 1.881551246523961052e+07
4.109181916735913376e+00 1.843827167359528691e+07
4.113293153928490042e+00 9.455283294755812734e+06
4.117408504414562742e+00 1.150637243865327723e+07
4.121527972309475985e+00 2.213135296007449180e+07
4.125651561732701644e+00 1.414283872463420965e+07
4.129779276807835409e+00 2.131602749846199155e+07
4.133911121662587895e+00 2.016626452147661895e+07
4.138047100428805081e+00 1.954015514080722257e+07
4.142187217242470076e+00 1.908772025306288898e+07
4.146331476243699576e+00 1.738336470043046772e+07
4.150479881576749186e+00 1.508681811838309281e+07
4.154632437390031185e+00 1.372855650430581532e+07
4.158789147836096767e+00 1.518617796631215699e+07
4.162950017071651132e+00 1.522052400441446900e+07
4.167115049257566817e+00 1.352051681882295199e+07
4.171284248558879248e+00 1.040634495282792300e+07
4.175457619144791188e+00 8.053856589605473913e+06
4.179635165188675394e+00 5.791738539945691824e+06
4.183816890868071070e+00 3.241384302478710189e+06
4.188002800364700740e+00 1.927274706278154626e+06
4.192192897864479129e+00 8.731872153339327779e+05
4.196387187557506060e+00 4.553978624802174163e+05
4.200585673638072670e+00 1.819973379026219482e+05
4.204788360304662298e+00 1.034413192309552978e+05
4.208995251759962919e+00 5.881979077781918750e+04
4.213206352210869809e+00 4.892558548907965451e+04
4.217421665868471337e+00 4.740717924583317654e+04
4.221641196948093366e+00 4.865586812282301253e+04
4.225864949669266402e+00 5.144240935728258046e+04
4.230092928255739793e+00 5.240066481439673953e+04
4.234325136935488842e+00 5.733639796314277191e+04
4.238561579940727242e+00 5.962161288603262074e+04
4.242802261507900852e+00 6.210044750769538223e+04
4.247047185877692144e+00 5.391654867785998067e+04
4.251296357295021089e+00 5.780324395038799412e+04
4.255549780009054928e+00 5.954835789430600562e+04
4.259807458273230374e+00 5.909149532967859705e+04
4.264069396345225194e+00 6.869606702489794407e+04
4.268335598486969751e+00 6.249182499443213601e+04
4.272606068964664772e+00 6.636784879688992805e+04
4.276880812048779568e+00 6.857657390330619819e+04
4.281159832014060029e+00 9.521060088732909935e+04
4.285443133139530403e+00 7.743932392627761874e+04
4.289730719708485296e+00 6.765786427520198049e+04
4.294022596008521653e+00 6.309967072996187926e+04
4.298318766331513885e+00 5.759601713567779370e+04
4.302619234973628970e+00 7.673988004917258513e+04
4.306924006235345104e+00 7.455869057338430139e+04
4.311233084421424167e+00 8.218873212933000468e+04
4.315546473840940145e+00 9.391283318383690494e+04
4.319864178807288901e+00 1.222982224502897297e+05
4.324186203638174852e+00 1.402789002463838842e+05
4.328512552655626955e+00 1.682182891037006339e+05
4.332843230185990713e+00 2.173944039473677112e+05
4.337178240559948605e+00 3.048036526683768025e+05
4.341517588112503212e+00 5.197301491957856924e+05
4.345861277183007410e+00 6.913328603923468618e+05
4.350209312115151938e+00 8.815229704993013293e+05
4.354561697256974284e+00 1.171641895451860968e+06
4.358918436960855125e+00 1.482404712513411650e+06
4.363279535583538760e+00 2.578834629666325171e+06
4.367644997486123337e+00 3.107968681633858476e+06
4.372014827034064410e+00 3.596111546031407081e+06
4.376389028597194475e+00 4.210132453029671684e+06
4.380767606549714976e+00 5.404644396032458171e+06
4.385150565270209633e+00 6.909243880879670382e+06
4.389537909141639105e+00 8.408351648425985128e+06
4.393929642551338333e+00 9.637357013177886605e+06
4.398325769891044068e+00 1.100097601653640531e+07
4.402726295556887770e+00 1.412183224743931182e+07
4.407131223949391163e+00 1.472812118239523470e+07
4.411540559473484002e+00 1.691087050732030720e+07
4.415954306538509400e+00 1.728080945787718520e+07
4.420372469558211392e+00 2.025668163393587247e+07
4.424795052950750929e+00 2.105062029881286249e+07
4.429222061138705868e+00 1.998196614642642066e+07
4.433653498549093186e+00 1.870874346269984171e+07
4.438089369613354762e+00 2.367192114486569166e+07
4.442529678767354717e+00 2.346828492209803313e+07
4.446974430451398952e+00 2.474599914330668375e+07
4.451423629110244917e+00 2.203982623542474955e+07
4.455877279193092733e+00 2.196800938504090160e+07
4.460335385153590515e+00 2.016723045361527056e+07
4.464797951449841484e+00 2.032534863845221326e+07
4.469264982544411069e+00 2.072904606450402737e+07
4.473736482904336675e+00 1.736440558398156613e+07
4.478212457001122360e+00 1.469370909806066565e+07
4.482692909310737051e+00 1.262452133738114871e+07
4.487177844313640307e+00 1.350669497449426726e+07
4.491667266494762778e+00 1.356135514399941452e+07
4.496161180343516861e+00 9.305754462371608242e+06
4.500659590353822459e+00 7.285970168479586020e+06
4.505162501024093658e+00 8.019405572945248336e+06
4.509669916857241390e+00 8.009689655531744473e+06
4.514181842360688535e+00 4.548490258626539260e+06
4.518698282046352155e+00 3.728421748175822664e+06
4.523219240430670141e+00 4.963100734316448681e+06
4.527744722034610092e+00 3.405888724856252782e+06
4.532274731383646227e+00 1.870559282959961332e+06
4.536809273007785137e+00 2.687314126755786594e+06
4.541348351441579112e+00 2.391219131356875412e+06
4.545891971224099493e+00 1.026716305364224245e+06
4.550440136898975751e+00 1.476181373897647019e+06
4.554992853014370624e+00 1.453062302976085106e+06
4.559550124122995207e+00 5.708132019308066228e+05
4.564111954782122282e+00 9.239970758913706522e+05
4.568678349553586315e+00 8.913271952780886786e+05
4.573249313003776351e+00 3.635505102967797429e+05
4.577824849703659993e+00 7.250897573321737582e+05
4.582404964228774524e+00 5.508004022128051147e+05
4.586989661159233123e+00 2.951777296341048204e+05
4.591578945079738183e+00 6.014369522262213286e+05
4.596172820579575991e+00 3.156943992204127135e+05
4.600771292252614941e+00 3.714637039751338307e+05
4.605374364697328637e+00 4.965738459828154300e+05
4.609982042516789669e+00 2.149886081158317684e+05
4.614594330318677606e+00 4.946937880255177151e+05
4.619211232715274562e+00 3.355847368743096013e+05
4.623832754323488281e+00 3.452783692430188530e+05
4.628458899764849477e+00 5.522390371629263973e+05
4.633089673665492292e+00 2.349937383764964179e+05
4.637725080656193377e+00 7.003873431300177472e+05
4.642365125372356793e+00 3.832479242527944734e+05
4.647009812454028221e+00 7.367972793558028061e+05
4.651659146545906509e+00 9.887177766718068160e+05
4.656313132297318802e+00 7.866961903390929801e+05
4.660971774362248077e+00 3.184356414420043584e+06
4.665635077399347352e+00 6.437710849237511866e+06
4.670303046071911268e+00 3.815863917213126551e+06
4.674975685047906282e+00 7.438577635684069246e+05
4.679652998999974223e+00 1.418939282401664881e+06
4.684334992605429626e+00 7.168984294116962701e+05
4.689021670546271281e+00 8.017248168749016477e+05
4.693713037509176011e+00 7.592337151427837089e+05
4.698409098185504895e+00 5.005036107595557696e+05
4.703109857271324579e+00 8.921512308671806240e+05
4.707815319467393955e+00 3.724739396247096593e+05
4.712525489479173046e+00 9.882488621213646838e+05
4.717240372016835437e+00 3.206542257550185896e+05
4.721959971795260280e+00 1.117612365829629824e+06
4.726684293534048287e+00 3.211930974739143276e+05
4.731413341957528829e+00 1.256550969070180785e+06
4.736147121794751946e+00 3.661751550501942402e+05
4.740885637779490125e+00 1.464384625884684967e+06
4.745628894650255170e+00 4.425605111287077307e+05
4.750376897150309752e+00 1.758026731297315331e+06
4.755129650027656751e+00 5.484498012806888437e+05
4.759887158035051691e+00 2.170552511274114251e+06
4.764649425930005400e+00 6.828609094816673314e+05
4.769416458474777798e+00 2.760451166144261137e+06
4.774188260436393882e+00 8.107846923845205456e+05
4.778964836586673037e+00 3.335297123819446191e+06
4.783746191702191730e+00 1.016743377288191114e+06
4.788532330564299500e+00 4.619907257184963673e+06
4.793323257959137607e+00 1.269795834188172594e+06
4.798118978677631041e+00 5.711051332379932515e+06
4.802919497515497405e+00 1.644383088476750068e+06
4.807724819273262007e+00 5.911138343287763186e+06
4.812534948756252540e+00 1.307154010755493771e+06
4.817349890774592858e+00 6.486181417333152145e+06
4.822169650143221631e+00 2.922245159229829907e+06
4.826994231681898562e+00 6.466427539084030315e+06
4.831823640215216820e+00 4.112231248289426323e+06
4.836657880572579948e+00 6.734486318343246356e+06
4.841496957588230288e+00 5.465987885254284367e+06
4.846340876101235651e+00 6.994422734963629395e+06
4.851189640955513305e+00 1.068224455746821128e+07
4.856043256999840629e+00 6.400867864920032211e+06
4.860901729087831136e+00 1.226066583127563260e+07
4.865765062077957559e+00 7.077881220832951367e+06
4.870633260833544753e+00 1.403026978968924284e+07
4.875506330222795448e+00 8.165613821713408455e+06
4.880384275118787585e+00 1.690865857603513822e+07
4.885267100399468099e+00 1.021646078033982776e+07
4.890154810947647590e+00 1.559354569177294336e+07
4.895047411651042069e+00 1.739981635356468707e+07
4.899944907402259631e+00 1.136747602465546317e+07
4.904847303098789801e+00 2.375143012062941119e+07
4.909754603643035509e+00 1.679749927576010302e+07
4.914666813942293544e+00 2.695395015952979401e+07
4.919583938908781207e+00 2.223465166543945298e+07
4.924505983459624758e+00 3.331471601919627935e+07
4.929432952516856759e+00 2.943474071526523307e+07
4.934364851007448038e+00 2.146204903457419947e+07
4.939301683863292602e+00 3.498992485739441961e+07
4.944243456021227168e+00 2.339625746679707244e+07
4.949190172423037382e+00 3.276671491742925346e+07
4.954141838015429400e+00 1.591960484629947692e+07
4.959098457750073408e+00 1.907482812483584508e+07
4.964060036583591184e+00 3.504531179597663134e+07
4.969026579477557881e+00 3.693408983572183549e+07
4.973998091398528665e+00 3.809009956381259859e+07
4.978974577317995198e+00 2.379989449072178453e+07
4.983956042212439819e+00 3.967078946844562143e+07
4.988942491063345308e+00 3.939911147859542817e+07
4.993933928857153148e+00 4.134424396345866472e+07
4.998930360585300825e+00 3.684476749177417904e+07
5.003931791244230709e+00 2.636283698514332622e+07
5.008938225835386504e+00 3.882415654903460294e+07
5.013949669365177719e+00 3.113621169569335133e+07
5.018966126845049835e+00 1.043830533232870698e+07
5.023987603291483417e+00 2.715836535044817999e+07
5.029014103725941709e+00 1.999310852794547752e+07
5.034045633174911494e+00 3.547288627431518584e+07
5.039082196669929736e+00 4.068861285774339736e+07
5.044123799247563156e+00 4.186124341748201102e+07
5.049170445949409114e+00 4.422703173452621698e+07
5.054222141822116932e+00 4.368590725061679631e+07
5.059278891917391441e+00 3.576030539239877462e+07
5.064340701291981439e+00 4.310067972076291591e+07
5.069407575007690347e+00 4.334780259847075492e+07
5.074479518131395750e+00 3.960603467800977826e+07
5.079556535735048506e+00 2.732240352890873328e+07
5.084638632895669197e+00 1.389129812792189606e+07
5.089725814695342798e+00 3.514796522499480098e+07
5.094818086221257758e+00 3.781628262537533790e+07
5.099915452565697116e+00 2.798343834882869944e+07
5.105017918826000312e+00 4.007229785106669366e+07
5.110125490104636903e+00 2.981917644388012588e+07
5.115238171509194132e+00 2.573359736393883452e+07
5.120355968152357384e+00 4.060420428629996628e+07
5.125478885151911967e+00 3.710575350077651441e+07
5.130606927630776859e+00 3.489725847865325212e+07
5.135740100717002932e+00 2.449805814651996642e+07
5.140878409543741867e+00 1.822346314730192721e+07
5.146021859249313657e+00 1.470335000607716292e+07
5.151170454977185287e+00 2.079361524585482478e+07
5.156324201875936986e+00 3.348276128851788491e+07
5.161483105099309299e+00 3.711280841126160324e+07
5.166647169806227069e+00 3.790840038688653708e+07
5.171816401160747922e+00 2.032481194328449294e+07
5.176990804332091578e+00 3.564596832782356441e+07
5.182170384494675375e+00 3.957152362577912956e+07
5.187355146828076080e+00 3.619557157235819101e+07
5.192545096517046765e+00 3.148743644643891230e+07
5.197740238751555886e+00 1.750877814419695735e+07
5.202940578726747312e+00 1.621444599396745116e+07
5.208146121642936777e+00 2.216996793702903017e+07
5.213356872705670497e+00 1.052528782535119168e+07
5.218572837125715402e+00 2.148846451308325678e+07
5.223794020119036041e+00 2.824430214742648602e+07
5.229020426906815011e+00 3.155192660226253048e+07
5.234252062715459175e+00 1.680805753646286950e+07
5.239488932776602326e+00 1.669607878599484824e+07
5.244731042327116732e+00 2.870579326529678702e+07
5.249978396609109588e+00 2.284675105772988871e+07
5.255231000869925673e+00 3.334215804440445825e+07
5.260488860362181995e+00 3.341986215571779385e+07
5.265751980343742922e+00 3.446677499482420832e+07
5.271020366077721064e+00 3.095108570932346210e+07
5.276294022832505703e+00 1.603294991994997673e+07
5.281572955881746800e+00 2.835093210051890835e+07
5.286857170504389636e+00 2.740896467781551555e+07
5.292146671984641948e+00 1.012446993663658760e+07
5.297441465612009459e+00 2.694539273657939583e+07
5.302741556681281665e+00 2.810388296457041055e+07
5.308046950492545157e+00 2.384929014741560444e+07
5.313357652351208493e+00 3.850701860465934873e+07
5.318673667567959562e+00 3.632620367213477194e+07
5.323995001458826870e+00 3.827696695273108780e+07
5.329321659345144901e+00 3.291813359578743950e+07
5.334653646553559447e+00 3.554534197479333729e+07
5.339990968416064021e+00 2.977463931999592856e+07
5.345333630269974101e+00 1.748196059625412524e+07
5.350681637457967987e+00 8.146738426800332032e+06
5.356034995328045945e+00 1.057599174487291276e+07
5.361393709233554183e+00 2.547070396577870473e+07
5.366757784533227493e+00 3.257761939384006336e+07
5.372127226591127069e+00 2.952813876127561927e+07
5.377502040776687586e+00 3.097554710442206636e+07
5.382882232464750061e+00 2.939115101085229591e+07
5.388267807035500567e+00 3.400658800292529911e+07
5.393658769874506653e+00 3.543923271982081980e+07
5.399055126372735103e+00 2.932296444415862858e+07
5.404456881926535949e+00 3.331098957078158110e+07
5.409864041937665569e+00 2.015152230640462041e+07
5.415276611813294672e+00 1.937167807797471061e+07
5.420694596965989653e+00 7.972251325625913218e+06
5.426118002813722363e+00 1.471672312499683164e+07
5.431546834779906519e+00 2.682336546695040911e+07
5.436981098293380832e+00 3.115023505238354951e+07
5.442420798788408121e+00 1.953211185024899989e+07
5.447865941704685966e+00 2.667909185672101006e+07
5.453316532487360035e+00 2.972070949874616414e+07
5.458772576587027636e+00 2.394787970458630845e+07
5.464234079459717286e+00 8.862592777293995023e+06
5.469701046566937563e+00 1.708632828773701936e+07
5.475173483375657568e+00 2.075290376706346497e+07
5.480651395358322020e+00 1.482456052825258859e+07
5.486134787992848594e+00 2.698095479158333316e+07
5.491623666762627032e+00 3.555866362677858025e+07
5.497118037156523584e+00 3.617119559008169174e+07
5.502617904668907656e+00 3.145960069376626238e+07
5.508123274799649138e+00 3.773549216052520275e+07
5.513634153054125520e+00 3.453216328619022667e+07
5.519150544943213887e+00 1.960377812425805256e+07
5.524672455983298036e+00 1.702765041600101069e+07
5.530199891696303105e+00 2.438829740078545362e+07
5.535732857609660051e+00 3.302469642440018803e+07
5.541271359256338513e+00 2.615085139723196626e+07
5.546815402174844145e+00 2.220900941001622006e+07
5.552364991909218617e+00 1.925375523806017637e+07
5.557920134009044943e+00 1.304858080617783964e+07
5.563480834029461697e+00 2.413375955599952862e+07
5.569047097531185209e+00 1.470510754965833947e+07
5.574618930080467827e+00 1.613160494718080945e+07
5.580196337249130778e+00 1.001041143289900199e+07
5.585779324614604135e+00 1.723739759821874648e+07
5.591367897759871752e+00 2.605819979892798886e+07
5.596962062273499683e+00 3.375535834277620912e+07
5.602561823749654835e+00 2.093055646143627167e+07
5.608167187788102304e+00 2.723474458030475304e+07
5.613778159994197381e+00 1.565108108197309822e+07
5.619394745978918415e+00 1.889039426183256507e+07
5.625016951358852602e+00 2.682479546150884032e+07
5.630644781756208417e+00 1.809285055672033131e+07
5.636278242798814730e+00 1.703178726737254485e+07
5.641917340120138569e+00 7.546406953085723333e+06
5.647562079359275344e+00 1.178851652510315180e+07
5.653212466160955074e+00 1.694637209774692357e+07
5.658868506175564583e+00 2.257683075542733073e+07
5.664530205059156387e+00 2.970489687299938872e+07
5.670197568473430039e+00 2.465251015031062439e+07
5.675870602085741901e+00 1.132187769018720277e+07
5.681549311569130012e+00 2.527842057309163362e+07
5.687233702602297214e+00 2.172740323966151848e+07
5.692923780869640460e+00 1.549494755820877850e+07
5.698619552061241045e+00 2.961614178806779534e+07
5.704321021872854836e+00 2.307730642642099783e+07
5.710028196005964674e+00 1.179924109146219119e+07
5.715741080167752841e+00 1.444612652053843066e+07
5.721459680071105502e+00 1.077088513998760842e+07
5.727184001434619809e+00 1.601781239099160582e+07
5.732914049982608340e+00 1.744138824810162559e+07
5.738649831445122196e+00 1.717428243705232069e+07
5.744391351557942116e+00 1.519628908729989082e+07
5.750138616062591801e+00 1.242283034014885686e+07
5.755891630706342355e+00 1.882023650962216035e+07
5.761650401242202513e+00 1.380621638950415514e+07
5.767414933428949730e+00 6.696249369005106390e+06
5.773185233031118635e+00 1.721938199424380809e+07
5.778961305818993921e+00 1.475654112432684936e+07
5.784743157568644101e+00 2.728367947254502028e+07
5.790530794061934827e+00 3.202232555017709360e+07
5.796324221086497808e+00 3.274444599978050962e+07
5.802123444435760113e+00 2.033209532215379551e+07
5.807928469908951286e+00 2.483208071320646629e+07
5.813739303311101558e+00 2.001648077737115696e+07
5.819555950453048077e+00 7.906788206407748163e+06
5.825378417151428678e+00 1.169356115306044742e+07
5.831206709228702323e+00 1.040114072294244915e+07
5.837040832513173072e+00 1.771879435418218002e+07
5.842880792838964332e+00 2.392352882468545437e+07
5.848726596046033066e+00 1.907973651781242341e+07
5.854578247980187555e+00 2.111990054899620265e+07
5.860435754493076743e+00 1.017016195127935335e+07
5.866299121442202669e+00 1.280846102255721577e+07
5.872168354690941783e+00 1.779514299013318121e+07
5.878043460108523632e+00 8.739425821261461824e+06
5.883924443570054841e+00 7.534538763712491840e+06
5.889811310956534207e+00 1.416498527741022594e+07
5.895704068154810074e+00 7.589676789843062870e+06
5.901602721057636280e+00 1.659957908552142046e+07
5.907507275563671278e+00 2.128689698117269576e+07
5.913417737577481681e+00 2.102073136392483860e+07
5.919334113009534271e+00 1.763244380958918482e+07
5.925256407776182677e+00 1.735335887317624688e+07
5.931184627799722442e+00 1.455657627327005379e+07
5.937118779008376812e+00 6.307728034538054839e+06
5.943058867336306506e+00 1.299911598986857757e+07
5.949004898723619483e+00 1.809241511035548151e+07
5.954956879116324764e+00 1.489118726776551083e+07
5.960914814466400813e+00 2.287391742270962521e+07
5.966878710731783109e+00 1.237994037761313841e+07
5.972848573876380129e+00 1.675688107253792137e+07
5.978824409870049372e+00 1.993416915916790068e+07
5.984806224688616894e+00 1.403182883225834183e+07
5.990794024313907506e+00 9.574051882771210745e+06
5.996787814733729682e+00 1.775956802569938451e+07
6.002787601941870221e+00 2.236039014780487120e+07
6.008793391938101358e+00 2.338238807526572794e+07
6.014805190728216289e+00 1.163836310988130793e+07
6.020823004324017624e+00 2.415782992323871329e+07
6.026846838743329826e+00 2.992431254395077005e+07
6.032876700009986770e+00 2.487552563078816235e+07
6.038912594153839741e+00 1.639498481590470485e+07
6.044954527210790296e+00 8.599151963200509548e+06
6.051002505222769834e+00 4.833749501638993621e+06
6.057056534237768020e+00 1.742848690341029689e+07
6.063116620309810578e+00 1.887269514758596942e+07
6.069182769498975283e+00 9.931793608281496912e+06
6.075254987871399948e+00 1.040478227483707853e+07
6.081333281499318844e+00 1.773123254284721985e+07
6.087417656461035165e+00 2.474456807257873565e+07
6.093508118840904153e+00 2.641687082377637550e+07
6.099604674729399711e+00 2.369591259834536910e+07
6.105707330223097529e+00 1.475979247643548250e+07
6.111816091424631558e+00 1.142470953259124421e+07
6.117930964442756192e+00 1.303293825715919957e+07
6.124051955392354252e+00 2.065885438313655555e+07
6.130179070394424556e+00 3.079376288376199827e+07
6.136312315576075704e+00 3.077049666262279078e+07
6.142451697070548278e+00 1.580833459241185337e+07
6.148597221017229053e+00 2.247501118720465526e+07
6.154748893561648337e+00 2.320794556834965572e+07
6.160906720855489738e+00 1.131906905982031673e+07
6.167070709056560851e+00 1.853709838428339362e+07
6.173240864328839450e+00 2.624829632455527782e+07
6.179417192842489470e+00 2.208884272140220553e+07
6.185599700773853904e+00 9.118551420565512031e+06
6.191788394305445031e+00 2.222659394954350218e+07
6.197983279625935538e+00 3.018801644701087847e+07
6.204184362930218910e+00 3.604725944526185095e+07
6.210391650419379239e+00 1.758797484001679718e+07
6.216605148300705430e+00 2.834365529940280318e+07
6.222824862787705413e+00 2.423245162241577357e+07
6.229050800100091045e+00 3.869043436615729332e+07
6.235282966463794985e+00 2.851365698808053508e+07
6.241521368110988455e+00 2.732136421735332906e+07
6.247766011280059040e+00 3.219444064315483719e+07
6.254016902215655982e+00 2.997286127460357174e+07
6.260274047168675082e+00 3.601763410453466326e+07
6.266537452396248042e+00 2.939435570901916921e+07
6.272807124161805525e+00 2.801431917302057520e+07
6.279083068735027418e+00 3.671343849265231937e+07
6.285365292391835723e+00 3.050323881922262162e+07
6.291653801414451408e+00 2.615469338306695595e+07
6.297948602091395287e+00 2.717647022201989964e+07
6.304249700717476479e+00 3.479048160001663864e+07
6.310557103593776418e+00 3.580231754710242897e+07
6.316870817027704810e+00 3.480437772012079507e+07
6.323190847332971209e+00 3.379733355830011517e+07
6.329517200829613444e+00 2.851215221944594383e+07
6.335849883843987840e+00 2.079815936164413020e+07
6.342188902708793208e+00 8.434513546095132828e+06
6.348534263763021990e+00 1.474141624281518720e+07
6.354885973352024209e+00 2.217583154671246186e+07
6.361244037827538556e+00 2.043958902217102051e+07
6.367608463547619557e+00 1.444945708260158077e+07
6.373979256876696198e+00 1.336381210358143970e+07
6.380356424185563924e+00 1.959509682494103909e+07
6.386739971851379316e+00 1.624973699005739391e+07
6.393129906257697392e+00 1.466515885232659616e+07
6.399526233794450292e+00 1.752269752865266055e+07
6.405928960857968590e+00 1.151671066721937992e+07
6.412338093850992848e+00 7.852725541587566026e+06
6.418753639182643411e+00 6.553949009417355992e+06
6.425175603268465707e+00 1.120810682511510514e+07
6.431603992530422254e+00 1.088160937446426041e+07
6.438038813396905979e+00 1.314860231971278787e+07
6.444480072302737561e+00 1.478191457323905826e+07
6.450927775689183186e+00 1.164235326289922372e+07
6.457381930003953663e+00 1.200575548398947343e+07
6.463842541701190214e+00 1.141679018473024294e+07
6.470309617241494671e+00 7.384397866018077359e+06
6.476783163091949902e+00 8.626056151963548735e+06
6.483263185726116262e+00 6.048935536701307632e+06
6.489749691624008499e+00 5.431486459933182225e+06
6.496242687272122396e+00 5.550918420170789585e+06
6.502742179163471192e+00 5.994456503905777819e+06
6.509248173797545611e+00 5.755560282835932449e+06
6.515760677680336066e+00 6.782312117779078893e+06
6.522279697324338876e+00 7.293788716373780742e+06
6.528805239248586467e+00 8.038084496282984503e+06
6.535337309978613618e+00 8.532368473054604605e+06
6.541875916046493877e+00 9.415229595727413893e+06
6.548421063990831570e+00 8.621424525644848123e+06
6.554972760356781336e+00 6.159597245265020058e+06
6.561531011696033922e+00 9.309442743062390015e+06
6.568095824566834828e+00 7.890131176298238337e+06
6.574667205534010073e+00 6.535893184157647192e+06
6.581245161168945756e+00 6.758145608626896515e+06
6.587829698049589844e+00 7.325722055587522686e+06
6.594420822760478806e+00 7.433218853321636096e+06
6.601018541892748281e+00 6.562250947693780065e+06
6.607622862044109979e+00 8.679249102399779484e+06
6.614233789818874776e+00 6.604633847513268702e+06
6.620851331827975805e+00 5.817691951206151396e+06
6.627475494688961355e+00 6.255184044533961453e+06
6.634106285025993976e+00 5.630337340224028565e+06
6.640743709469855816e+00 5.473559140309073031e+06
6.647387774657984139e+00 5.885228932738866657e+06
6.654038487234453569e+00 8.578458868997467682e+06
6.660695853849973425e+00 8.916568348894968629e+06
6.667359881161896595e+00 6.296373704445323907e+06
6.674030575834250634e+00 6.505938151041490957e+06
6.680707944537742193e+00 6.685444230307265185e+06
6.687391993949728608e+00 6.430402564781551249e+06
6.694082730754263189e+00 5.835137475358960219e+06
6.700780161642089006e+00 5.971063905468035489e+06
6.707484293310628232e+00 6.172351370806182735e+06
6.714195132464016780e+00 5.578113414407161996e+06
6.720912685813111409e+00 5.917577827479237691e+06
6.727636960075451533e+00 5.935918950162296183e+06
6.734367961975309846e+00 8.041764088387040421e+06
6.741105698243684330e+00 5.722064895545107313e+06
6.747850175618314239e+00 5.456934685324724764e+06
6.754601400843687209e+00 6.329015840912921354e+06
6.761359380671025932e+00 7.137326010057543404e+06
6.768124121858305919e+00 7.064563554450758733e+06
6.774895631170272381e+00 5.520259778685385361e+06
6.781673915378439332e+00 6.556289227686775848e+06
6.788458981261083380e+00 5.846832934462757781e+06
6.795250835603268591e+00 5.630178994498406537e+06
6.802049485196855372e+00 5.869204200097553432e+06
6.808854936840480043e+00 6.684638354722737335e+06
6.815667197339611683e+00 7.149048809558154084e+06
6.822486273506513932e+00 6.119139011922427453e+06
6.829312172160262762e+00 6.319392491529019549e+06
6.836144900126752688e+00 6.603388584864472039e+06
6.842984464238715425e+00 7.086464650149036199e+06
6.849830871335718996e+00 6.185603865133262239e+06
6.856684128264157962e+00 6.565782163052884862e+06
6.863544241877307606e+00 6.459190437006228603e+06
6.870411219035266193e+00 6.748893586300713010e+06
6.877285066604999386e+00 6.741016555814566091e+06
6.884165791460373107e+00 7.536747441864371300e+06
6.891053400482104685e+00 8.915623317451469600e+06
6.897947900557811707e+00 7.135227536388421431e+06
6.904849298582002248e+00 6.584828781974865124e+06
6.911757601456057998e+00 6.901064995008937083e+06
6.918672816088298205e+00 8.313132470463659614e+06
6.925594949393933497e+00 6.873108049103754573e+06
6.932524008295088969e+00 8.535782481303347275e+06
6.939459999720836159e+00 8.000095242887764238e+06
6.946402930607153969e+00 9.097229765298247337e+06
6.953352807896971299e+00 7.616310121131676249e+06
6.960309638540181254e+00 7.578628720873423852e+06
6.967273429493618941e+00 8.862668221575343981e+06
6.974244187721073907e+00 9.418980075445462018e+06
6.981221920193293684e+00 9.309500896055875346e+06
6.988206633888011332e+00 1.058921231218598038e+07
6.995198335789934774e+00 9.323903191079700366e+06
7.002197032890780548e+00 1.085635252129032649e+07
7.009202732189245388e+00 1.009362792113116384e+07
7.016215440691027538e+00 1.016456292629667930e+07
7.023235165408840075e+00 1.020372763939467631e+07
7.030261913362399362e+00 1.588335540145733207e+07
7.037295691578454360e+00 1.460409124223287776e+07
7.044336507090792843e+00 9.161415676016012207e+06
7.051384366940223636e+00 1.068181240572040342e+07
7.058439278174613030e+00 1.356979438347155601e+07
7.065501247848868793e+00 1.359423453299814463e+07
7.072570283024954385e+00 1.585384994199306704e+07
7.079646390771910269e+00 1.156113357574307360e+07
7.086729578165847698e+00 1.215346706386228278e+07
7.093819852289949601e+00 1.415151624328864180e+07
7.100917220234500782e+00 1.598570827632418647e+07
7.108021689096868378e+00 1.411068003125848994e+07
7.115133265981508082e+00 1.240065701313470490e+07
7.122251958000004990e+00 1.304369659030159563e+07
7.129377772271054070e+00 1.587122200511700660e+07
7.136510715920461934e+00 1.268722654660746828e+07
7.143650796081180587e+00 1.192397602055015229e+07
7.150798019893290558e+00 1.328017695500830747e+07
7.157952394504015103e+00 1.267542885385746881e+07
7.165113927067729094e+00 1.326615312689897604e+07
7.172282624745966118e+00 1.497767629591335356e+07
7.179458494707433580e+00 2.107656324805686995e+07
7.186641544127991388e+00 2.171602220238602906e+07
7.193831780190692804e+00 2.310872080963502079e+07
7.201029210085776455e+00 2.348075351544091478e+07
7.208233841010668996e+00 2.064154143110240251e+07
7.215445680170001985e+00 2.437475448880162463e+07
7.222664734775614548e+00 3.824106875547091663e+07
7.229891012046562260e+00 3.279487946862949058e+07
7.237124519209114482e+00 2.799569986860652640e+07
7.244365263496786334e+00 3.327330234525203705e+07
7.251613252150332478e+00 8.279504752534862608e+06
7.258868492417732021e+00 8.957890805144146085e+06
7.266130991554229368e+00 1.454455728688429482e+07
7.273400756822333335e+00 1.611942445638489164e+07
7.280677795491791393e+00 1.128172049884134158e+07
7.287962114839658945e+00 2.756861037437380850e+07
7.295253722150257580e+00 2.293572680717910826e+07
7.302552624715170637e+00 1.557299105426765606e+07
7.309858829833316030e+00 1.480261999992961250e+07
7.317172344810906282e+00 2.329855043386685476e+07
7.324493176961444973e+00 1.547770492491844296e+07
7.331821333605770263e+00 1.362414244332808629e+07
7.339156822072049557e+00 1.627500265479935147e+07
7.346499649695761747e+00 1.150637899830173515e+07
7.353849823819730069e+00 1.301848994845388830e+07
7.361207351794133658e+00 1.454310115026725829e+07
7.368572240976500431e+00 1.658097594275095500e+07
7.375944498731713317e+00 7.197593844727907330e+06
7.383324132432038667e+00 1.698449275592209399e+07
7.390711149457120932e+00 1.045055106396921910e+07
7.398105557193965787e+00 8.980532094088952988e+06
7.405507363036982760e+00 1.885254001428924501e+07
7.412916574387977242e+00 2.052987903476689756e+07
7.420333198656157592e+00 7.789554633932122029e+06
7.427757243258164443e+00 8.929282258458334953e+06
7.435188715618025412e+00 2.049520291253742948e+07
7.442627623167226147e+00 1.261139042739291675e+07
7.450073973344676581e+00 6.820284899831573479e+06
7.457527773596703824e+00 1.253363700058023073e+07
7.464989031377126771e+00 2.044421572709018365e+07
7.472457754147218800e+00 1.034741211315600574e+07
7.479933949375681124e+00 8.070884901955884881e+06
7.487417624538714733e+00 2.123700497760937735e+07
7.494908787120000859e+00 1.980416111880692840e+07
7.502407444610704523e+00 8.165102346461696550e+06
7.509913604509470098e+00 1.144335484376657195e+07
7.517427274322463049e+00 2.341845604043586925e+07
7.524948461563358393e+00 2.195650210376716405e+07
7.532477173753336253e+00 8.368551905206446536e+06
7.540013418421120939e+00 1.466825468472551368e+07
7.547557203102952528e+00 2.621403260470113158e+07
7.555108535342625053e+00 2.584264549784747884e+07
7.562667422691464303e+00 9.630077410330073908e+06
7.570233872708334033e+00 2.732014351299869642e+07
7.577807892959705249e+00 3.595982030437119305e+07
7.585389491019602026e+00 3.922393661290689558e+07
7.592978674469621048e+00 1.321425221723682247e+07
7.600575450898948482e+00 3.642897493032890558e+07
7.608179827904360870e+00 4.210489503741020709e+07
7.615791813090228679e+00 4.031615779120292515e+07
7.623411414068545611e+00 1.505563631026388146e+07
7.631038638458921497e+00 3.131661753922345117e+07
7.638673493888578747e+00 3.266435321593804285e+07
7.646315987992360341e+00 1.895553834292454645e+07
7.653966128412754699e+00 9.537349306720372289e+06
7.661623922799913444e+00 9.277236455866327509e+06
7.669289378811644298e+00 7.687398796492466703e+06
7.676962504113392427e+00 7.761478148827597499e+06
7.684643306378275973e+00 9.599432229430360720e+06
7.692331793287112696e+00 8.748785618600266054e+06
7.700027972528378228e+00 1.419600180485226400e+07
7.707731851798260259e+00 1.224380000994689763e+07
7.715443438800645204e+00 1.770767983018968999e+07
7.723162741247111995e+00 8.592415442803578451e+06
7.730889766856956058e+00 1.543729847215490602e+07
7.738624523357209739e+00 1.948507007440092787e+07
7.746367018482623656e+00 3.080166162266579270e+07
7.754117259975699561e+00 1.603022029609289393e+07
7.761875255586685896e+00 7.969094535033580847e+06
7.769641013073576907e+00 1.633516317501243763e+07
7.777414540202122417e+00 3.409596099207261205e+07
7.785195844745862459e+00 2.724008148376382142e+07
7.792984934486088200e+00 8.211933161321301945e+06
7.800781817211894342e+00 1.055508857753175125e+07
7.808586500720170243e+00 2.603497087165877968e+07
7.816398992815588365e+00 3.849297940377423912e+07
7.824219301310663788e+00 2.488058404419142380e+07
7.832047434025690258e+00 1.180259807920144498e+07
7.839883398788800584e+00 1.262748631781592593e+07
7.847727203435961307e+00 2.797897452523009479e+07
7.855578855810978034e+00 4.222638034027034789e+07
7.863438363765501649e+00 1.393833850898505375e+07
7.871305735159038086e+00 1.475187062658226304e+07
7.879180977858965207e+00 1.340770055389109068e+07
7.887064099740538126e+00 1.051484830132116191e+07
7.894955108686875889e+00 2.967219952071363851e+07
7.902854012588970356e+00 1.452630025226511061e+07
7.910760819345729722e+00 2.537261322420842946e+07
7.918675536863970521e+00 1.332066663317519426e+07
7.926598173058410524e+00 1.359426802957750484e+07
7.934528735851682946e+00 1.260472937664434686e+07
7.942467233174356878e+00 2.406861713322092593e+07
7.950413672964919520e+00 5.235601545225997269e+07
7.958368063169806383e+00 2.622832601328912005e+07
7.966330411743424378e+00 2.771180880388543382e+07
7.974300726648118065e+00 1.870029997505493090e+07
7.982279015854214066e+00 3.137324196591505408e+07
7.990265287339989975e+00 5.277239543328720331e+07
7.998259549091704557e+00 3.657341341146272421e+07
8.006261809103635940e+00 3.772752848348774016e+07
8.014272075378054083e+00 1.817018749985538796e+07
8.022290355925221661e+00 2.467025773029088601e+07
8.030316658763410942e+00 1.909503015314575657e+07
8.038350991918917998e+00 4.784132155195789039e+07
8.046393363426080469e+00 2.430597396727699786e+07
8.054443781327282892e+00 2.474136454997605830e+07
8.062502253672942487e+00 4.523813554169415683e+07
8.070568788521519821e+00 4.352801242618251592e+07
8.078643393939561435e+00 2.716039005546812341e+07
8.086726078001667872e+00 2.074301878983492404e+07
8.094816848790527430e+00 5.829509632702431828e+07
8.102915714396893065e+00 6.978722568252140284e+07
8.111022682919651672e+00 6.084704895904654264e+07
8.119137762465774344e+00 1.013802741999162585e+08
8.127260961150341245e+00 4.448479711280581355e+07
8.135392287096552266e+00 2.609821239962498471e+07
8.143531748435727025e+00 7.528139789303466678e+07
8.151679353307327958e+00 8.794969007976825535e+07
8.159835109858954993e+00 5.460268747556539625e+07
8.167999026246373973e+00 7.660739774563638866e+07
8.176171110633504213e+00 3.973222467287885398e+07
8.184351371192425617e+00 4.915106370335599035e+07
8.192539816103396433e+00 4.404330905040306598e+07
8.200736453554856809e+00 6.129635927562455088e+07
8.208941291743464319e+00 5.393187241987721622e+07
8.217154338874046005e+00 6.197619379323749989e+07
8.225375603159649884e+00 7.869842930518618226e+07
8.233605092821548510e+00 1.268743970011762977e+08
8.241842816089222978e+00 1.242133301044708490e+08
8.250088781200394905e+00 6.620678814052695781e+07
8.258342996401033531e+00 5.620675189502380043e+07
8.266605469945350393e+00 6.610968597959823906e+07
8.274876210095818863e+00 1.209184209018384069e+08
8.283155225123197241e+00 1.304239704696075022e+08
8.291442523306500334e+00 1.374488980454314947e+08
8.299738112933010115e+00 1.407211436704181731e+08
8.308042002298329010e+00 6.524709730807325244e+07
8.316354199706326611e+00 7.838865289286150038e+07
8.324674713469219611e+00 6.108274489775734395e+07
8.333003551907516737e+00 1.144197472890582383e+08
8.341340723350057829e+00 1.021660343380768001e+08
8.349686236134026274e+00 1.188317245546046346e+08
8.358040098604922363e+00 9.606209711390094459e+07
8.366402319116609476e+00 1.372956891033346355e+08
8.374772906031305197e+00 1.532568773506787717e+08
8.383151867719606187e+00 1.209883401774446964e+08
8.391539212560473970e+00 8.655695715533655882e+07
8.399934948941243817e+00 7.804992611005450785e+07
8.408339085257667378e+00 1.114924852558941394e+08
8.416751629913893140e+00 1.426153046222400963e+08
8.425172591322457549e+00 1.352112352892102599e+08
8.433601977904316982e+00 1.235113890146142840e+08
8.442039798088842417e+00 1.300902845572581291e+08
8.450486060313872727e+00 1.700101681323933303e+08
8.458940773025680926e+00 1.206324360553808063e+08
8.467403944678963512e+00 1.126932705955711454e+08
8.475875583736875996e+00 1.447443951237626076e+08
8.484355698671075530e+00 1.837031676545305252e+08
8.492844297961685385e+00 1.368682044175233543e+08
8.501341390097307382e+00 1.668981389198397100e+08
8.509846983575016566e+00 1.560072480054530203e+08
8.518361086900416268e+00 1.274592676590164006e+08
8.526883708587609689e+00 1.394348564712449312e+08
8.535414857159230095e+00 1.589701327211850286e+08
8.543954541146415949e+00 1.093223602844582349e+08
8.552502769088842882e+00 1.445694600326806307e+08
8.561059549534769886e+00 1.696774102070114315e+08
8.569624891040954040e+00 1.654853126305300593e+08
8.578198802172744664e+00 1.520304497942412198e+08
8.586781291504054892e+00 1.452218056396340132e+08
8.595372367617367004e+00 2.057961105797194242e+08
8.603972039103767955e+00 1.905866317451623082e+08
8.612580314562926276e+00 1.554128101662077606e+08
8.621197202603104515e+00 1.301343647583431154e+08
8.629822711841203642e+00 1.835477868214668632e+08
8.638456850902732853e+00 2.056498575908529162e+08
8.647099628421834439e+00 2.110556938039368391e+08
8.655751053041287335e+00 1.868524833447519839e+08
8.664411133412508903e+00 1.662747766668241620e+08
8.673079878195581571e+00 1.499802951614161432e+08
8.681757296059268825e+00 1.678016765093878806e+08
8.690443395680977900e+00 1.560192287366525233e+08
8.699138185746802421e+00 1.619917836105987430e+08
8.707841674951529498e+00 1.699834225088593960e+08
8.716553871998655723e+00 1.859056733828902245e+08
8.725274785600383609e+00 2.089064364121412039e+08
8.734004424477626927e+00 2.163231920736480355e+08
8.742742797360028462e+00 2.138755110806165934e+08
8.751489912985945807e+00 1.875655918621892333e+08
8.760245780102499324e+00 1.949795336622022688e+08
8.769010407465557932e+00 2.039690610291382074e+08
8.777783803839753318e+00 1.840584023109244406e+08
8.786565977998490595e+00 1.868956813471947312e+08
8.795356938723937645e+00 1.345008425269211233e+08
8.804156694807060646e+00 1.510432502833010852e+08
8.812965255047608082e+00 1.783721976506152749e+08
8.821782628254135616e+00 2.142437901258380711e+08
8.830608823244022076e+00 2.208207125871730149e+08
8.839443848843473006e+00 2.142253065438483953e+08
8.848287713887497574e+00 2.012379058880223930e+08
8.857140427219976075e+00 1.992930864405197501e+08
8.866001997693627956e+00 2.201840685750202239e+08
8.874872434170020696e+00 2.109941636932594180e+08
8.883751745519582244e+00 2.058575068331572115e+08
8.892639940621625882e+00 2.149842540656341314e+08
8.901537028364346682e+00 1.719047813615363836e+08
8.910443017644842811e+00 2.169558194957522750e+08
8.919357917369106659e+00 1.340157159280189872e+08
8.928281736452028383e+00 1.944289347971061766e+08
8.937214483817424338e+00 2.169658541417054236e+08
8.946156168398053055e+00 2.065119245479658544e+08
8.955106799135602813e+00 2.111832060745378435e+08
8.964066384980702296e+00 2.236945395673183799e+08
8.973034934892920589e+00 2.178565209442470074e+08
8.982012457840815145e+00 2.184131388579783440e+08
8.990998962801914018e+00 2.142000408683070242e+08
8.999994458762728300e+00 1.887112063022466004e+08
9.008998954718750340e+00 2.007482019502413273e+08
9.018012459674482173e+00 2.195476961891956925e+08
9.027034982643428407e+00 1.892520577181077003e+08
9.036066532648110439e+00 1.910418601902540624e+08
9.045107118720064676e+00 1.916788769679941237e+08
9.054156749899895829e+00 1.869241654348564148e+08
9.063215435237234274e+00 2.197378305638739169e+08
9.072283183790759153e+00 2.161296061668533981e+08
9.081360004628230342e+00 1.987838353939857781e+08
9.090445906826463585e+00 2.030182701300261319e+08
9.099540899471353583e+00 2.127362300384969115e+08
9.108644991657907752e+00 2.211821736589017808e+08
9.117758192490214242e+00 2.221911503803309202e+08
9.126880511081456149e+00 2.105064360713676512e+08
9.136011956553980795e+00 2.076998201785928309e+08
9.145152538039223344e+00 2.139061882661710978e+08
9.154302264677752987e+00 2.039836493010419607e+08
9.163461145619306691e+00 1.871352719923370779e+08
9.172629190022773216e+00 2.041452326962797344e+08
9.181806407056209096e+00 2.008753801699645519e+08
9.190992805896815554e+00 1.868222870428811014e+08
9.200188395730981128e+00 2.094647970624106526e+08
9.209393185754311872e+00 2.069565292375637591e+08
9.218607185171599383e+00 2.068069668209715784e+08
9.227830403196843889e+00 2.074699232230831981e+08
9.237062849053257807e+00 2.112170193404664099e+08
9.246304531973295937e+00 1.942604610759991407e+08
9.255555461198628819e+00 2.104097023512665331e+08
9.264815645980180037e+00 2.038580134685136974e+08
9.274085095578147531e+00 1.995402266474594176e+08
9.283363819261991168e+00 2.057069903643603623e+08
9.292651826310423857e+00 1.929264966223215759e+08
9.301949126011466618e+00 2.024652379377612472e+08
9.311255727662413051e+00 1.826476485866920650e+08
9.320571640569852434e+00 1.844463413535482585e+08
9.329896874049707023e+00 1.892701893960667551e+08
9.339231437427212512e+00 1.946886515750139058e+08
9.348575340036930470e+00 2.026264330023317635e+08
9.357928591222769654e+00 1.963220387649159133e+08
9.367291200337987789e+00 1.935530164745566547e+08
9.376663176745186234e+00 1.735480281470477283e+08
9.386044529816329529e+00 1.971348879557092786e+08
9.395435268932773809e+00 1.919483508167028427e+08
9.404835403485281020e+00 1.963514225902238786e+08
9.414244942873983391e+00 1.880226890689382553e+08
9.423663896508406523e+00 1.856575597140832245e+08
9.433092273807510253e+00 1.780161892363311350e+08
9.442530084199674434e+00 1.729060578749120533e+08
9.451977337122700717e+00 1.758808542465737760e+08
9.461434042023851632e+00 1.698559440589824915e+08
9.470900208359843475e+00 1.661377950479783118e+08
9.480375845596832107e+00 1.821917961256143153e+08
9.489860963210444922e+00 1.713064782897090018e+08
9.499355570685795058e+00 1.717918397634720802e+08
9.508859677517522258e+00 1.637630555963327885e+08
9.518373293209727137e+00 1.635728875669510067e+08
9.527896427276015601e+00 1.613809003646051288e+08
9.537429089239532587e+00 1.417816261613167524e+08
9.546971288632937203e+00 1.626206145231193006e+08
9.556523034998413380e+00 1.521649321805891395e+08
9.566084337887714284e+00 1.502978722214146554e+08
9.575655206862155211e+00 1.500331282744122446e+08
9.585235651492601150e+00 1.484033129722877145e+08
9.594825681359491654e+00 1.425459135167256296e+08
9.604425306052856826e+00 1.386723179243051410e+08
9.614034535172327978e+00 1.453833038319013417e+08
9.623653378327144736e+00 1.328467920147757381e+08
9.633281845136142607e+00 1.310770276829522699e+08
9.642919945227788503e+00 1.386843302637430429e+08
9.652567688240175414e+00 1.444355621211627424e+08
9.662225083821059712e+00 1.532542188622847795e+08
9.671892141627827399e+00 1.489813768596270680e+08
9.681568871327542070e+00 1.591273198946240842e+08
9.691255282596946685e+00 1.606090568508663774e+08
9.700951385122440485e+00 1.532095057187780142e+08
9.710657188600118062e+00 1.505250919883891940e+08
9.720372702735790682e+00 1.431835744251203835e+08
9.730097937244991613e+00 1.405224127291942537e+08
9.739832901852937042e+00 1.529141413947643936e+08
9.749577606294584697e+00 1.462768676081506014e+08
9.759332060314648061e+00 1.453566344491301477e+08
9.769096273667583930e+00 1.384052110431671739e+08
9.778870256117615511e+00 1.398496706426456571e+08
9.788654017438732424e+00 1.419309166388359964e+08
9.798447567414664050e+00 1.427708202165304422e+08
9.808250915838973683e+00 1.368299884909702539e+08
9.818064072515031881e+00 1.417576845206087530e+08
9.827887047255972064e+00 1.374536978471001685e+08
9.837719849884754453e+00 1.404252566826302707e+08
9.847562490234214039e+00 1.409860063146343827e+08
9.857414978147000184e+00 1.361759650385021865e+08
9.867277323475576623e+00 1.510059406779961884e+08
9.877149536082288961e+00 1.559432299555709064e+08
9.887031625839359350e+00 1.488193436809171438e+08
9.896923602628888261e+00 1.534551881126469672e+08
9.906825476342849157e+00 1.530210398952485621e+08
9.916737256883115137e+00 1.530863774922208190e+08
9.926658954161467818e+00 1.360853961965479553e+08
9.936590578099599114e+00 1.372018637533840239e+08
9.946532138629125441e+00 1.618106751761093736e+08
9.956483645691628581e+00 1.500425362610409856e+08
9.966445109238607714e+00 1.638590376851373017e+08
9.976416539231488301e+00 1.668924890253309608e+08
9.986397945641751761e+00 1.571378455821741521e+08
9.996389338450816453e+00 1.629835412165847719e+08
1.000639072765004123e+01 1.652658629258311093e+08
1.001640212324083024e+01 1.662558339195073843e+08
1.002642353523456720e+01 1.232595814476481527e+08
1.003645497365266870e+01 1.607295644187623858e+08
1.004649644852658774e+01 1.633644222248173952e+08
1.005654796989779420e+01 1.681036058494739532e+08
1.006660954781781925e+01 1.625511643197979331e+08
1.007668119234822868e+01 1.730842842315732837e+08
1.008676291356065136e+01 1.596434372001600862e+08
1.009685472153683961e+01 1.726228496899236441e+08
1.010695662636857328e+01 1.751247696580550671e+08
1.011706863815775748e+01 1.265666734779498279e+08
1.012719076701644383e+01 1.337652378733283877e+08
1.013732302306676303e+01 1.440220661988572478e+08
1.014746541644093547e+01 1.688497105400406122e+08
1.015761795728136363e+01 1.689267716368387341e+08
1.016778065574060363e+01 1.704449527562740445e+08
1.017795352198134040e+01 1.629589475215365589e+08
1.018813656617644803e+01 1.783214245153868794e+08
1.019832979850896315e+01 1.668274677902800143e+08
1.020853322917211337e+01 1.618486773520742953e+08
1.021874686836936519e+01 1.211380312539969832e+08
1.022897072631432991e+01 1.564763363859489858e+08
1.023920481323086840e+01 1.809972674808824658e+08
1.024944913935308044e+01 1.475547268940662742e+08
1.025970371492529942e+01 1.348927577004189789e+08
1.026996855020209765e+01 1.313355693678047359e+08
1.028024365544828811e+01 1.497242693308823705e+08
1.029052904093896892e+01 1.361948259241162837e+08
1.030082471695954105e+01 1.405571177517812550e+08
1.031113069380570302e+01 1.323342891271333545e+08
1.032144698178340825e+01 1.621517744594773054e+08
1.033177359120896099e+01 1.560776580701440871e+08
1.034211053240895950e+01 1.627200495990302563e+08
1.035245781572035639e+01 1.487799512086327076e+08
1.036281545149045868e+01 1.578266248275600970e+08
1.037318345007685672e+01 1.718673677307244241e+08
1.038356182184754672e+01 1.642842254890396595e+08
1.039395057718094506e+01 1.619340795003291965e+08
1.040434972646577272e+01 1.630339234777787030e+08
1.041475928010119567e+01 1.655824790853428841e+08
1.042517924849676270e+01 1.537233720147655308e+08
1.043560964207244091e+01 1.644059409059587121e+08
1.044605047125863351e+01 1.532946435177577138e+08
1.045650174649616382e+01 1.469811069304502904e+08
1.046696347823632323e+01 1.441850029402848780e+08
1.047743567694081790e+01 1.544821210172453821e+08
1.048791835308187714e+01 1.558729604238568246e+08
1.049841151714219301e+01 1.305891332762276381e+08
1.050891517961488475e+01 1.290108278744243532e+08
1.051942935100361431e+01 1.133091573854501694e+08
1.052995404182255434e+01 7.461855555277758837e+07
1.054048926259641661e+01 1.173718795558795184e+08
1.055103502386043246e+01 1.298087449427181035e+08
1.056159133616034929e+01 1.506422950364995599e+08
1.057215821005249445e+01 1.453586108878997862e+08
1.058273565610372025e+01 1.542384813259675503e+08
1.059332368489147136e+01 1.543719645542050004e+08
1.060392230700380445e+01 1.639814418266371191e+08
1.061453153303934371e+01 1.639517347628009617e+08
1.062515137360728978e+01 1.562869526221394837e+08
1.063578183932750854e+01 1.511797988430996537e+08
1.064642294083046359e+01 1.706105659907383025e+08
1.065707468875722519e+01 1.680998697668280303e+08
1.066773709375955193e+01 1.760630784415764511e+08
1.067841016649985519e+01 1.700137245663855672e+08
1.068909391765121519e+01 1.821701436000132561e+08
1.069978835789740934e+01 1.782861576282409132e+08
1.071049349793284122e+01 1.757735247164627910e+08
1.072120934846262230e+01 1.790430524799354970e+08
1.073193592020264830e+01 1.635085515457665622e+08
1.074267322387948376e+01 1.765892262680631578e+08
1.075342127023045435e+01 1.453798780016888976e+08
1.076418007000360966e+01 1.669768756875160336e+08
1.077494963395772487e+01 1.862078179148102403e+08
1.078572997286235946e+01 1.708334424021356106e+08
1.079652109749786604e+01 1.830380964359611571e+08
1.080732301865535838e+01 1.721673298329868317e+08
1.081813574713675052e+01 1.697418975122444630e+08
1.082895929375480470e+01 1.653985999429126680e+08
1.083979366933308341e+01 1.253885958931956440e+08
1.085063888470592630e+01 1.646370534238655269e+08
1.086149495071854787e+01 1.657144842368696034e+08
1.087236187822703393e+01 1.723054494239887297e+08
1.088323967809830783e+01 1.709940361070889235e+08
1.089412836121015538e+01 1.650903544885445833e+08
1.090502793845127272e+01 1.636332490463968515e+08
1.091593842072125575e+01 1.405813103410933018e+08
1.092685981893055747e+01 1.465995544432180226e+08
1.093779214400056965e+01 1.612003515602197051e+08
1.094873540686364244e+01 1.590979199314586222e+08
1.095968961846305412e+01 1.604108816022399664e+08
1.097065478975298625e+01 1.564079200683952272e+08
1.098163093169861249e+01 1.554775274938375950e+08
1.099261805527609326e+01 1.333813021755514592e+08
1.100361617147250470e+01 1.118747139182573110e+08
1.101462529128598611e+01 1.456232957454689443e+08
1.102564542572569728e+01 1.447968923642164171e+08
1.103667658581177058e+01 1.366431771326924264e+08
1.104771878257536777e+01 1.398813960024504662e+08
1.105877202705865159e+01 1.353580371573099494e+08
1.106983633031488701e+01 1.274469539839085340e+08
1.108091170340838083e+01 1.181205953818970770e+08
1.109199815741450301e+01 1.284668919583355635e+08
1.110309570341971686e+01 1.351084364491198957e+08
1.111420435252153993e+01 1.383816710671707690e+08
1.112532411582863290e+01 1.322947858160054535e+08
1.113645500446078351e+01 1.374214929741950035e+08
1.114759702954887644e+01 1.029257582964428812e+08
1.115875020223492164e+01 1.142508759609378278e+08
1.116991453367207754e+01 1.108650945290901065e+08
1.118109003502470777e+01 1.142402717854771465e+08
1.119227671746831376e+01 1.130243548747193813e+08
1.120347459218956310e+01 1.059719737175349444e+08
1.121468367038634106e+01 1.005628109924694896e+08
1.122590396326773821e+01 9.701547513627099991e+07
1.123713548205403256e+01 9.294763479076227546e+07
1.124837823797674297e+01 9.945221737777695060e+07
1.125963224227863257e+01 9.867761482719518244e+07
1.127089750621371778e+01 8.389370892668870091e+07
1.128217404104722554e+01 8.965575516615000367e+07
1.129346185805569291e+01 9.341013264328458905e+07
1.130476096852695456e+01 8.922816080556795001e+07
1.131607138376011612e+01 9.233170725474555790e+07
1.132739311506561641e+01 8.511318769326779246e+07
1.133872617376518122e+01 8.968934123521976173e+07
1.135007057119186236e+01 8.744662386316087842e+07
1.136142631869005903e+01 8.796610119165432453e+07
1.137279342761551248e+01 7.774442485567158461e+07
1.138417190933534684e+01 7.867942614555846155e+07
1.139556177522804603e+01 7.295493597027181089e+07
1.140696303668344669e+01 7.410149770032100379e+07
1.141837570510285005e+01 7.134308647931864858e+07
1.142979979189892958e+01 6.653232188152036071e+07
1.144123530849573278e+01 6.934749684035675228e+07
1.145268226632879305e+01 7.231335407840821147e+07
1.146414067684506044e+01 6.241528543344639987e+07
1.147561055150295850e+01 6.730056858550785482e+07
1.148709190177237893e+01 6.595102113337957859e+07
1.149858473913466561e+01 6.228599516436343640e+07
1.151008907508264123e+01 6.081140535353930295e+07
1.152160492112064460e+01 6.094301965483826399e+07
1.153313228876454133e+01 6.582000531241451949e+07
1.154467118954168825e+01 5.954901290788774192e+07
1.155622163499099919e+01 5.518025899674646556e+07
1.156778363666291476e+01 5.996472495348652452e+07
1.157935720611939345e+01 5.775194639933381975e+07
1.159094235493406444e+01 5.713288827744862437e+07
1.160253909469204991e+01 5.158684107646518201e+07
1.161414743699006635e+01 5.492016717146648467e+07
1.162576739343652221e+01 5.173308189922957122e+07
1.163739897565136694e+01 4.827972999421261251e+07
1.164904219526613538e+01 5.639160846806679666e+07
1.166069706392407035e+01 4.754901743774017692e+07
1.167236359328002493e+01 4.356584038533207774e+07
1.168404179500053175e+01 5.606690971351116151e+07
1.169573168076382252e+01 4.596991165368884057e+07
1.170743326225975878e+01 4.192202145089463890e+07
1.171914655118992599e+01 5.176588813784432411e+07
1.173087155926761760e+01 4.308674719908716530e+07
1.174260829821783325e+01 4.119059135442946106e+07
1.175435677977733384e+01 4.902061004063921422e+07
1.176611701569460777e+01 4.696464874782658368e+07
1.177788901772987806e+01 3.855617310625576228e+07
1.178967279765513254e+01 4.325484050148182362e+07
1.180146836725415938e+01 4.427195105104168504e+07
1.181327573832253641e+01 4.108617324500631541e+07
1.182509492266764717e+01 4.079321191743726283e+07
1.183692593210868438e+01 5.041630894924719632e+07
1.184876877847663401e+01 4.609761145917136967e+07
1.186062347361432678e+01 3.785615801705260575e+07
1.187249002937649855e+01 4.848512525375965983e+07
1.188436845762971572e+01 6.627184136185219139e+07
1.189625877025236811e+01 3.495276707110814750e+07
1.190816097913477911e+01 4.428764703277364373e+07
1.192007509617916661e+01 8.468950644068507850e+07
1.193200113329961809e+01 3.395328934725237638e+07
1.194393910242220258e+01 4.429097894221049547e+07
1.195588901548488714e+01 8.412557208304430544e+07
1.196785088443757417e+01 4.701373879652640224e+07
1.197982472124212805e+01 4.915367576945430040e+07
1.199181053787241602e+01 7.132757237272205949e+07
1.200380834631422822e+01 5.286904911285655200e+07
1.201581815856538427e+01 4.450986788999807835e+07
1.202783998663571730e+01 7.032701648239836097e+07
1.203987384254702775e+01 7.082337130450157821e+07
1.205191973833318109e+01 3.979487573289472610e+07
1.206397768604006693e+01 5.450043837243397534e+07
1.207604769772563813e+01 6.726403117171613872e+07
1.208812978545991257e+01 3.677264839719375968e+07
1.210022396132499090e+01 4.312077926824277639e+07
1.211233023741503700e+01 8.441809776870462298e+07
1.212444862583633132e+01 3.426396539098000526e+07
1.213657913870727256e+01 3.960562216698992997e+07
1.214872178815835468e+01 7.020169317135071754e+07
1.216087658633222013e+01 3.974596873271705955e+07
1.217304354538368472e+01 5.378498765712375194e+07
1.218522267747971277e+01 7.203159778186230361e+07
1.219741399479943134e+01 4.630712986550120264e+07
1.220961750953417990e+01 3.999789628062443435e+07
1.222183323388744647e+01 5.345432921530978382e+07
1.223406118007494747e+01 5.851063280870978534e+07
1.224630136032464556e+01 3.767859114879224449e+07
1.225855378687672292e+01 5.372020120037037134e+07
1.227081847198362219e+01 6.343831947628108412e+07
1.228309542791001974e+01 3.608983370491847396e+07
1.229538466693285770e+01 5.144477322961137444e+07
1.230768620134138125e+01 6.872246335751536489e+07
1.232000004343713506e+01 3.895780519910313934e+07
1.233232620553395975e+01 5.670454105847103149e+07
1.234466469995803273e+01 5.994540595807743818e+07
1.235701553904784689e+01 4.416350791227728873e+07
1.236937873515422659e+01 5.340554369501341134e+07
1.238175430064036320e+01 5.258784013440861553e+07
1.239414224788182928e+01 5.298024337457602471e+07
1.240654258926657327e+01 4.525736054668784887e+07
1.241895533719494793e+01 5.464767622513732314e+07
1.243138050407970141e+01 5.559230729118621349e+07
1.244381810234597729e+01 4.212163827443063259e+07
1.245626814443139274e+01 6.450918799380376190e+07
1.246873064278601007e+01 4.807685542255754024e+07
1.248120560987228522e+01 3.944800587110589445e+07
1.249369305816520281e+01 6.630862865891178697e+07
1.250619300015223345e+01 5.490699529121936113e+07
1.251870544833331600e+01 3.888852088658192754e+07
1.253123041522088243e+01 5.534813592168245465e+07
1.254376791333988095e+01 5.784386740245348215e+07
1.255631795522783989e+01 4.661091836526422948e+07
1.256888055343483224e+01 5.455004102621785551e+07
1.258145572052343297e+01 6.268158256935656816e+07
1.259404346906877592e+01 4.884631474469608814e+07
1.260664381165862302e+01 5.960747063282903284e+07
1.261925676089335191e+01 6.105816361969983578e+07
1.263188232938587952e+01 4.951884829557535797e+07
1.264452052976177043e+01 6.115970482731749117e+07
1.265717137465927955e+01 7.159938856354814768e+07
1.266983487672921349e+01 6.267947414228220284e+07
1.268251104863505674e+01 7.155827306242398918e+07
1.269519990305300539e+01 7.282582620073890686e+07
1.270790145267191740e+01 5.617600078287549317e+07
1.272061571019333925e+01 6.647325148218201101e+07
1.273334268833151661e+01 7.737103368724814057e+07
1.274608239981345470e+01 7.122998895150031149e+07
1.275883485737886680e+01 6.838499840540997684e+07
1.277160007378020090e+01 8.589537657761396468e+07
1.278437806178266989e+01 7.145327528396931291e+07
1.279716883416425510e+01 8.084583376039524376e+07
1.280997240371574897e+01 7.474944733337953687e+07
1.282278878324071059e+01 8.668427479595252872e+07
1.283561798555550659e+01 7.043697221650414169e+07
1.284846002348936622e+01 9.425963201102924347e+07
1.286131490988431381e+01 8.204590009094850719e+07
1.287418265759523628e+01 8.430484803982722759e+07
1.288706327948990271e+01 8.487645479619228840e+07
1.289995678844894478e+01 9.290881395140807331e+07
1.291286319736583721e+01 9.630096800355184078e+07
1.292578251914697951e+01 1.055844363553923517e+08
1.293871476671172793e+01 8.791818083113488555e+07
1.295165995299232620e+01 9.829240285544165969e+07
1.296461809093395523e+01 9.855099705088675022e+07
1.297758919349474738e+01 9.212582236106395721e+07
1.299057327364582903e+01 1.052697202521064579e+08
1.300357034437127801e+01 1.015154002091943473e+08
1.301658041866812354e+01 9.406055455175878108e+07
1.302960350954645996e+01 1.066537019822286367e+08
1.304263963002939519e+01 9.880763801101481915e+07
1.305568879315306674e+01 1.152776685822100043e+08
1.306875101196661504e+01 1.098766355878554136e+08
1.308182629953226872e+01 1.070617455330478400e+08
1.309491466892529665e+01 1.020027815581084788e+08
1.310801613323407544e+01 1.174374616182516515e+08
1.312113070556008587e+01 1.100935193716220558e+08
1.313425839901791292e+01 1.181814144070341885e+08
1.314739922673523687e+01 1.047280813490133286e+08
1.316055320185286348e+01 1.217665673750805706e+08
1.317372033752479865e+01 1.156737403997796178e+08
1.318690064691818620e+01 1.251115475531725138e+08
1.320009414321328833e+01 1.039627290243010670e+08
1.321330083960363133e+01 1.141188998545008302e+08
1.322652074929591492e+01 1.099205436598660797e+08
1.323975388551004784e+01 1.271134025145623237e+08
1.325300026147915844e+01 1.092050097593480945e+08
1.326625989044964449e+01 1.141289843358246684e+08
1.327953278568112516e+01 1.144376439246905893e+08
1.329281896044648903e+01 1.242695892609334141e+08
1.330611842803193312e+01 1.186268516099215299e+08
1.331943120173693274e+01 1.277020336802625507e+08
1.333275729487423966e+01 1.125204223345189840e+08
1.334609672076993725e+01 1.340752681176373214e+08
1.335944949276346172e+01 1.052819299063017219e+08
1.337281562420759862e+01 1.306649454422722608e+08
1.338619512846847215e+01 1.155376699823751301e+08
1.339958801892558071e+01 1.362519785883208811e+08
1.341299430897182177e+01 1.150428508378392756e+08
1.342641401201349538e+01 1.293790566779840291e+08
1.343984714147030957e+01 1.112124378574520797e+08
1.345329371077539982e+01 1.340982732407145649e+08
1.346675373337531489e+01 1.096360446329100132e+08
1.348022722273005236e+01 9.705475821290372312e+07
1.349371419231313141e+01 7.326842438612394035e+07
1.350721465561153423e+01 1.066577356691159308e+08
1.352072862612571136e+01 1.120338920950423628e+08
1.353425611736962608e+01 1.161464882029459029e+08
1.354779714287080061e+01 1.150127691388617754e+08
1.356135171617024326e+01 1.197927911155628264e+08
1.357491985082253727e+01 1.210186903562875837e+08
1.358850156039581769e+01 1.158136430218871981e+08
1.360209685847177141e+01 1.282417147080633193e+08
1.361570575864573662e+01 1.096250123189072162e+08
1.362932827452661932e+01 1.320179697597974688e+08
1.364296441973689866e+01 1.037356897511414438e+08
1.365661420791272107e+01 1.342166007170564383e+08
1.367027765270389139e+01 9.644826354775519669e+07
1.368395476777384623e+01 1.227976418561978042e+08
1.369764556679970546e+01 9.735239082757154107e+07
1.371135006347225982e+01 1.226113589938973039e+08
1.372506827149601527e+01 9.468558188715738058e+07
1.373880020458919660e+01 1.423388423472978473e+08
1.375254587648374383e+01 1.017508852535907924e+08
1.376630530092532290e+01 1.361542521590595245e+08
1.378007849167333632e+01 1.118938944608562738e+08
1.379386546250100665e+01 1.302975467557377964e+08
1.380766622719529657e+01 1.252198191501167119e+08
1.382148079955695330e+01 1.283165024912400544e+08
1.383530919340054588e+01 1.287521989582023621e+08
1.384915142255448472e+01 1.097295933578625470e+08
1.386300750086100031e+01 9.851272053148530424e+07
1.387687744217617691e+01 3.853159254787466675e+07
1.389076126036993308e+01 4.081998916048636287e+07
1.390465896932608914e+01 6.598568565471420437e+07
1.391857058294238314e+01 7.718340181901828945e+07
1.393249611513042652e+01 1.045274035201733559e+08
1.394643557981579285e+01 9.788503729864569008e+07
1.396038899093789354e+01 1.097204286415559649e+08
1.397435636245010393e+01 1.050077818094587028e+08
1.398833770831983081e+01 9.793509376164759696e+07
1.400233304252842537e+01 1.197333008170793205e+08
1.401634237907123293e+01 8.203496733443410695e+07
1.403036573195758763e+01 1.113505391068338156e+08
1.404440311521085327e+01 8.828196745071478188e+07
1.405845454286841267e+01 9.281319203196239471e+07
1.407252002898167476e+01 8.814525958021819592e+07
1.408659958761614028e+01 8.889067023781776428e+07
1.410069323285138765e+01 8.616844336881969869e+07
1.411480097878105155e+01 8.071637074726982415e+07
1.412892283951284611e+01 8.825221877892047167e+07
1.414305882916865897e+01 8.111708103947106004e+07
1.415720896188447142e+01 7.914066280349563062e+07
1.417137325181041696e+01 7.525908238486719131e+07
1.418555171311082397e+01 6.608349590262379497e+07
1.419974435996411799e+01 7.839376185846076906e+07
1.421395120656291056e+01 6.083409230371133983e+07
1.422817226711411465e+01 7.571459025525200367e+07
1.424240755583879192e+01 6.610029346423187852e+07
1.425665708697219713e+01 6.243643167527236789e+07
1.427092087476386340e+01 6.452084578949847817e+07
1.428519893347759151e+01 5.232766193617074937e+07
1.429949127739145354e+01 7.420772265111394227e+07
1.431379792079778213e+01 4.453820114173120260e+07
1.432811887800320072e+01 6.474142808548097312e+07
1.434245416332871059e+01 5.570089454619151354e+07
1.435680379110961091e+01 4.936695460859458148e+07
1.437116777569548276e+01 6.049853281865256280e+07
1.438554613145031702e+01 4.159161063097330928e+07
1.439993887275247175e+01 6.148075328808123618e+07
1.441434601399467219e+01 3.696412564008943737e+07
1.442876756958409423e+01 5.454493198629939556e+07
1.444320355394230226e+01 4.568290875669404119e+07
1.445765398150527048e+01 4.187649919864700735e+07
1.447211886672343439e+01 5.065586295724494755e+07
1.448659822406168018e+01 3.538223676843366772e+07
1.450109206799934469e+01 4.868682894971501827e+07
1.451560041303029891e+01 3.529552149492774159e+07
1.453012327366288048e+01 4.575399279121527076e+07
1.454466066441992744e+01 3.871704327880077809e+07
1.455921259983884752e+01 3.873948277779728919e+07
1.457377909447158437e+01 4.410356927591926605e+07
1.458836016288461934e+01 3.281164253287722170e+07
1.460295581965901945e+01 4.467532971554870158e+07
1.461756607939045161e+01 3.296189332878917083e+07
1.463219095668918968e+01 4.072971867548993230e+07
1.464683046618012519e+01 3.566446128990416229e+07
1.466148462250275486e+01 3.551537775096099079e+07
1.467615344031121793e+01 3.938212687414613366e+07
1.469083693427434589e+01 3.231497497721053287e+07
1.470553511907563937e+01 4.116342129594818503e+07
1.472024800941326284e+01 3.160791732645881549e+07
1.473497562000010674e+01 3.785481588267898560e+07
1.474971796556379466e+01 3.463388582094173133e+07
1.476447506084667616e+01 3.428988782537938654e+07
1.477924692060583922e+01 3.860619050714211911e+07
1.479403355961316180e+01 3.150444433377160877e+07
1.480883499265527448e+01 4.055083525869543850e+07
1.482365123453359068e+01 3.258389263631614298e+07
1.483848230006438307e+01 3.750339965094378591e+07
1.485332820407873911e+01 3.556434531082811952e+07
1.486818896142254509e+01 3.424719477490866929e+07
1.488306458695654122e+01 3.907113628449106961e+07
1.489795509555635178e+01 3.178737949284411222e+07
1.491286050211251180e+01 3.668842024616008997e+07
1.492778082153043151e+01 3.168562051641126722e+07
1.494271606873038927e+01 3.319427006053960323e+07
1.495766625864763810e+01 3.535014182286287844e+07
1.497263140623239330e+01 4.076521121801801026e+07
1.498761152644982886e+01 3.338810095588910952e+07
1.500260663428004371e+01 3.275791918241709098e+07
1.501761674471810615e+01 3.423692484050451219e+07
1.503264187277415687e+01 4.117803650637123734e+07
1.504768203347334321e+01 3.692586565949994326e+07
1.506273724185582452e+01 3.903463961802297086e+07
1.507780751297680233e+01 4.260386753817841411e+07
1.509289286190657009e+01 3.338755441275535151e+07
1.510799330373045635e+01 4.465547957555564493e+07
1.512310885354890289e+01 3.225417553243799508e+07
1.513823952647746296e+01 4.142580932581787556e+07
1.515338533764681372e+01 3.572113295279700309e+07
1.516854630220275624e+01 3.672459732323057950e+07
1.518372243530625454e+01 3.946765245931112766e+07
1.519891375213346763e+01 3.238055218531006947e+07
1.521412026787568195e+01 4.274709751423566788e+07
1.522934199773943043e+01 3.212728034234389290e+07
1.524457895694642851e+01 4.137865904478700459e+07
1.525983116073368073e+01 3.589048059681542218e+07
1.527509862435336885e+01 3.664612997658298165e+07
1.529038136307294238e+01 4.085387730956769735e+07
1.530567939217513640e+01 3.282120183551595733e+07
1.532099272695800884e+01 4.296030230896802992e+07
1.533632138273488899e+01 3.299340824746917933e+07
1.535166537483442539e+01 4.405897824685649574e+07
1.536702471860061792e+01 3.786074493612825125e+07
1.538239942939280347e+01 3.954044161917784810e+07
1.539778952258570932e+01 4.512483891522617638e+07
1.541319501356943356e+01 3.506706538662514091e+07
1.542861591774943264e+01 4.822746826953953505e+07
1.544405225054664044e+01 3.540406697405053675e+07
1.545950402739738649e+01 4.895273604063517600e+07
1.547497126375344756e+01 4.399518923140987009e+07
1.549045397508206356e+01 4.306646167321725190e+07
1.550595217686592875e+01 5.470047269367883354e+07
1.552146588460326093e+01 3.727474325333724916e+07
1.553699511380775711e+01 6.076654158319354057e+07
1.555253988000867871e+01 3.855617355639051646e+07
1.556810019875076989e+01 5.924121431793271005e+07
1.558367608559435347e+01 5.265323919190484285e+07
1.559926755611532379e+01 4.957534929100971669e+07
1.561487462590514674e+01 6.526977329741343856e+07
1.563049731057092373e+01 4.468960369239386916e+07
1.564613562573530814e+01 7.103121791987343132e+07
1.566178958703660662e+01 4.636601018095298856e+07
1.567745921012879506e+01 6.784977986214850843e+07
1.569314451068148308e+01 6.172537163956153393e+07
1.570884550437998328e+01 5.770849459583432227e+07
1.572456220692530415e+01 7.532466821547028422e+07
1.574029463403412876e+01 4.832005950345401466e+07
1.575604280143891245e+01 8.207280390057426691e+07
1.577180672488782243e+01 6.103599719319453090e+07
1.578758642014476088e+01 6.876406534661962092e+07
1.580338190298943246e+01 7.875905822665035725e+07
1.581919318921733897e+01 5.616600816424790025e+07
1.583502029463975269e+01 9.121519370334999263e+07
1.585086323508377326e+01 6.425920605609592795e+07
1.586672202639235074e+01 7.699543857406696677e+07
1.588259668442427319e+01 7.704180853392829001e+07
1.589848722505419154e+01 7.561947296894440055e+07
1.591439366417263379e+01 9.137118696084500849e+07
1.593031601768606009e+01 7.877685210997252166e+07
1.594625430151684498e+01 8.183098963841573894e+07
1.596220853160327735e+01 8.223242331363216043e+07
1.597817872389959071e+01 8.256194616088029742e+07
1.599416489437596667e+01 7.395729027979330719e+07
1.601016705901853143e+01 9.953500456661275029e+07
1.602618523382946947e+01 8.300093346760696173e+07
1.604221943482700397e+01 1.012110842680245936e+08
1.605826967804530980e+01 8.963030379461359978e+07
1.607433597953463433e+01 9.544447429533778131e+07
1.609041835536128318e+01 1.087337653570607305e+08
1.610651682160760245e+01 8.101937660201230645e+07
1.612263139437211734e+01 1.092204969484019578e+08
1.613876208976935800e+01 9.646704512970441580e+07
1.615490892393001587e+01 9.303484626624323428e+07
1.617107191300096147e+01 7.650959110012279451e+07
1.618725107314516620e+01 3.223240307609699667e+07
1.620344642054176632e+01 4.463214972733023763e+07
1.621965797138613041e+01 6.063094968999461085e+07
1.623588574188982747e+01 6.554510602802792937e+07
1.625212974828060197e+01 9.116581592702163756e+07
1.626839000680249114e+01 9.414598904358527064e+07
1.628466653371572548e+01 8.554301611321939528e+07
1.630095934529685664e+01 1.043877430574380904e+08
1.631726845783870772e+01 8.440508075599265099e+07
1.633359388765037323e+01 9.705191427583552897e+07
1.634993565105728308e+01 1.052537221963481605e+08
1.636629376440121675e+01 8.200642681924968958e+07
1.638266824404027489e+01 1.037817487435139120e+08
1.639905910634891484e+01 1.006167677986479402e+08
1.641546636771804657e+01 8.575015150899656117e+07
1.643189004455492608e+01 1.039701978372395486e+08
1.644833015328320514e+01 8.042895824192687869e+07
1.646478671034300234e+01 1.047028756926854402e+08
1.648125973219089246e+01 1.053522978449548781e+08
1.649774923529989934e+01 8.075122604455946386e+07
1.651425523615948521e+01 1.093191919034620076e+08
1.653077775127569637e+01 8.316240206898976862e+07
1.654731679717104242e+01 9.204193457961016893e+07
1.656387239038455306e+01 1.086626963730375618e+08
1.658044454747182783e+01 8.079399968424864113e+07
1.659703328500502195e+01 1.069238557331465334e+08
1.661363861957294219e+01 9.932796979582017660e+07
1.663026056778087991e+01 8.607022357682177424e+07
1.664689914625072475e+01 1.082197475315711200e+08
1.666355437162107833e+01 7.635881722395937145e+07
1.668022626054720448e+01 1.060880114686261117e+08
1.669691482970098306e+01 1.114157486521618664e+08
1.671362009577098107e+01 8.501684578827708960e+07
1.673034207546247387e+01 1.071678996535083652e+08
1.674708078549743107e+01 6.053963845954710245e+07
1.676383624261456973e+01 8.293965384918877482e+07
1.678060846356936153e+01 9.676641200470295548e+07
1.679739746513401144e+01 8.422679793998821080e+07
1.681420326409750388e+01 9.153151565229296684e+07
1.683102587726567378e+01 1.023905828183988631e+08
1.684786532146112137e+01 8.653125787684799731e+07
1.686472161352329380e+01 1.068877960455292463e+08
1.688159477030848521e+01 8.595994270641368628e+07
1.689848480868984737e+01 7.164349348325012624e+07
1.691539174555743941e+01 9.823957713233642280e+07
1.693231559781817452e+01 9.128779006994517148e+07
1.694925638239588395e+01 1.086527338944283575e+08
1.696621411623138798e+01 1.076268288001971245e+08
1.698318881628241783e+01 9.189895227372546494e+07
1.700018049952368671e+01 1.129300475805968344e+08
1.701718918294688265e+01 1.042583585480069071e+08
1.703421488356068281e+01 9.717425308840176463e+07
1.705125761839080667e+01 1.088809804722852707e+08
1.706831740447996992e+01 9.754226636179938912e+07
1.708539425888794483e+01 1.080382325026821792e+08
1.710248819869159220e+01 9.052248731175205112e+07
1.711959924098485786e+01 9.517584589055743814e+07
1.713672740287879037e+01 1.111666548572851568e+08
1.715387270150155175e+01 1.061399345346815884e+08
1.717103515399843872e+01 9.786636504394759238e+07
1.718821477753190763e+01 9.901429064000084996e+07
1.720541158928159575e+01 8.338096149920158088e+07
1.722262560644431417e+01 7.760529958607473969e+07
1.723985684623405490e+01 1.040732724326162785e+08
1.725710532588209745e+01 9.775968228253851831e+07
1.727437106263688449e+01 1.087348298996032774e+08
1.729165407376416042e+01 1.066555603172538728e+08
1.730895437654698199e+01 9.962015313984833658e+07
1.732627198828563309e+01 1.060947770212970078e+08
1.734360692629769218e+01 9.613134954596821964e+07
1.736095920791811054e+01 7.751922802541993558e+07
1.737832885049919440e+01 1.022597343405155241e+08
1.739571587141055886e+01 1.016480190856164992e+08
1.741312028803920597e+01 1.042314872653705031e+08
1.743054211778958518e+01 1.057542528271296769e+08
1.744798137808355420e+01 9.981304484357847273e+07
1.746543808636037198e+01 1.072410170459712744e+08
1.748291226007674126e+01 1.068236486707692146e+08
1.750040391670682638e+01 9.039213949901841581e+07
1.751791307374228168e+01 1.031602160731418133e+08
1.753543974869225153e+01 1.041198539758675396e+08
1.755298395908345199e+01 9.215296702783431113e+07
1.757054572246007496e+01 7.749371668683184683e+07
1.758812505638386270e+01 9.747749311796112359e+07
1.760572197843420028e+01 9.860190847033980489e+07
1.762333650620799119e+01 8.052675480632750690e+07
1.764096865731976393e+01 9.021335668210589886e+07
1.765861844940165071e+01 1.006836810443832278e+08
1.767628590010343714e+01 1.028953441384548396e+08
1.769397102709259428e+01 1.021157552539371252e+08
1.771167384805425016e+01 1.017872905521286726e+08
1.772939438069122886e+01 1.025945632093253732e+08
1.774713264272407542e+01 8.662713090362365544e+07
1.776488865189103805e+01 9.418347467165347934e+07
1.778266242594811430e+01 1.021779357974778265e+08
1.780045398266910084e+01 1.040285313224899471e+08
1.781826333984556499e+01 1.031418554858054519e+08
1.783609051528684830e+01 9.975754287023352087e+07
1.785393552682015539e+01 1.037610505533946902e+08
1.787179839229047218e+01 1.016954758574821800e+08
1.788967912956065831e+01 1.032980218288445920e+08
1.790757775651144357e+01 1.030595905958433598e+08
1.792549429104150249e+01 9.956333923116834462e+07
1.794342875106735136e+01 9.276121875361917913e+07
1.796138115452342987e+01 1.017855330448081195e+08
1.797935151936216158e+01 1.001118044097519070e+08
1.799733986355390414e+01 1.005625340167159438e+08
1.801534620508700968e+01 9.659475873805679381e+07
1.803337056196783905e+01 7.957692745268724859e+07
1.805141295222070497e+01 9.901999040390300751e+07
1.806947339388802121e+01 1.007202446302394420e+08
1.808755190503026711e+01 9.903057806432552636e+07
1.810564850372592005e+01 9.519953688574644923e+07
1.812376320807159047e+01 1.002638497144659013e+08
1.814189603618197211e+01 9.807080148245207965e+07
1.816004700618987755e+01 9.560325035530240834e+07
1.817821613624629862e+01 8.071037014905628562e+07
1.819640344452037084e+01 9.326555604421076179e+07
1.821460894919938411e+01 9.803677177630931139e+07
1.823283266848886086e+01 9.646586182287199795e+07
1.825107462061255248e+01 8.108206424897034466e+07
1.826933482381239671e+01 9.366335011109997332e+07
1.828761329634858512e+01 9.137694323563687503e+07
1.830591005649957737e+01 7.301299632145011425e+07
1.832422512256215796e+01 8.569292383816979825e+07
1.834255851285137595e+01 7.090427087830054760e+07
1.836091024570062658e+01 8.217343155658376217e+07
1.837928033946165485e+01 9.160179547094078362e+07
