4.048004168179851980e+00 8.380339430921233124e-01
4.052054197024798299e+00 7.830656115707155251e-01
4.056108277924278305e+00 5.864422532577069358e-01
4.060166414932374401e+00 7.933226438590672558e-01
4.064228612107225302e+00 6.700879536250059498e-01
4.068294873511027809e+00 9.519300858319066361e-01
4.072365203210039475e+00 8.445571730875497396e-01
4.076439605274588374e+00 6.719493833898193547e-01
4.080518083779084648e+00 5.358104160641752323e-01
4.084600642802003634e+00 9.635019267169797619e-01
4.088687286425909839e+00 8.916343047724006876e-01
4.092778018737446288e+00 8.334885056756714539e-01
4.096872843827346067e+00 6.738014120722592981e-01
4.100971765790424328e+00 9.007214700827284037e-01
4.105074788725600499e+00 9.886938220382347486e-01
4.109181916735913376e+00 9.502927650709697138e-01
4.113293153928490042e+00 5.542894906029683932e-01
4.117408504414562742e+00 6.601944082745260234e-01
4.121527972309475985e+00 1.152343439587889762e+00
4.125651561732701644e+00 7.697064038158470956e-01
4.129779276807835409e+00 1.108466102298737876e+00
4.133911121662587895e+00 1.046447230627650882e+00
4.138047100428805081e+00 1.004899625552457598e+00
4.142187217242470076e+00 1.001031139269353609e+00
4.146331476243699576e+00 8.967912304958213232e-01
4.150479881576749186e+00 7.696415167754099285e-01
4.154632437390031185e+00 6.572401675899532947e-01
4.158789147836096767e+00 6.355027409091590362e-01
4.162950017071651132e+00 5.628630759037854814e-01
4.167115049257566817e+00 4.668044686599167048e-01
4.171284248558879248e+00 3.588607866514283984e-01
4.175457619144791188e+00 2.734300817011998119e-01
4.179635165188675394e+00 1.932072878262797166e-01
4.183816890868071070e+00 1.173831514019662015e-01
4.188002800364700740e+00 6.972338100110653247e-02
4.192192897864479129e+00 3.313233457260097992e-02
4.196387187557506060e+00 1.691222959091432526e-02
4.200585673638072670e+00 6.720332835536125399e-03
4.204788360304662298e+00 3.768782949758978530e-03
4.208995251759962919e+00 2.027682077732822618e-03
4.213206352210869809e+00 1.621985308747302514e-03
4.217421665868471337e+00 1.532277737694393276e-03
4.221641196948093366e+00 1.536475533931024864e-03
4.225864949669266402e+00 1.604946104379312375e-03
4.230092928255739793e+00 1.613701829274214123e-03
4.234325136935488842e+00 1.788394457013676910e-03
4.238561579940727242e+00 1.862566080338949647e-03
4.242802261507900852e+00 1.934775966041762767e-03
4.247047185877692144e+00 1.693211596108573115e-03
4.251296357295021089e+00 1.819149429625093470e-03
4.255549780009054928e+00 1.947076753853067051e-03
4.259807458273230374e+00 1.902947934669287815e-03
4.264069396345225194e+00 2.152906173540144932e-03
4.268335598486969751e+00 1.957119600911389444e-03
4.272606068964664772e+00 2.069941339794363708e-03
4.276880812048779568e+00 2.142807325982511429e-03
4.281159832014060029e+00 2.968003796478738306e-03
4.285443133139530403e+00 2.413083209544659730e-03
4.289730719708485296e+00 2.121090511604977955e-03
4.294022596008521653e+00 2.017791715914243368e-03
4.298318766331513885e+00 1.878553650000327471e-03
4.302619234973628970e+00 2.442580689623691237e-03
4.306924006235345104e+00 2.421569317495286724e-03
4.311233084421424167e+00 2.774127027967178850e-03
4.315546473840940145e+00 3.219219952489191412e-03
4.319864178807288901e+00 4.330305829519834337e-03
4.324186203638174852e+00 4.986728158888475461e-03
4.328512552655626955e+00 6.008889965192196897e-03
4.332843230185990713e+00 7.804195165975965492e-03
4.337178240559948605e+00 1.107162408570282024e-02
4.341517588112503212e+00 1.887250547287377955e-02
4.345861277183007410e+00 2.498644352489508974e-02
4.350209312115151938e+00 3.156519501038478059e-02
4.354561697256974284e+00 4.186744772099033202e-02
4.358918436960855125e+00 5.176102310497310288e-02
4.363279535583538760e+00 8.766814223380121895e-02
4.367644997486123337e+00 1.049755118204988569e-01
4.372014827034064410e+00 1.211336540622964392e-01
4.376389028597194475e+00 1.414083096501444203e-01
4.380767606549714976e+00 1.776775379498384544e-01
4.385150565270209633e+00 2.286437756113695874e-01
4.389537909141639105e+00 2.716807343967815869e-01
4.393929642551338333e+00 3.177625284317044385e-01
4.398325769891044068e+00 3.606995385040676072e-01
4.402726295556887770e+00 4.556956883910995293e-01
4.407131223949391163e+00 4.705789644513633796e-01
4.411540559473484002e+00 5.441709520318117610e-01
4.415954306538509400e+00 5.622129180404509263e-01
4.420372469558211392e+00 6.521121752027543295e-01
4.424795052950750929e+00 6.914506945803472471e-01
4.429222061138705868e+00 6.766764656989827653e-01
4.433653498549093186e+00 6.383993607231338574e-01
4.438089369613354762e+00 7.755874929551275221e-01
4.442529678767354717e+00 7.726284071198566972e-01
4.446974430451398952e+00 7.463920591679459315e-01
4.451423629110244917e+00 6.493640758139727076e-01
4.455877279193092733e+00 6.136962179062018796e-01
4.460335385153590515e+00 5.451500618312028479e-01
4.464797951449841484e+00 5.312423646385647791e-01
4.469264982544411069e+00 5.480922528366528601e-01
4.473736482904336675e+00 4.297612844969952994e-01
4.478212457001122360e+00 3.413220326999037990e-01
4.482692909310737051e+00 2.860908965178318164e-01
4.487177844313640307e+00 3.001564209347660217e-01
4.491667266494762778e+00 2.901238712009153731e-01
4.496161180343516861e+00 1.872253502924693391e-01
4.500659590353822459e+00 1.409379093281789286e-01
4.505162501024093658e+00 1.557721689897518247e-01
4.509669916857241390e+00 1.497540185290840153e-01
4.514181842360688535e+00 8.143345907070910494e-02
4.518698282046352155e+00 6.511415201434303524e-02
4.523219240430670141e+00 8.579545403952469618e-02
4.527744722034610092e+00 5.706121012319394226e-02
4.532274731383646227e+00 2.982899380808566939e-02
4.536809273007785137e+00 4.309915962029803316e-02
4.541348351441579112e+00 3.704517444671209109e-02
4.545891971224099493e+00 1.569565779223492524e-02
4.550440136898975751e+00 2.267681878577627874e-02
4.554992853014370624e+00 2.185375967967263452e-02
4.559550124122995207e+00 9.260148873600056174e-03
4.564111954782122282e+00 1.436645199750561513e-02
4.568678349553586315e+00 1.325040892244661039e-02
4.573249313003776351e+00 6.325723355025730278e-03
4.577824849703659993e+00 1.064022258873339143e-02
4.582404964228774524e+00 8.764292148542025818e-03
4.586989661159233123e+00 5.606299932652148571e-03
4.591578945079738183e+00 9.094529166612670343e-03
4.596172820579575991e+00 5.909636636421812181e-03
4.600771292252614941e+00 6.577727999067669966e-03
4.605374364697328637e+00 7.666448858783067415e-03
4.609982042516789669e+00 4.740709241112811209e-03
4.614594330318677606e+00 7.655925174981135541e-03
4.619211232715274562e+00 6.191550164122504307e-03
4.623832754323488281e+00 6.308560978663708615e-03
4.628458899764849477e+00 8.277488800313689832e-03
4.633089673665492292e+00 5.045817124874720991e-03
4.637725080656193377e+00 9.980787288135867241e-03
4.642365125372356793e+00 6.759810476331476643e-03
4.647009812454028221e+00 1.075155320617770562e-02
4.651659146545906509e+00 1.387059327995595996e-02
4.656313132297318802e+00 1.153443305994370470e-02
4.660971774362248077e+00 4.409837151054160631e-02
4.665635077399347352e+00 9.472255878533750173e-02
4.670303046071911268e+00 5.356339524654459006e-02
4.674975685047906282e+00 1.113090735130351124e-02
4.679652998999974223e+00 1.907981202698088435e-02
4.684334992605429626e+00 1.095416520375637297e-02
4.689021670546271281e+00 1.199443275228658130e-02
4.693713037509176011e+00 1.133831920940294412e-02
4.698409098185504895e+00 8.624522401104140271e-03
4.703109857271324579e+00 1.279183333244337389e-02
4.707815319467393955e+00 7.155433858895205931e-03
4.712525489479173046e+00 1.407002246786824562e-02
4.717240372016835437e+00 6.615078332739360301e-03
4.721959971795260280e+00 1.587994330949330651e-02
4.726684293534048287e+00 6.760590375341175157e-03
4.731413341957528829e+00 1.785449381358199944e-02
4.736147121794751946e+00 7.291440088574810408e-03
4.740885637779490125e+00 2.092454046066324208e-02
4.745628894650255170e+00 8.326149910303596094e-03
4.750376897150309752e+00 2.502139076302273626e-02
4.755129650027656751e+00 9.768482401700740586e-03
4.759887158035051691e+00 3.139098969763729624e-02
4.764649425930005400e+00 1.170155615117920989e-02
4.769416458474777798e+00 4.090206204060188588e-02
4.774188260436393882e+00 1.375655297684704598e-02
4.778964836586673037e+00 5.183897480260536705e-02
4.783746191702191730e+00 1.652193254503096093e-02
4.788532330564299500e+00 7.312227036439430949e-02
4.793323257959137607e+00 2.082933074462302650e-02
4.798118978677631041e+00 9.895736335719311494e-02
4.802919497515497405e+00 2.791490060190462280e-02
4.807724819273262007e+00 1.202809543198631453e-01
4.812534948756252540e+00 2.869476181086598118e-02
4.817349890774592858e+00 1.551722913643429902e-01
4.822169650143221631e+00 6.380238071369731534e-02
4.826994231681898562e+00 1.786539657846985263e-01
4.831823640215216820e+00 1.113414536287356260e-01
4.836657880572579948e+00 2.002381413457131887e-01
4.841496957588230288e+00 1.485535747957688335e-01
4.846340876101235651e+00 1.901838959800298545e-01
4.851189640955513305e+00 2.849414368430762678e-01
4.856043256999840629e+00 1.792006867482129340e-01
4.860901729087831136e+00 4.228851855738701704e-01
4.865765062077957559e+00 1.904244004703770088e-01
4.870633260833544753e+00 5.292947966778743796e-01
4.875506330222795448e+00 2.381632133502139814e-01
4.880384275118787585e+00 6.357106145483062409e-01
4.885267100399468099e+00 3.515347175686077685e-01
4.890154810947647590e+00 5.684388720607141954e-01
4.895047411651042069e+00 5.914697705095361968e-01
4.899944907402259631e+00 3.610663517656428900e-01
4.904847303098789801e+00 9.290926163550548011e-01
4.909754603643035509e+00 5.043399101742043200e-01
4.914666813942293544e+00 1.012332457658027929e+00
4.919583938908781207e+00 6.754460254376651873e-01
4.924505983459624758e+00 1.235208486944202599e+00
4.929432952516856759e+00 1.001564562828805016e+00
4.934364851007448038e+00 6.846500033922312545e-01
4.939301683863292602e+00 1.303976039861062697e+00
4.944243456021227168e+00 7.357022162473149107e-01
4.949190172423037382e+00 1.235546795955207333e+00
4.954141838015429400e+00 4.414059848109230244e-01
4.959098457750073408e+00 5.858436141562874955e-01
4.964060036583591184e+00 1.264939507995523904e+00
4.969026579477557881e+00 1.312106982238486985e+00
4.973998091398528665e+00 1.487430255611378094e+00
4.978974577317995198e+00 7.662262063004244839e-01
4.983956042212439819e+00 1.567709405110197407e+00
4.988942491063345308e+00 1.455692684524984237e+00
4.993933928857153148e+00 1.615159144911073152e+00
4.998930360585300825e+00 1.422697118415291895e+00
5.003931791244230709e+00 8.638512545720516966e-01
5.008938225835386504e+00 1.518315474453053815e+00
5.013949669365177719e+00 1.100654487355530398e+00
5.018966126845049835e+00 1.813724067676635854e-01
5.023987603291483417e+00 9.090434053233524825e-01
5.029014103725941709e+00 5.823734664011380735e-01
5.034045633174911494e+00 1.333858685521620790e+00
5.039082196669929736e+00 1.566756677756424576e+00
5.044123799247563156e+00 1.685530381180577741e+00
5.049170445949409114e+00 1.847310592404218355e+00
5.054222141822116932e+00 1.785007290207597519e+00
5.059278891917391441e+00 1.356826067195011420e+00
5.064340701291981439e+00 1.726305413304506597e+00
5.069407575007690347e+00 1.754941473249454154e+00
5.074479518131395750e+00 1.531507944100157781e+00
5.079556535735048506e+00 8.868260047727631878e-01
5.084638632895669197e+00 2.924472524662563577e-01
5.089725814695342798e+00 1.278767805681936265e+00
5.094818086221257758e+00 1.459816930144455238e+00
5.099915452565697116e+00 9.370039814793030830e-01
5.105017918826000312e+00 1.544194310741856091e+00
5.110125490104636903e+00 1.005735269088717354e+00
5.115238171509194132e+00 8.110791200974449833e-01
5.120355968152357384e+00 1.567596230412445557e+00
5.125478885151911967e+00 1.388558241131021553e+00
5.130606927630776859e+00 1.256432439716011151e+00
5.135740100717002932e+00 7.585138202678834984e-01
5.140878409543741867e+00 4.297353764965624046e-01
5.146021859249313657e+00 3.276010078832994887e-01
5.151170454977185287e+00 5.602696987533054562e-01
5.156324201875936986e+00 1.186275381422894792e+00
5.161483105099309299e+00 1.391324914639207266e+00
5.166647169806227069e+00 1.450048192348288412e+00
5.171816401160747922e+00 6.789424011138005532e-01
5.176990804332091578e+00 1.442289176217284030e+00
5.182170384494675375e+00 1.625517384750073457e+00
5.187355146828076080e+00 1.410060957478814547e+00
5.192545096517046765e+00 1.121139489123985644e+00
5.197740238751555886e+00 4.639965663235088855e-01
5.202940578726747312e+00 3.794573343691134970e-01
5.208146121642936777e+00 6.471930627720727802e-01
5.213356872705670497e+00 1.523949147288188311e-01
5.218572837125715402e+00 6.742780376049019031e-01
5.223794020119036041e+00 1.048789071562241881e+00
5.229020426906815011e+00 1.160540155652630023e+00
5.234252062715459175e+00 4.223252957961101672e-01
5.239488932776602326e+00 3.990956940944207498e-01
5.244731042327116732e+00 9.983813484998768084e-01
5.249978396609109588e+00 6.984152526693940821e-01
5.255231000869925673e+00 1.262874578204141729e+00
5.260488860362181995e+00 1.328139042811111947e+00
5.265751980343742922e+00 1.414975072307938841e+00
5.271020366077721064e+00 1.100633197889417270e+00
5.276294022832505703e+00 3.283363592086635530e-01
5.281572955881746800e+00 8.679934170269697491e-01
5.286857170504389636e+00 8.020499223485904050e-01
5.292146671984641948e+00 1.636396224377052733e-01
5.297441465612009459e+00 8.252195671345637917e-01
5.302741556681281665e+00 8.993674758788435808e-01
5.308046950492545157e+00 7.189079115632116546e-01
5.313357652351208493e+00 1.483099537818470592e+00
5.318673667567959562e+00 1.347195624996732288e+00
5.323995001458826870e+00 1.464896169644041679e+00
5.329321659345144901e+00 1.157782529190779730e+00
5.334653646553559447e+00 1.279619507636429177e+00
5.339990968416064021e+00 9.650304139473054876e-01
5.345333630269974101e+00 3.463806249312702534e-01
5.350681637457967987e+00 5.814844036181783526e-02
5.356034995328045945e+00 1.170970412289208673e-01
5.361393709233554183e+00 6.705347626604005740e-01
5.366757784533227493e+00 1.063619562056585366e+00
5.372127226591127069e+00 9.646921289761537510e-01
5.377502040776687586e+00 1.008380600429369167e+00
5.382882232464750061e+00 9.532431919194833680e-01
5.388267807035500567e+00 1.165353424825918083e+00
5.393658769874506653e+00 1.208078218354025513e+00
5.399055126372735103e+00 9.146088606371568508e-01
5.404456881926535949e+00 1.047323107653942431e+00
5.409864041937665569e+00 4.458008330699416710e-01
5.415276611813294672e+00 3.520703844373016533e-01
5.420694596965989653e+00 6.028796721355518529e-02
5.426118002813722363e+00 1.863715472819309771e-01
5.431546834779906519e+00 6.542157410793939532e-01
5.436981098293380832e+00 8.381541500651831234e-01
5.442420798788408121e+00 3.771394533198837440e-01
5.447865941704685966e+00 7.219123900520117987e-01
5.453316532487360035e+00 7.708172121339790239e-01
5.458772576587027636e+00 4.698903768975080109e-01
5.464234079459717286e+00 5.341026961004866069e-02
5.469701046566937563e+00 2.481602084546112308e-01
5.475173483375657568e+00 3.480066148620939437e-01
5.480651395358322020e+00 2.094990402955831665e-01
5.486134787992848594e+00 6.422560796337114519e-01
5.491623666762627032e+00 1.031923911236897862e+00
5.497118037156523584e+00 1.205137623691906912e+00
5.502617904668907656e+00 8.878997733795632730e-01
5.508123274799649138e+00 1.174677529695586475e+00
5.513634153054125520e+00 9.962932045398177339e-01
5.519150544943213887e+00 3.258905802670852281e-01
5.524672455983298036e+00 2.490112236190362704e-01
5.530199891696303105e+00 5.223753313881320803e-01
5.535732857609660051e+00 8.887624688656476923e-01
5.541271359256338513e+00 6.035156823209641974e-01
5.546815402174844145e+00 4.452561932104168174e-01
5.552364991909218617e+00 2.907988457292929318e-01
5.557920134009044943e+00 1.286139954447013400e-01
5.563480834029461697e+00 4.420448361648121605e-01
5.569047097531185209e+00 1.729371067004863427e-01
5.574618930080467827e+00 1.734911783218544279e-01
5.580196337249130778e+00 6.782236026857618727e-02
5.585779324614604135e+00 2.427514427598315150e-01
5.591367897759871752e+00 5.815449719377522309e-01
5.596962062273499683e+00 8.304094598214940559e-01
5.602561823749654835e+00 3.835022027475817885e-01
5.608167187788102304e+00 5.819267343920153657e-01
5.613778159994197381e+00 2.036410620730958465e-01
5.619394745978918415e+00 2.478057302246228222e-01
5.625016951358852602e+00 5.296407157037306135e-01
5.630644781756208417e+00 2.347339889510340893e-01
5.636278242798814730e+00 1.586566511072161345e-01
5.641917340120138569e+00 3.643180864557864218e-02
5.647562079359275344e+00 9.508656595466555284e-02
5.653212466160955074e+00 2.197083980573702744e-01
5.658868506175564583e+00 3.908314944292904380e-01
5.664530205059156387e+00 6.189617574605420502e-01
5.670197568473430039e+00 4.467207646829309819e-01
5.675870602085741901e+00 8.073939521813026932e-02
5.681549311569130012e+00 4.253172531473474738e-01
5.687233702602297214e+00 3.703366171056075018e-01
5.692923780869640460e+00 1.785228481844745585e-01
5.698619552061241045e+00 6.062198857642639993e-01
5.704321021872854836e+00 4.152851011525945935e-01
5.710028196005964674e+00 1.045646640915161851e-01
5.715741080167752841e+00 1.363253640439757441e-01
5.721459680071105502e+00 7.096834377124425219e-02
5.727184001434619809e+00 1.649497983894024078e-01
5.732914049982608340e+00 2.103730987835241706e-01
5.738649831445122196e+00 1.772631061083501658e-01
5.744391351557942116e+00 1.166281374211628752e-01
5.750138616062591801e+00 8.677175601694747664e-02
5.755891630706342355e+00 1.872039880155306479e-01
5.761650401242202513e+00 9.808109431858176575e-02
5.767414933428949730e+00 4.191239248536845347e-02
5.773185233031118635e+00 1.638350117260892469e-01
5.778961305818993921e+00 1.452514981744650879e-01
5.784743157568644101e+00 4.414493829112789425e-01
5.790530794061934827e+00 6.374574075134317175e-01
5.796324221086497808e+00 6.520296532218042840e-01
5.802123444435760113e+00 2.869416548870499239e-01
5.807928469908951286e+00 3.976560321087556082e-01
5.813739303311101558e+00 2.231566876404110500e-01
5.819555950453048077e+00 4.314968950814216525e-02
5.825378417151428678e+00 8.023807331441772106e-02
5.831206709228702323e+00 6.903609090982233687e-02
5.837040832513173072e+00 2.094206245492588048e-01
5.842880792838964332e+00 3.884051372741909036e-01
5.848726596046033066e+00 2.254769860391800385e-01
5.854578247980187555e+00 2.480386012442409860e-01
5.860435754493076743e+00 5.708050408681641930e-02
5.866299121442202669e+00 7.866567630865710370e-02
5.872168354690941783e+00 1.410618877840963403e-01
5.878043460108523632e+00 5.818402470482415129e-02
5.883924443570054841e+00 4.825343950164093232e-02
5.889811310956534207e+00 7.836340634002095240e-02
5.895704068154810074e+00 4.925920598798703282e-02
5.901602721057636280e+00 1.129278750846095108e-01
5.907507275563671278e+00 2.733585490884049563e-01
5.913417737577481681e+00 2.463140268916592379e-01
5.919334113009534271e+00 1.672122274869275449e-01
5.925256407776182677e+00 1.453530231686831486e-01
5.931184627799722442e+00 8.326579186975792413e-02
5.937118779008376812e+00 4.688393551935728099e-02
5.943058867336306506e+00 8.478350332276399226e-02
5.949004898723619483e+00 1.587101734832322419e-01
5.954956879116324764e+00 1.927082775276191540e-01
5.960914814466400813e+00 2.877649636778463749e-01
5.966878710731783109e+00 9.004626497997339496e-02
5.972848573876380129e+00 1.212092921008891822e-01
5.978824409870049372e+00 1.602398583309630475e-01
5.984806224688616894e+00 8.162872679886402916e-02
5.990794024313907506e+00 5.579755588372077579e-02
5.996787814733729682e+00 1.886280008594279634e-01
6.002787601941870221e+00 3.237871309104056183e-01
6.008793391938101358e+00 2.136892142905436609e-01
6.014805190728216289e+00 7.104164496115206173e-02
6.020823004324017624e+00 2.425116708380805897e-01
6.026846838743329826e+00 3.716958150776505931e-01
6.032876700009986770e+00 2.566504556123680447e-01
6.038912594153839741e+00 1.358035346346543604e-01
6.044954527210790296e+00 5.182840986297110319e-02
6.051002505222769834e+00 5.866765139280877284e-02
6.057056534237768020e+00 9.323421386450679582e-02
6.063116620309810578e+00 1.181542206187442962e-01
6.069182769498975283e+00 5.910668143473735842e-02
6.075254987871399948e+00 6.023136790428024190e-02
6.081333281499318844e+00 1.809027436821349921e-01
6.087417656461035165e+00 2.747391459396826829e-01
6.093508118840904153e+00 3.352579762935178342e-01
6.099604674729399711e+00 2.676977206175937263e-01
6.105707330223097529e+00 9.438081441625997825e-02
6.111816091424631558e+00 6.909960623530941870e-02
6.117930964442756192e+00 7.811678557063024553e-02
6.124051955392354252e+00 2.482608451377645575e-01
6.130179070394424556e+00 4.273292003011261997e-01
6.136312315576075704e+00 3.742684129673217175e-01
6.142451697070548278e+00 9.759261889931342138e-02
6.148597221017229053e+00 2.352100518907326576e-01
6.154748893561648337e+00 1.778585848525893465e-01
6.160906720855489738e+00 6.846397742143382759e-02
6.167070709056560851e+00 2.174890968087332399e-01
6.173240864328839450e+00 2.877007510786997457e-01
6.179417192842489470e+00 1.461616012477691684e-01
6.185599700773853904e+00 6.224467353942309683e-02
6.191788394305445031e+00 1.635386763968160462e-01
6.197983279625935538e+00 3.954613210354815389e-01
6.204184362930218910e+00 5.686520953640715748e-01
6.210391650419379239e+00 3.543625925985018910e-01
6.216605148300705430e+00 4.334393344719371099e-01
6.222824862787705413e+00 3.020332687719503029e-01
6.229050800100091045e+00 8.697787813233958110e-01
6.235282966463794985e+00 4.670444499659703319e-01
6.241521368110988455e+00 5.193676417581049032e-01
6.247766011280059040e+00 6.470173034450700245e-01
6.254016902215655982e+00 9.395220041926384269e-01
6.260274047168675082e+00 9.385110802994305335e-01
6.266537452396248042e+00 5.306546767174397106e-01
6.272807124161805525e+00 4.242459727458823271e-01
6.279083068735027418e+00 8.236530542087532325e-01
6.285365292391835723e+00 6.729751786074508191e-01
6.291653801414451408e+00 6.174594576167891091e-01
6.297948602091395287e+00 9.270922056698744917e-01
6.304249700717476479e+00 9.559096308103500750e-01
6.310557103593776418e+00 9.456806781509591309e-01
6.316870817027704810e+00 7.307267686767386916e-01
6.323190847332971209e+00 6.970292638133137597e-01
6.329517200829613444e+00 4.851700414963956431e-01
6.335849883843987840e+00 2.240881195393000513e-01
6.342188902708793208e+00 8.461123353083940812e-02
6.348534263763021990e+00 1.053151770910162877e-01
6.354885973352024209e+00 2.612430525336280063e-01
6.361244037827538556e+00 3.274404481966476932e-01
6.367608463547619557e+00 1.310568550389874798e-01
6.373979256876696198e+00 1.084070527863658095e-01
6.380356424185563924e+00 3.382710922779503804e-01
6.386739971851379316e+00 2.144528160439238551e-01
6.393129906257697392e+00 1.865733432702375849e-01
6.399526233794450292e+00 2.583292148329383586e-01
6.405928960857968590e+00 1.123638501876567941e-01
6.412338093850992848e+00 7.781859710646948924e-02
6.418753639182643411e+00 8.428823829880627283e-02
6.425175603268465707e+00 1.373465474187426372e-01
6.431603992530422254e+00 1.231832312943965668e-01
6.438038813396905979e+00 2.261906380691989793e-01
6.444480072302737561e+00 4.193323699439276409e-01
6.450927775689183186e+00 1.806321857660574404e-01
6.457381930003953663e+00 4.060668292020878645e-01
6.463842541701190214e+00 4.300285548454067519e-01
6.470309617241494671e+00 1.480038761329978692e-01
6.476783163091949902e+00 1.500270585560729841e-01
6.483263185726116262e+00 9.912142809968366164e-02
6.489749691624008499e+00 9.575096472794454583e-02
6.496242687272122396e+00 8.979615309508814924e-02
6.502742179163471192e+00 1.293203876951475317e-01
6.509248173797545611e+00 2.211885299948706529e-01
6.515760677680336066e+00 1.672168163485136250e-01
6.522279697324338876e+00 1.113831051400882566e-01
6.528805239248586467e+00 2.602627822869506558e-01
6.535337309978613618e+00 4.548044496425068250e-01
6.541875916046493877e+00 2.068652580367418281e-01
6.548421063990831570e+00 2.280397419941328496e-01
6.554972760356781336e+00 1.309807869020699622e-01
6.561531011696033922e+00 2.008245313958665068e-01
6.568095824566834828e+00 1.052883666092859771e-01
6.574667205534010073e+00 1.060467376687551644e-01
6.581245161168945756e+00 2.062315697403623027e-01
6.587829698049589844e+00 1.633075191273560822e-01
6.594420822760478806e+00 1.507274579437230810e-01
6.601018541892748281e+00 2.649198198982414265e-01
6.607622862044109979e+00 4.500864584274831270e-01
6.614233789818874776e+00 2.590094723936751664e-01
6.620851331827975805e+00 2.564789648149477519e-01
6.627475494688961355e+00 1.463942062964229129e-01
6.634106285025993976e+00 1.140247098897687050e-01
6.640743709469855816e+00 1.008072287359741276e-01
6.647387774657984139e+00 1.738410010605005163e-01
6.654038487234453569e+00 3.750782578063281414e-01
6.660695853849973425e+00 3.689963462919536585e-01
6.667359881161896595e+00 2.464111526588212975e-01
6.674030575834250634e+00 1.514272528528811668e-01
6.680707944537742193e+00 1.719482878869445230e-01
6.687391993949728608e+00 2.350545423923239285e-01
6.694082730754263189e+00 3.746767473399928994e-01
6.700780161642089006e+00 4.288969924207358120e-01
6.707484293310628232e+00 1.693042415287545621e-01
6.714195132464016780e+00 1.752581015395124064e-01
6.720912685813111409e+00 2.011074085163633285e-01
6.727636960075451533e+00 2.773914845910173121e-01
6.734367961975309846e+00 6.689015990734142880e-01
6.741105698243684330e+00 6.419548122394149736e-01
6.747850175618314239e+00 3.115691311318891654e-01
6.754601400843687209e+00 5.310791978986731943e-01
6.761359380671025932e+00 7.772354907859289064e-01
6.768124121858305919e+00 4.699928915560152021e-01
6.774895631170272381e+00 1.960984528840376828e-01
6.781673915378439332e+00 3.161806034207416682e-01
6.788458981261083380e+00 1.430749681273522367e-01
6.795250835603268591e+00 1.627915982899721670e-01
6.802049485196855372e+00 4.725592132355631581e-01
6.808854936840480043e+00 4.453397217395260732e-01
6.815667197339611683e+00 5.954064969803695151e-01
6.822486273506513932e+00 2.373198859844102004e-01
6.829312172160262762e+00 2.050823244783005206e-01
6.836144900126752688e+00 4.258533097231841369e-01
6.842984464238715425e+00 6.189298217056057316e-01
6.849830871335718996e+00 3.203443782572354404e-01
6.856684128264157962e+00 1.464737636523125719e-01
6.863544241877307606e+00 1.396922648440729608e-01
6.870411219035266193e+00 2.239256630622737665e-01
6.877285066604999386e+00 5.229959641066276310e-01
6.884165791460373107e+00 4.316823229630378789e-01
6.891053400482104685e+00 9.394277338357734930e-01
6.897947900557811707e+00 8.276787407188037626e-01
6.904849298582002248e+00 2.965993328394264661e-01
6.911757601456057998e+00 4.385747362135282157e-01
6.918672816088298205e+00 1.031057785474180699e+00
6.925594949393933497e+00 9.648053426064845395e-01
6.932524008295088969e+00 1.259400316971378775e+00
6.939459999720836159e+00 8.631144511235054884e-01
6.946402930607153969e+00 9.167963041453294215e-01
6.953352807896971299e+00 5.641224434094362916e-01
6.960309638540181254e+00 1.738332771566814816e-01
6.967273429493618941e+00 4.952164024463794889e-01
6.974244187721073907e+00 6.146803732950386623e-01
6.981221920193293684e+00 8.424746337243859129e-01
6.988206633888011332e+00 7.324526182809043551e-01
6.995198335789934774e+00 3.874268440407298009e-01
7.002197032890780548e+00 9.993614459005661921e-01
7.009202732189245388e+00 1.187634591727489086e+00
7.016215440691027538e+00 8.751080710743956992e-01
7.023235165408840075e+00 3.099952869544673750e-01
7.030261913362399362e+00 1.029677924778218623e+00
7.037295691578454360e+00 7.971420133397476571e-01
7.044336507090792843e+00 2.023181118483391439e-01
7.051384366940223636e+00 4.173615365076694950e-01
7.058439278174613030e+00 7.309487063090250869e-01
7.065501247848868793e+00 1.361917456176260810e+00
7.072570283024954385e+00 1.727627578636949712e+00
7.079646390771910269e+00 1.054446242701930325e+00
7.086729578165847698e+00 1.170016712761105193e+00
7.093819852289949601e+00 1.351469331340711566e+00
7.100917220234500782e+00 1.680674793254955279e+00
7.108021689096868378e+00 1.439477733955661476e+00
7.115133265981508082e+00 5.625020266709428451e-01
7.122251958000004990e+00 8.319424818980912795e-01
7.129377772271054070e+00 1.513615386511094840e+00
7.136510715920461934e+00 1.228755850561590979e+00
7.143650796081180587e+00 5.337524053393994938e-01
7.150798019893290558e+00 4.973520392075198027e-01
7.157952394504015103e+00 8.096050083882639914e-01
7.165113927067729094e+00 4.397545532690062542e-01
7.172282624745966118e+00 4.074372847849404011e-01
7.179458494707433580e+00 1.346418357384875808e+00
7.186641544127991388e+00 1.560120726360924470e+00
7.193831780190692804e+00 1.411324734089575150e+00
7.201029210085776455e+00 1.196087000839999082e+00
7.208233841010668996e+00 4.910591513718822743e-01
7.215445680170001985e+00 1.159251048970025844e+00
7.222664734775614548e+00 2.195414171161144345e+00
7.229891012046562260e+00 2.077635327509822272e+00
7.237124519209114482e+00 1.683347658888633580e+00
7.244365263496786334e+00 1.638256110789109377e+00
7.251613252150332478e+00 7.636232722870824885e-01
7.258868492417732021e+00 9.815130135089855656e-01
7.266130991554229368e+00 1.325468483849401302e+00
7.273400756822333335e+00 4.786396770686852653e-01
7.280677795491791393e+00 5.134848424605977790e-01
7.287962114839658945e+00 1.614697700949940584e+00
7.295253722150257580e+00 1.681013532002858524e+00
7.302552624715170637e+00 9.794562760239493571e-01
7.309858829833316030e+00 8.977038685886220559e-01
7.317172344810906282e+00 1.765001117104744166e+00
7.324493176961444973e+00 1.352933342037120568e+00
7.331821333605770263e+00 8.139921379465954177e-01
7.339156822072049557e+00 5.648228329824843685e-01
7.346499649695761747e+00 6.667262795567090450e-01
7.353849823819730069e+00 1.053406051433225965e+00
7.361207351794133658e+00 1.141660245458595346e+00
7.368572240976500431e+00 1.439660682667182057e+00
7.375944498731713317e+00 4.752827456378565518e-01
7.383324132432038667e+00 1.161440696697449093e+00
7.390711149457120932e+00 8.989208409121223209e-01
7.398105557193965787e+00 6.797300961451320234e-01
7.405507363036982760e+00 1.443367167973139020e+00
7.412916574387977242e+00 1.134076856030528546e+00
7.420333198656157592e+00 4.851074093297554346e-01
7.427757243258164443e+00 6.648690802627150731e-01
7.435188715618025412e+00 1.766173734938700779e+00
7.442627623167226147e+00 1.072641173713358320e+00
7.450073973344676581e+00 3.121950126080887400e-01
7.457527773596703824e+00 7.621825104756116964e-01
7.464989031377126771e+00 7.932135361713965604e-01
7.472457754147218800e+00 6.024633194722360807e-01
7.479933949375681124e+00 4.963986747433806190e-01
7.487417624538714733e+00 1.811313977340898163e+00
7.494908787120000859e+00 1.787821800216256918e+00
7.502407444610704523e+00 5.578679016429812787e-01
7.509913604509470098e+00 1.057729285299254363e+00
7.517427274322463049e+00 1.850681432040037988e+00
7.524948461563358393e+00 2.066072190372453488e+00
7.532477173753336253e+00 5.682090409439412015e-01
7.540013418421120939e+00 1.491152332053762297e+00
7.547557203102952528e+00 2.202893070781475338e+00
7.555108535342625053e+00 2.016017459429687353e+00
7.562667422691464303e+00 8.318301233187530563e-01
7.570233872708334033e+00 1.989313930948940712e+00
7.577807892959705249e+00 1.169554635667744202e+00
7.585389491019602026e+00 1.789349578005065000e+00
7.592978674469621048e+00 9.335791390925441968e-01
7.600575450898948482e+00 2.643833297120635972e+00
7.608179827904360870e+00 2.322013107495390472e+00
7.615791813090228679e+00 1.443441591611479113e+00
7.623411414068545611e+00 1.220106301870154564e+00
7.631038638458921497e+00 2.710414759544156116e+00
7.638673493888578747e+00 2.627297294147897144e+00
7.646315987992360341e+00 1.556999323851435690e+00
7.653966128412754699e+00 4.862539862217012399e-01
7.661623922799913444e+00 2.790032915915671152e-01
7.669289378811644298e+00 2.595833719222961911e-01
7.676962504113392427e+00 3.660091875547527018e-01
7.684643306378275973e+00 6.063184770517117128e-01
7.692331793287112696e+00 4.663065013150906046e-01
7.700027972528378228e+00 1.080514180960782111e+00
7.707731851798260259e+00 8.719572172299404622e-01
7.715443438800645204e+00 1.290003357837707698e+00
7.723162741247111995e+00 5.413205728119601101e-01
7.730889766856956058e+00 1.170817184634492136e+00
7.738624523357209739e+00 1.370737896928502009e+00
7.746367018482623656e+00 2.039963790826764711e+00
7.754117259975699561e+00 1.317650382332459014e+00
7.761875255586685896e+00 4.396822480255538901e-01
7.769641013073576907e+00 1.261046306026024189e+00
7.777414540202122417e+00 2.527453599969549103e+00
7.785195844745862459e+00 2.037483440556047576e+00
7.792984934486088200e+00 4.334183562736293460e-01
7.800781817211894342e+00 8.766877492279127049e-01
7.808586500720170243e+00 1.879329382652789482e+00
7.816398992815588365e+00 2.676507650524409865e+00
7.824219301310663788e+00 1.994644481804138669e+00
7.832047434025690258e+00 9.538407620150515243e-01
7.839883398788800584e+00 9.699035434739847750e-01
7.847727203435961307e+00 2.253356887745474157e+00
7.855578855810978034e+00 2.813973266078504842e+00
7.863438363765501649e+00 8.357068451547304822e-01
7.871305735159038086e+00 1.075740111225109263e+00
7.879180977858965207e+00 1.069504868466305325e+00
7.887064099740538126e+00 7.028625484914099442e-01
7.894955108686875889e+00 2.262838450583880334e+00
7.902854012588970356e+00 1.070757535393597637e+00
7.910760819345729722e+00 2.039532625964378898e+00
7.918675536863970521e+00 1.038628913197266135e+00
7.926598173058410524e+00 1.156247197983064412e+00
7.934528735851682946e+00 8.185829729533629084e-01
7.942467233174356878e+00 1.664766093161520910e+00
7.950413672964919520e+00 3.496062090137386225e+00
7.958368063169806383e+00 2.041789811950432298e+00
7.966330411743424378e+00 2.107758236600437485e+00
7.974300726648118065e+00 1.447954447924674426e+00
7.982279015854214066e+00 2.281813048065632010e+00
7.990265287339989975e+00 3.259258722158707489e+00
7.998259549091704557e+00 2.520275980713631903e+00
8.006261809103635940e+00 2.731864540162395549e+00
8.014272075378054083e+00 1.373001809206317203e+00
8.022290355925221661e+00 1.947786390500841014e+00
8.030316658763410942e+00 1.453875163821491290e+00
8.038350991918917998e+00 2.547689420427688312e+00
8.046393363426080469e+00 1.795108976709574478e+00
8.054443781327282892e+00 1.814788754606986743e+00
8.062502253672942487e+00 2.913553868944540159e+00
8.070568788521519821e+00 2.786245842253560756e+00
8.078643393939561435e+00 2.037539660060920355e+00
8.086726078001667872e+00 1.556715283311752573e+00
8.094816848790527430e+00 3.454388935360751312e+00
8.102915714396893065e+00 4.060643672947552574e+00
8.111022682919651672e+00 3.532966060845877720e+00
8.119137762465774344e+00 5.175742414262066937e+00
8.127260961150341245e+00 2.718722967902697185e+00
8.135392287096552266e+00 1.868214808456240883e+00
8.143531748435727025e+00 4.225790229173266965e+00
8.151679353307327958e+00 4.548191260628327903e+00
8.159835109858954993e+00 2.519038909997961539e+00
8.167999026246373973e+00 3.839448661820065833e+00
8.176171110633504213e+00 2.558701165021891377e+00
8.184351371192425617e+00 3.130450984739649112e+00
8.192539816103396433e+00 2.813005124364310383e+00
8.200736453554856809e+00 3.588753244946117693e+00
8.208941291743464319e+00 2.838119430793960785e+00
8.217154338874046005e+00 3.636125614254381855e+00
8.225375603159649884e+00 4.077095163684413492e+00
8.233605092821548510e+00 5.589049256348299188e+00
8.241842816089222978e+00 5.437769678040481836e+00
8.250088781200394905e+00 2.965756568069195076e+00
8.258342996401033531e+00 2.999086709251972405e+00
8.266605469945350393e+00 3.521990885351301781e+00
8.274876210095818863e+00 5.756910198137913603e+00
8.283155225123197241e+00 5.837755752204268234e+00
8.291442523306500334e+00 6.238303261662546895e+00
8.299738112933010115e+00 6.341451110348309328e+00
8.308042002298329010e+00 3.759830223127402338e+00
8.316354199706326611e+00 4.217168238168620853e+00
8.324674713469219611e+00 3.586836275628995097e+00
8.333003551907516737e+00 5.450534399503882632e+00
8.341340723350057829e+00 4.745547376133214534e+00
8.349686236134026274e+00 4.908450568182907148e+00
8.358040098604922363e+00 4.699226149265341768e+00
8.366402319116609476e+00 6.054069637190524489e+00
8.374772906031305197e+00 6.640407688667459674e+00
8.383151867719606187e+00 5.709853286362360336e+00
8.391539212560473970e+00 4.549191332327072956e+00
8.399934948941243817e+00 4.158923948696677364e+00
8.408339085257667378e+00 5.285952285761485570e+00
8.416751629913893140e+00 6.081227001076441319e+00
8.425172591322457549e+00 4.541934077872356035e+00
8.433601977904316982e+00 5.655220280243101527e+00
8.442039798088842417e+00 5.776592181932902470e+00
8.450486060313872727e+00 7.073818880272975562e+00
8.458940773025680926e+00 5.553219218801026535e+00
8.467403944678963512e+00 5.109436896782339588e+00
8.475875583736875996e+00 6.404058026479476418e+00
8.484355698671075530e+00 7.456357087543124429e+00
8.492844297961685385e+00 6.113658477923104684e+00
8.501341390097307382e+00 6.922624254636930985e+00
8.509846983575016566e+00 5.638443936056295236e+00
8.518361086900416268e+00 4.599750560981146208e+00
8.526883708587609689e+00 6.129475967137905990e+00
8.535414857159230095e+00 6.655606544427416615e+00
8.543954541146415949e+00 5.242338887899498978e+00
8.552502769088842882e+00 6.517497266186534688e+00
8.561059549534769886e+00 7.180661588559588360e+00
8.569624891040954040e+00 6.802233955847911240e+00
8.578198802172744664e+00 5.475156796053478381e+00
8.586781291504054892e+00 5.920382799574925414e+00
8.595372367617367004e+00 8.275278219667203672e+00
8.603972039103767955e+00 7.888455659500033690e+00
8.612580314562926276e+00 6.768009748807307879e+00
8.621197202603104515e+00 5.940845113901857211e+00
8.629822711841203642e+00 7.564546504514146896e+00
8.638456850902732853e+00 8.414529005966331354e+00
8.647099628421834439e+00 8.546748036695614559e+00
8.655751053041287335e+00 7.770620550655026548e+00
8.664411133412508903e+00 7.106604407981176763e+00
8.673079878195581571e+00 6.222975473796959811e+00
8.681757296059268825e+00 6.313579170640626792e+00
8.690443395680977900e+00 6.660260055580445204e+00
8.699138185746802421e+00 6.153855565297527086e+00
8.707841674951529498e+00 7.102292673676381618e+00
8.716553871998655723e+00 7.728847301737210351e+00
8.725274785600383609e+00 8.442620841391301312e+00
8.734004424477626927e+00 8.634831306888782976e+00
8.742742797360028462e+00 8.473560030560033596e+00
8.751489912985945807e+00 7.786182971179410828e+00
8.760245780102499324e+00 7.690355877327004208e+00
8.769010407465557932e+00 8.299601912242870583e+00
8.777783803839753318e+00 7.649711200706125425e+00
8.786565977998490595e+00 7.394440469651152092e+00
8.795356938723937645e+00 5.606085574867402777e+00
8.804156694807060646e+00 5.185450122356352942e+00
8.812965255047608082e+00 7.165825494081804692e+00
8.821782628254135616e+00 8.318980926096653405e+00
8.830608823244022076e+00 8.760480610322060713e+00
8.839443848843473006e+00 8.585706126263033866e+00
8.848287713887497574e+00 8.207799785563020478e+00
8.857140427219976075e+00 8.165131800563306896e+00
8.866001997693627956e+00 8.820299073174298954e+00
8.874872434170020696e+00 8.472454544916622865e+00
8.883751745519582244e+00 8.267525485831404453e+00
8.892639940621625882e+00 8.618291907813590669e+00
8.901537028364346682e+00 7.210021715343917670e+00
8.910443017644842811e+00 8.466514955371319928e+00
8.919357917369106659e+00 5.259964793761339408e+00
8.928281736452028383e+00 7.899477801280647249e+00
8.937214483817424338e+00 8.558967517635524658e+00
8.946156168398053055e+00 8.005430044618007557e+00
8.955106799135602813e+00 8.489275344626538100e+00
8.964066384980702296e+00 8.790317916580004720e+00
8.973034934892920589e+00 8.582845470895579254e+00
8.982012457840815145e+00 8.722529358313535042e+00
8.990998962801914018e+00 8.200728639072897508e+00
8.999994458762728300e+00 6.962151308892098989e+00
9.008998954718750340e+00 8.077996943103590510e+00
9.018012459674482173e+00 8.599932199340418748e+00
9.027034982643428407e+00 7.726220499724131940e+00
9.036066532648110439e+00 6.835813362966456808e+00
9.045107118720064676e+00 7.778041816408022058e+00
9.054156749899895829e+00 7.856999016923793100e+00
9.063215435237234274e+00 8.687535135858205138e+00
9.072283183790759153e+00 8.408896985653006695e+00
9.081360004628230342e+00 7.329847601322802220e+00
9.090445906826463585e+00 7.459049739944545898e+00
9.099540899471353583e+00 8.307128472191466884e+00
9.108644991657907752e+00 8.590552603342652915e+00
9.117758192490214242e+00 8.643510204883520842e+00
9.126880511081456149e+00 8.315380561332762710e+00
9.136011956553980795e+00 8.174668455014140633e+00
9.145152538039223344e+00 8.170466850997408770e+00
9.154302264677752987e+00 7.935398657923959931e+00
9.163461145619306691e+00 6.892233152229337634e+00
9.172629190022773216e+00 7.942853135826698718e+00
9.181806407056209096e+00 7.795067508419255553e+00
9.190992805896815554e+00 7.398840145546282443e+00
9.200188395730981128e+00 7.992659913616066980e+00
9.209393185754311872e+00 7.619544669011911076e+00
9.218607185171599383e+00 7.807477428564036259e+00
9.227830403196843889e+00 7.765133003918529120e+00
9.237062849053257807e+00 7.918811198313049360e+00
9.246304531973295937e+00 7.519881857364941524e+00
9.255555461198628819e+00 8.082442764341578822e+00
9.264815645980180037e+00 7.807278961252637650e+00
9.274085095578147531e+00 7.710330318951622353e+00
9.283363819261991168e+00 7.584275349190646942e+00
9.292651826310423857e+00 7.469256950580367871e+00
9.301949126011466618e+00 7.590794305459829694e+00
9.311255727662413051e+00 7.149381907108568690e+00
9.320571640569852434e+00 7.270704403358483781e+00
9.329896874049707023e+00 7.490418838496164078e+00
9.339231437427212512e+00 7.938893678857884773e+00
9.348575340036930470e+00 8.477824241883508805e+00
9.357928591222769654e+00 8.028497290012586163e+00
9.367291200337987789e+00 7.922768431164384673e+00
9.376663176745186234e+00 6.537829373694665769e+00
9.386044529816329529e+00 8.120939585183741372e+00
9.395435268932773809e+00 8.229731581782202099e+00
9.404835403485281020e+00 8.462692723039614506e+00
9.414244942873983391e+00 7.658405884535132380e+00
9.423663896508406523e+00 8.199175780897723698e+00
9.433092273807510253e+00 7.491402401444608117e+00
9.442530084199674434e+00 7.637669050089262335e+00
9.451977337122700717e+00 8.252104516273767842e+00
9.461434042023851632e+00 7.718320642327209491e+00
9.470900208359843475e+00 7.279284811025825697e+00
9.480375845596832107e+00 8.408716594703646408e+00
9.489860963210444922e+00 7.791423599292563118e+00
9.499355570685795058e+00 7.960880698659932087e+00
9.508859677517522258e+00 7.761750952613891918e+00
9.518373293209727137e+00 7.477380495257998305e+00
9.527896427276015601e+00 7.942354090310726811e+00
9.537429089239532587e+00 7.641836604568717384e+00
9.546971288632937203e+00 8.398552951527939570e+00
9.556523034998413380e+00 7.947944528956793597e+00
9.566084337887714284e+00 7.878731362719576303e+00
9.575655206862155211e+00 8.450517304292347376e+00
9.585235651492601150e+00 7.867510026983051574e+00
9.594825681359491654e+00 7.990813062533479894e+00
9.604425306052856826e+00 7.818066769540943817e+00
9.614034535172327978e+00 8.355953598160713369e+00
9.623653378327144736e+00 7.371096663485268152e+00
9.633281845136142607e+00 8.323825551224796726e+00
9.642919945227788503e+00 8.050758863131109777e+00
9.652567688240175414e+00 8.332418639664327387e+00
9.662225083821059712e+00 8.268018064482783203e+00
9.671892141627827399e+00 8.169558145050912046e+00
9.681568871327542070e+00 8.284076490265864123e+00
9.691255282596946685e+00 7.978968181656175496e+00
9.700951385122440485e+00 8.194681268602323598e+00
9.710657188600118062e+00 7.367716350811767789e+00
9.720372702735790682e+00 7.725340380808208174e+00
9.730097937244991613e+00 8.125270993838558553e+00
9.739832901852937042e+00 8.582941624659538249e+00
9.749577606294584697e+00 8.325496667394132189e+00
9.759332060314648061e+00 8.537447849282941092e+00
9.769096273667583930e+00 8.262451077887041251e+00
9.778870256117615511e+00 8.622220256690956930e+00
9.788654017438732424e+00 8.423391525276780811e+00
9.798447567414664050e+00 8.490242303149955205e+00
9.808250915838973683e+00 8.415501714662056543e+00
9.818064072515031881e+00 8.288142135431669999e+00
9.827887047255972064e+00 7.569659780298135132e+00
9.837719849884754453e+00 8.401728105540176017e+00
9.847562490234214039e+00 8.586616594124926394e+00
9.857414978147000184e+00 7.528607459965784621e+00
9.867277323475576623e+00 8.553412449530185313e+00
9.877149536082288961e+00 8.505562828704093192e+00
9.887031625839359350e+00 8.364389296629662240e+00
9.896923602628888261e+00 7.519134677595442184e+00
9.906825476342849157e+00 8.508567563592968952e+00
9.916737256883115137e+00 8.560681032957193182e+00
9.926658954161467818e+00 8.328086714722983785e+00
9.936590578099599114e+00 8.630269102264490400e+00
9.946532138629125441e+00 8.598981461368065737e+00
9.956483645691628581e+00 8.362685946321358088e+00
9.966445109238607714e+00 8.170700805444099046e+00
9.976416539231488301e+00 8.621009485519534721e+00
9.986397945641751761e+00 8.485798529146917346e+00
9.996389338450816453e+00 8.193198364364182140e+00
1.000639072765004123e+01 8.468268642283666381e+00
1.001640212324083024e+01 8.228983264233919570e+00
1.002642353523456720e+01 8.481566323855227907e+00
1.003645497365266870e+01 8.499496867666227473e+00
1.004649644852658774e+01 8.482697417136893847e+00
1.005654796989779420e+01 8.384736130258637843e+00
1.006660954781781925e+01 8.477939695270848119e+00
1.007668119234822868e+01 8.477995327747326115e+00
1.008676291356065136e+01 8.440134150452644590e+00
1.009685472153683961e+01 8.213391183129308715e+00
1.010695662636857328e+01 8.382448118235965140e+00
1.011706863815775748e+01 8.274198225977762888e+00
1.012719076701644383e+01 8.250040872140923298e+00
1.013732302306676303e+01 8.252868839280420588e+00
1.014746541644093547e+01 8.191317809546555750e+00
1.015761795728136363e+01 7.939396915155334966e+00
1.016778065574060363e+01 8.086769366750436561e+00
1.017795352198134040e+01 8.018795693428161897e+00
1.018813656617644803e+01 8.221239480719523485e+00
1.019832979850896315e+01 8.038183664037640952e+00
1.020853322917211337e+01 7.967547891977300623e+00
1.021874686836936519e+01 7.846938972480741903e+00
1.022897072631432991e+01 7.549287554006572698e+00
1.023920481323086840e+01 8.250975928773781831e+00
1.024944913935308044e+01 7.258947582989931924e+00
1.025970371492529942e+01 7.749300613768544288e+00
1.026996855020209765e+01 7.166632024083277486e+00
1.028024365544828811e+01 8.142097931891120410e+00
1.029052904093896892e+01 7.232745109289266949e+00
1.030082471695954105e+01 7.627333814510074639e+00
1.031113069380570302e+01 8.254160149261416279e+00
1.032144698178340825e+01 7.806456338972773246e+00
1.033177359120896099e+01 7.791852727443192350e+00
1.034211053240895950e+01 8.049622676612401051e+00
1.035245781572035639e+01 7.603823685161836821e+00
1.036281545149045868e+01 7.928276724969238742e+00
1.037318345007685672e+01 8.381444012723422432e+00
1.038356182184754672e+01 8.048391617745043192e+00
1.039395057718094506e+01 8.108434151854327254e+00
1.040434972646577272e+01 8.201562644084836151e+00
1.041475928010119567e+01 8.084298772195761984e+00
1.042517924849676270e+01 7.635092265643693032e+00
1.043560964207244091e+01 8.024553816810289675e+00
1.044605047125863351e+01 8.228029313046148374e+00
1.045650174649616382e+01 7.873309975490087709e+00
1.046696347823632323e+01 7.544756852299867589e+00
1.047743567694081790e+01 7.633215852048357064e+00
1.048791835308187714e+01 7.792070629062128440e+00
1.049841151714219301e+01 7.719639292653697638e+00
1.050891517961488475e+01 7.725118151630987917e+00
1.051942935100361431e+01 8.132661956244737311e+00
1.052995404182255434e+01 7.633658025012632464e+00
1.054048926259641661e+01 7.525922590226080899e+00
1.055103502386043246e+01 7.256767835118772325e+00
1.056159133616034929e+01 7.954566192897989829e+00
1.057215821005249445e+01 7.530586511236080582e+00
1.058273565610372025e+01 7.833093579112368587e+00
1.059332368489147136e+01 7.566324401015486423e+00
1.060392230700380445e+01 8.052918510107801353e+00
1.061453153303934371e+01 7.660745729038325180e+00
1.062515137360728978e+01 7.720209699693443284e+00
1.063578183932750854e+01 7.622858932003675037e+00
1.064642294083046359e+01 7.998842775282268391e+00
1.065707468875722519e+01 7.623417760225082773e+00
1.066773709375955193e+01 7.977528559347664583e+00
1.067841016649985519e+01 7.687592206034240760e+00
1.068909391765121519e+01 8.043550382275594046e+00
1.069978835789740934e+01 7.740549474717211886e+00
1.071049349793284122e+01 8.009652870773008360e+00
1.072120934846262230e+01 7.627359113378950006e+00
1.073193592020264830e+01 8.014855106808223439e+00
1.074267322387948376e+01 7.758939168504690009e+00
1.075342127023045435e+01 8.054026735597304310e+00
1.076418007000360966e+01 7.462472181910577262e+00
1.077494963395772487e+01 8.095060894131158591e+00
1.078572997286235946e+01 7.762513743029337832e+00
1.079652109749786604e+01 8.052118871437436098e+00
1.080732301865535838e+01 7.083591318624898214e+00
1.081813574713675052e+01 7.896603852177348060e+00
1.082895929375480470e+01 7.909651641155829971e+00
1.083979366933308341e+01 7.213324320790785116e+00
1.085063888470592630e+01 7.399318408280055159e+00
1.086149495071854787e+01 7.719963394192660644e+00
1.087236187822703393e+01 7.886058938523619055e+00
1.088323967809830783e+01 7.450428113725401147e+00
1.089412836121015538e+01 7.809889898037752687e+00
1.090502793845127272e+01 7.701968877186366136e+00
1.091593842072125575e+01 7.837991653162231565e+00
1.092685981893055747e+01 7.702086944812791991e+00
1.093779214400056965e+01 7.287529050487106197e+00
1.094873540686364244e+01 7.715581655421108742e+00
1.095968961846305412e+01 7.644904062473278472e+00
1.097065478975298625e+01 7.637305302168144294e+00
1.098163093169861249e+01 7.343491464505757627e+00
1.099261805527609326e+01 7.362659380869604142e+00
1.100361617147250470e+01 6.644370424899085137e+00
1.101462529128598611e+01 7.450494904368869520e+00
1.102564542572569728e+01 7.380370768858496966e+00
1.103667658581177058e+01 7.088478818183643781e+00
1.104771878257536777e+01 7.316727610559418338e+00
1.105877202705865159e+01 7.471299387711917817e+00
1.106983633031488701e+01 7.368370482515744335e+00
1.108091170340838083e+01 7.266157895719412174e+00
1.109199815741450301e+01 7.283664701771365380e+00
1.110309570341971686e+01 7.275912186573505913e+00
1.111420435252153993e+01 7.336953995556021901e+00
1.112532411582863290e+01 7.217887271985151898e+00
1.113645500446078351e+01 7.115637269835637824e+00
1.114759702954887644e+01 6.956289716063445816e+00
1.115875020223492164e+01 6.904451400377595860e+00
1.116991453367207754e+01 6.997591039570239424e+00
1.118109003502470777e+01 6.995186711752250375e+00
1.119227671746831376e+01 6.940021479889215250e+00
1.120347459218956310e+01 6.800849711202928916e+00
1.121468367038634106e+01 6.502555121467751498e+00
1.122590396326773821e+01 6.748143901320363902e+00
1.123713548205403256e+01 6.335143519662732814e+00
1.124837823797674297e+01 6.380085099063891541e+00
1.125963224227863257e+01 6.566483796197012168e+00
1.127089750621371778e+01 5.676585927084964567e+00
1.128217404104722554e+01 6.365509094195239470e+00
1.129346185805569291e+01 6.433500916695278349e+00
1.130476096852695456e+01 6.291151840234181947e+00
1.131607138376011612e+01 6.087380548926955015e+00
1.132739311506561641e+01 5.988022142356451916e+00
1.133872617376518122e+01 6.141163457901930300e+00
1.135007057119186236e+01 6.113837179965114110e+00
1.136142631869005903e+01 6.199784058550958044e+00
1.137279342761551248e+01 6.111051356013978086e+00
1.138417190933534684e+01 5.648740651766537724e+00
1.139556177522804603e+01 5.905379105928274974e+00
1.140696303668344669e+01 5.888860180853075832e+00
1.141837570510285005e+01 5.737159509547338665e+00
1.142979979189892958e+01 5.567633243442934088e+00
1.144123530849573278e+01 5.643528497396819610e+00
1.145268226632879305e+01 5.736797103531056763e+00
1.146414067684506044e+01 5.467280005375949159e+00
1.147561055150295850e+01 5.208720953057168757e+00
1.148709190177237893e+01 5.454278837360165610e+00
1.149858473913466561e+01 5.191031620272585023e+00
1.151008907508264123e+01 5.489482341725333114e+00
1.152160492112064460e+01 5.354159965884531580e+00
1.153313228876454133e+01 5.459297867381584624e+00
1.154467118954168825e+01 5.358287087141615501e+00
1.155622163499099919e+01 4.728805508327934781e+00
1.156778363666291476e+01 5.141405093977761354e+00
1.157935720611939345e+01 5.163910842157329206e+00
1.159094235493406444e+01 5.089808144787981270e+00
1.160253909469204991e+01 5.031011825754739597e+00
1.161414743699006635e+01 5.009740934699528303e+00
1.162576739343652221e+01 4.847577717086834603e+00
1.163739897565136694e+01 4.678448298631200153e+00
1.164904219526613538e+01 4.936478466644404151e+00
1.166069706392407035e+01 4.546616467871669620e+00
1.167236359328002493e+01 4.434335957969485875e+00
1.168404179500053175e+01 5.064041323951546048e+00
1.169573168076382252e+01 4.301148964104115180e+00
1.170743326225975878e+01 3.923248233107298866e+00
1.171914655118992599e+01 4.649215985542603846e+00
1.173087155926761760e+01 3.738566711589355052e+00
1.174260829821783325e+01 3.893453974389880390e+00
1.175435677977733384e+01 4.754753282390558944e+00
1.176611701569460777e+01 4.282617370691482961e+00
1.177788901772987806e+01 3.480319968142218556e+00
1.178967279765513254e+01 4.272439469284083913e+00
1.180146836725415938e+01 4.288734523021346945e+00
1.181327573832253641e+01 3.877477910607897371e+00
1.182509492266764717e+01 3.702550601186983759e+00
1.183692593210868438e+01 4.706222519914888380e+00
1.184876877847663401e+01 4.059459322303456297e+00
1.186062347361432678e+01 3.266434274726462306e+00
1.187249002937649855e+01 4.438853753959315362e+00
1.188436845762971572e+01 4.940273711285994018e+00
1.189625877025236811e+01 2.862388229203101098e+00
1.190816097913477911e+01 4.197365751955058677e+00
1.192007509617916661e+01 5.677895128133735092e+00
1.193200113329961809e+01 2.693218816736794530e+00
1.194393910242220258e+01 4.404823642178310905e+00
1.195588901548488714e+01 5.406105451572828180e+00
1.196785088443757417e+01 3.030222266071337600e+00
1.197982472124212805e+01 4.481121822648331587e+00
1.199181053787241602e+01 5.058924178179356801e+00
1.200380834631422822e+01 3.758423216882721629e+00
1.201581815856538427e+01 4.153977919615339687e+00
1.202783998663571730e+01 5.162072626609441883e+00
1.203987384254702775e+01 4.932163750410170522e+00
1.205191973833318109e+01 3.206535310901051705e+00
1.206397768604006693e+01 4.587317078011349913e+00
1.207604769772563813e+01 4.984160575608655108e+00
1.208812978545991257e+01 2.408631352999959230e+00
1.210022396132499090e+01 4.210687873629689548e+00
1.211233023741503700e+01 5.962393455544922283e+00
1.212444862583633132e+01 2.315579877514371887e+00
1.213657913870727256e+01 3.773834019159723052e+00
1.214872178815835468e+01 5.612775080360323798e+00
1.216087658633222013e+01 2.948132396395591659e+00
1.217304354538368472e+01 4.708223485125176744e+00
1.218522267747971277e+01 5.451474385826628577e+00
1.219741399479943134e+01 3.595227338643336878e+00
1.220961750953417990e+01 3.821310853220416526e+00
1.222183323388744647e+01 4.649583834756607637e+00
1.223406118007494747e+01 4.427966949689085219e+00
1.224630136032464556e+01 3.106085719921972466e+00
1.225855378687672292e+01 4.453999284764193156e+00
1.227081847198362219e+01 5.273590030940099815e+00
1.228309542791001974e+01 2.554728133386106048e+00
1.229538466693285770e+01 4.268062755019324861e+00
1.230768620134138125e+01 5.350497929690805954e+00
1.232000004343713506e+01 3.014678149739614454e+00
1.233232620553395975e+01 4.762228797568761607e+00
1.234466469995803273e+01 4.733383840230551698e+00
1.235701553904784689e+01 3.239835015915631278e+00
1.236937873515422659e+01 4.087017071318671313e+00
1.238175430064036320e+01 4.285523319985765411e+00
1.239414224788182928e+01 3.851583494713035183e+00
1.240654258926657327e+01 3.595600945436176588e+00
1.241895533719494793e+01 4.691854980428940003e+00
1.243138050407970141e+01 4.189835917494713513e+00
1.244381810234597729e+01 3.470482083209116997e+00
1.245626814443139274e+01 4.604474618875751268e+00
1.246873064278601007e+01 4.305641696675944097e+00
1.248120560987228522e+01 3.475943588095219638e+00
1.249369305816520281e+01 4.822680874880395763e+00
1.250619300015223345e+01 4.532302318033980093e+00
1.251870544833331600e+01 2.966374035216964078e+00
1.253123041522088243e+01 4.463971874043255461e+00
1.254376791333988095e+01 4.368097667666292594e+00
1.255631795522783989e+01 4.034583960534068758e+00
1.256888055343483224e+01 3.821836637593109209e+00
1.258145572052343297e+01 4.855752078357313373e+00
1.259404346906877592e+01 3.946729811783315167e+00
1.260664381165862302e+01 4.403829311047671169e+00
1.261925676089335191e+01 4.196379120040535149e+00
1.263188232938587952e+01 3.232382324942433716e+00
1.264452052976177043e+01 4.723226951002674312e+00
1.265717137465927955e+01 4.996705293580927965e+00
1.266983487672921349e+01 4.774819779605919301e+00
1.268251104863505674e+01 5.054679066976135005e+00
1.269519990305300539e+01 5.109080792165405782e+00
1.270790145267191740e+01 4.528037224929147619e+00
1.272061571019333925e+01 4.841679335029981601e+00
1.273334268833151661e+01 4.921322460781942354e+00
1.274608239981345470e+01 4.113275546508112335e+00
1.275883485737886680e+01 4.827004423040079040e+00
1.277160007378020090e+01 5.194169959995239338e+00
1.278437806178266989e+01 4.871212430529660686e+00
1.279716883416425510e+01 5.214143717528131994e+00
1.280997240371574897e+01 4.885593454268955860e+00
1.282278878324071059e+01 5.250869543118846572e+00
1.283561798555550659e+01 4.383485778525355592e+00
1.284846002348936622e+01 5.237896580556529180e+00
1.286131490988431381e+01 5.011920879759347969e+00
1.287418265759523628e+01 4.500843732812629838e+00
1.288706327948990271e+01 4.890164441572213860e+00
1.289995678844894478e+01 4.926924060503738545e+00
1.291286319736583721e+01 5.202767287847327893e+00
1.292578251914697951e+01 5.435407207278639241e+00
1.293871476671172793e+01 4.870753065497210876e+00
1.295165995299232620e+01 5.326243839935760782e+00
1.296461809093395523e+01 5.038465743485387449e+00
1.297758919349474738e+01 5.069110728112370623e+00
1.299057327364582903e+01 4.946962045356246840e+00
1.300357034437127801e+01 4.712332701913410915e+00
1.301658041866812354e+01 5.105054848206406426e+00
1.302960350954645996e+01 5.089825041865838173e+00
1.304263963002939519e+01 5.111160306604814352e+00
1.305568879315306674e+01 5.290584315359386558e+00
1.306875101196661504e+01 5.298328833301572338e+00
1.308182629953226872e+01 5.135114381409625395e+00
1.309491466892529665e+01 4.958123214593062933e+00
1.310801613323407544e+01 5.446408448909530797e+00
1.312113070556008587e+01 4.912980368641881590e+00
1.313425839901791292e+01 5.426551325676128634e+00
1.314739922673523687e+01 4.677584268531530753e+00
1.316055320185286348e+01 5.451959736125091993e+00
1.317372033752479865e+01 4.925137228914656440e+00
1.318690064691818620e+01 5.458362641586409048e+00
1.320009414321328833e+01 4.253169747328938044e+00
1.321330083960363133e+01 4.708153190842776503e+00
1.322652074929591492e+01 4.309744931362214260e+00
1.323975388551004784e+01 5.226118657074319884e+00
1.325300026147915844e+01 3.993623480801276937e+00
1.326625989044964449e+01 4.682000660207427778e+00
1.327953278568112516e+01 4.381666088277568427e+00
1.329281896044648903e+01 4.811844444206168525e+00
1.330611842803193312e+01 4.302935250328308925e+00
1.331943120173693274e+01 5.128284757596224708e+00
1.333275729487423966e+01 4.176455697003269130e+00
1.334609672076993725e+01 5.071675888577922287e+00
1.335944949276346172e+01 3.673354200420664295e+00
1.337281562420759862e+01 4.988321112647896349e+00
1.338619512846847215e+01 4.096551710928915568e+00
1.339958801892558071e+01 4.988340746477450516e+00
1.341299430897182177e+01 4.003642893685706916e+00
1.342641401201349538e+01 4.393324920263982136e+00
1.343984714147030957e+01 3.790490252713309971e+00
1.345329371077539982e+01 4.855429611895802466e+00
1.346675373337531489e+01 3.713312453764940457e+00
1.348022722273005236e+01 3.211623075292393548e+00
1.349371419231313141e+01 2.460166732449657889e+00
1.350721465561153423e+01 3.444097142011898427e+00
1.352072862612571136e+01 3.661239271880838420e+00
1.353425611736962608e+01 3.961807494359689041e+00
1.354779714287080061e+01 3.794358588099770113e+00
1.356135171617024326e+01 3.994196256632359887e+00
1.357491985082253727e+01 4.052980157594847199e+00
1.358850156039581769e+01 3.844981578659750099e+00
1.360209685847177141e+01 4.243260503176323084e+00
1.361570575864573662e+01 3.600810477602548687e+00
1.362932827452661932e+01 4.372616497959517012e+00
1.364296441973689866e+01 3.402827904979859763e+00
1.365661420791272107e+01 4.438947421913264080e+00
1.367027765270389139e+01 3.180724144139247311e+00
1.368395476777384623e+01 3.732770272801610556e+00
1.369764556679970546e+01 3.168343420381388942e+00
1.371135006347225982e+01 3.785404124246015023e+00
1.372506827149601527e+01 3.078876363464646104e+00
1.373880020458919660e+01 4.650662582152944147e+00
1.375254587648374383e+01 3.312622317252483573e+00
1.376630530092532290e+01 4.444808894399619348e+00
1.378007849167333632e+01 3.639923323278805078e+00
1.379386546250100665e+01 4.234339009462763315e+00
1.380766622719529657e+01 4.078031003120941911e+00
1.382148079955695330e+01 4.147929528487720674e+00
1.383530919340054588e+01 4.158353688956631267e+00
1.384915142255448472e+01 3.546771867745495133e+00
1.386300750086100031e+01 3.193269172518305332e+00
1.387687744217617691e+01 1.251984178080376653e+00
1.389076126036993308e+01 1.340700105579574641e+00
1.390465896932608914e+01 2.175932952624492156e+00
1.391857058294238314e+01 2.490572745919262587e+00
1.393249611513042652e+01 3.385486890539315397e+00
1.394643557981579285e+01 3.200067637287160149e+00
1.396038899093789354e+01 3.568795146030626420e+00
1.397435636245010393e+01 3.439864377328924583e+00
1.398833770831983081e+01 3.197908501298386774e+00
1.400233304252842537e+01 3.862588051210913420e+00
1.401634237907123293e+01 2.569753588550163226e+00
1.403036573195758763e+01 3.639841180738658366e+00
1.404440311521085327e+01 2.902455035177689435e+00
1.405845454286841267e+01 3.033092208143127078e+00
1.407252002898167476e+01 2.908507244505938338e+00
1.408659958761614028e+01 2.928004641732317559e+00
1.410069323285138765e+01 2.846530881690409132e+00
1.411480097878105155e+01 2.665108727058359328e+00
1.412892283951284611e+01 2.812944880625880995e+00
1.414305882916865897e+01 2.561586138407732083e+00
1.415720896188447142e+01 2.619819984048226136e+00
1.417137325181041696e+01 2.366092515114418759e+00
1.418555171311082397e+01 2.171375073636488739e+00
1.419974435996411799e+01 2.607134357972821004e+00
1.421395120656291056e+01 1.997740392620672489e+00
1.422817226711411465e+01 2.525836559868463560e+00
1.424240755583879192e+01 2.203616584266733458e+00
1.425665708697219713e+01 2.079643541186885880e+00
1.427092087476386340e+01 2.143110089000809904e+00
1.428519893347759151e+01 1.738002789377165014e+00
1.429949127739145354e+01 2.458989377505085283e+00
1.431379792079778213e+01 1.470603121448824657e+00
1.432811887800320072e+01 2.064981638146841103e+00
1.434245416332871059e+01 1.833519555008032320e+00
1.435680379110961091e+01 1.592584144650655009e+00
1.437116777569548276e+01 1.993770311385349769e+00
1.438554613145031702e+01 1.372814851664484248e+00
1.439993887275247175e+01 1.998912167943650564e+00
1.441434601399467219e+01 1.207236235646184097e+00
1.442876756958409423e+01 1.818766784608128351e+00
1.444320355394230226e+01 1.510287813885081265e+00
1.445765398150527048e+01 1.384287923240719032e+00
1.447211886672343439e+01 1.694093844810131255e+00
1.448659822406168018e+01 1.155547621210469389e+00
1.450109206799934469e+01 1.624948017623900620e+00
1.451560041303029891e+01 1.138753800323372811e+00
1.453012327366288048e+01 1.508325056135828790e+00
1.454466066441992744e+01 1.271278459316704801e+00
1.455921259983884752e+01 1.274116171662338814e+00
1.457377909447158437e+01 1.470307633680748127e+00
1.458836016288461934e+01 1.062966927227656289e+00
1.460295581965901945e+01 1.494982583546198951e+00
1.461756607939045161e+01 1.062178313509312355e+00
1.463219095668918968e+01 1.355160805421415704e+00
1.464683046618012519e+01 1.170572769224178078e+00
1.466148462250275486e+01 1.159738904090878098e+00
1.467615344031121793e+01 1.305614738692354004e+00
1.469083693427434589e+01 1.039321244545033052e+00
1.470553511907563937e+01 1.370565718575079472e+00
1.472024800941326284e+01 1.016390014055331914e+00
1.473497562000010674e+01 1.242732417932543854e+00
1.474971796556379466e+01 1.132607637663028743e+00
1.476447506084667616e+01 1.115864942618563838e+00
1.477924692060583922e+01 1.276060777459131268e+00
1.479403355961316180e+01 1.011636900077133028e+00
1.480883499265527448e+01 1.347824091799526114e+00
1.482365123453359068e+01 1.049094622596997706e+00
1.483848230006438307e+01 1.237758378998138786e+00
1.485332820407873911e+01 1.158554785685541821e+00
1.486818896142254509e+01 1.112438055328877073e+00
1.488306458695654122e+01 1.287643431713809905e+00
1.489795509555635178e+01 1.025680311537036538e+00
1.491286050211251180e+01 1.204709149529124668e+00
1.492778082153043151e+01 1.016381803400398631e+00
1.494271606873038927e+01 1.060067750850536283e+00
1.495766625864763810e+01 1.115795342448232752e+00
1.497263140623239330e+01 1.287446101833507939e+00
1.498761152644982886e+01 1.060678149474353571e+00
1.500260663428004371e+01 1.065901480357045017e+00
1.501761674471810615e+01 1.118228804404376664e+00
1.503264187277415687e+01 1.365838511278814060e+00
1.504768203347334321e+01 1.211063246358196288e+00
1.506273724185582452e+01 1.286317725290549330e+00
1.507780751297680233e+01 1.393249089027537746e+00
1.509289286190657009e+01 1.082992203236589512e+00
1.510799330373045635e+01 1.485859642347721055e+00
1.512310885354890289e+01 1.042614610786280593e+00
1.513823952647746296e+01 1.371344487669479584e+00
1.515338533764681372e+01 1.165076424593529225e+00
1.516854630220275624e+01 1.179799320052707934e+00
1.518372243530625454e+01 1.301724332896614600e+00
1.519891375213346763e+01 1.045245039052345559e+00
1.521412026787568195e+01 1.418287544474573947e+00
1.522934199773943043e+01 1.034576381507398501e+00
1.524457895694642851e+01 1.367769439033246659e+00
1.525983116073368073e+01 1.171821687172752036e+00
1.527509862435336885e+01 1.199902426128382604e+00
1.529038136307294238e+01 1.349992300482181440e+00
1.530567939217513640e+01 1.060392509408583095e+00
1.532099272695800884e+01 1.421366383086873908e+00
1.533632138273488899e+01 1.063516407849822709e+00
1.535166537483442539e+01 1.452929852112060161e+00
1.536702471860061792e+01 1.240574473775107656e+00
1.538239942939280347e+01 1.298462765752406822e+00
1.539778952258570932e+01 1.492653227765827095e+00
1.541319501356943356e+01 1.136318686892991980e+00
1.542861591774943264e+01 1.592776795383295640e+00
1.544405225054664044e+01 1.145354303973248777e+00
1.545950402739738649e+01 1.614098451955386926e+00
1.547497126375344756e+01 1.445754532146274141e+00
1.549045397508206356e+01 1.389789721356577079e+00
1.550595217686592875e+01 1.800891375566762376e+00
1.552146588460326093e+01 1.200195279679586058e+00
1.553699511380775711e+01 1.995321760350564411e+00
1.555253988000867871e+01 1.257786518500673578e+00
1.556810019875076989e+01 1.926813275420455218e+00
1.558367608559435347e+01 1.724266124588708315e+00
1.559926755611532379e+01 1.621887278788814335e+00
1.561487462590514674e+01 2.118954841470025663e+00
1.563049731057092373e+01 1.444318869337005484e+00
1.564613562573530814e+01 2.296946415980830825e+00
1.566178958703660662e+01 1.507519554096258707e+00
1.567745921012879506e+01 2.052583279027935692e+00
1.569314451068148308e+01 1.927547676301224033e+00
1.570884550437998328e+01 1.862864620427081785e+00
1.572456220692530415e+01 2.398586398228201855e+00
1.574029463403412876e+01 1.513028338571621667e+00
1.575604280143891245e+01 2.604068855463246734e+00
1.577180672488782243e+01 1.971393874609626895e+00
1.578758642014476088e+01 2.152848968376771310e+00
1.580338190298943246e+01 2.400598421658678205e+00
1.581919318921733897e+01 1.824449567460878940e+00
1.583502029463975269e+01 2.858564614338394261e+00
1.585086323508377326e+01 2.076694909591456639e+00
1.586672202639235074e+01 2.448302769210983332e+00
1.588259668442427319e+01 2.430549554324853645e+00
1.589848722505419154e+01 2.416459334587098162e+00
1.591439366417263379e+01 2.872646323009477420e+00
1.593031601768606009e+01 2.502629807793904426e+00
1.594625430151684498e+01 2.580541276121745664e+00
1.596220853160327735e+01 2.535046559928262333e+00
1.597817872389959071e+01 2.558316648081301548e+00
1.599416489437596667e+01 2.000227618548067632e+00
1.601016705901853143e+01 3.048691934587812291e+00
1.602618523382946947e+01 2.611720317211306153e+00
1.604221943482700397e+01 3.151007779537346565e+00
1.605826967804530980e+01 2.813258892129929301e+00
1.607433597953463433e+01 2.976805410067696389e+00
1.609041835536128318e+01 3.383548999596021289e+00
1.610651682160760245e+01 2.461675722970237956e+00
1.612263139437211734e+01 3.285893779956297944e+00
1.613876208976935800e+01 2.994275709757959536e+00
1.615490892393001587e+01 2.877609903001451475e+00
1.617107191300096147e+01 2.438939554427813849e+00
1.618725107314516620e+01 1.036041486917534504e+00
1.620344642054176632e+01 1.452603963345268756e+00
1.621965797138613041e+01 1.898048369634954380e+00
1.623588574188982747e+01 1.758376644646150622e+00
1.625212974828060197e+01 2.800248812078657057e+00
1.626839000680249114e+01 2.891590857745757859e+00
1.628466653371572548e+01 2.681997325965577161e+00
1.630095934529685664e+01 3.184298798668223185e+00
1.631726845783870772e+01 2.330866068650351064e+00
1.633359388765037323e+01 2.983747078180911227e+00
1.634993565105728308e+01 3.266082898097345755e+00
1.636629376440121675e+01 2.584783288876461249e+00
1.638266824404027489e+01 3.180758206727967163e+00
1.639905910634891484e+01 3.124841945940224353e+00
1.641546636771804657e+01 2.693969638367382124e+00
1.643189004455492608e+01 3.194553331924633088e+00
1.644833015328320514e+01 2.505738677858601715e+00
1.646478671034300234e+01 3.253849566769809520e+00
1.648125973219089246e+01 3.277503256038435620e+00
1.649774923529989934e+01 2.544780025541978130e+00
1.651425523615948521e+01 3.407424496701820349e+00
1.653077775127569637e+01 2.602790909347405979e+00
1.654731679717104242e+01 2.699728164013211362e+00
1.656387239038455306e+01 3.368248525226611445e+00
1.658044454747182783e+01 2.542785533783146423e+00
1.659703328500502195e+01 3.331658835690804121e+00
1.661363861957294219e+01 3.085860468828559355e+00
1.663026056778087991e+01 2.686854704126271365e+00
1.664689914625072475e+01 3.301567839477617561e+00
1.666355437162107833e+01 2.161516165250960686e+00
1.668022626054720448e+01 3.210157892424668091e+00
1.669691482970098306e+01 3.405354634810284331e+00
1.671362009577098107e+01 2.638696882193797499e+00
1.673034207546247387e+01 3.218880713667209292e+00
1.674708078549743107e+01 1.935385203287212308e+00
1.676383624261456973e+01 2.561803793477234414e+00
1.678060846356936153e+01 2.944802617843366388e+00
1.679739746513401144e+01 2.508247063901039908e+00
1.681420326409750388e+01 2.450706684848571459e+00
1.683102587726567378e+01 3.080342342900852515e+00
1.684786532146112137e+01 2.660895583782174167e+00
1.686472161352329380e+01 3.193629611317072570e+00
1.688159477030848521e+01 2.386998207495576452e+00
1.689848480868984737e+01 1.592322457604019803e+00
1.691539174555743941e+01 2.765017777466063809e+00
1.693231559781817452e+01 2.750092313964899837e+00
1.694925638239588395e+01 3.300298886754066352e+00
1.696621411623138798e+01 3.283829560865243469e+00
1.698318881628241783e+01 2.814782929585158744e+00
1.700018049952368671e+01 3.471738589856941282e+00
1.701718918294688265e+01 3.187239172089308514e+00
1.703421488356068281e+01 2.988416423931303356e+00
1.705125761839080667e+01 3.347135345186374344e+00
1.706831740447996992e+01 2.982397399782369618e+00
1.708539425888794483e+01 3.259474019627774499e+00
1.710248819869159220e+01 2.479152301683689164e+00
1.711959924098485786e+01 2.871284290367836167e+00
1.713672740287879037e+01 3.391842595251906900e+00
1.715387270150155175e+01 3.234755669006314172e+00
1.717103515399843872e+01 2.944155194936643571e+00
1.718821477753190763e+01 2.979145496512927593e+00
1.720541158928159575e+01 2.216854473434650696e+00
1.722262560644431417e+01 1.884763887815579464e+00
1.723985684623405490e+01 3.029995744947196368e+00
1.725710532588209745e+01 2.955408366280054988e+00
1.727437106263688449e+01 3.302381481803398078e+00
1.729165407376416042e+01 3.242922125718497917e+00
1.730895437654698199e+01 3.010671532616315371e+00
1.732627198828563309e+01 3.155958901711703124e+00
1.734360692629769218e+01 2.705336047174127234e+00
1.736095920791811054e+01 1.881149455906510726e+00
1.737832885049919440e+01 2.966163747739690937e+00
1.739571587141055886e+01 3.053199427652870224e+00
1.741312028803920597e+01 3.135598196825778228e+00
1.743054211778958518e+01 3.223102013448306824e+00
1.744798137808355420e+01 3.026127990196964657e+00
1.746543808636037198e+01 3.254491719639174718e+00
1.748291226007674126e+01 3.227278784349488561e+00
1.750040391670682638e+01 2.561017656114630281e+00
1.751791307374228168e+01 3.057778933450401304e+00
1.753543974869225153e+01 3.073465959531553438e+00
1.755298395908345199e+01 2.544355708662882520e+00
1.757054572246007496e+01 1.791197303105253047e+00
1.758812505638386270e+01 2.792555473940814714e+00
1.760572197843420028e+01 2.844445321578434438e+00
1.762333650620799119e+01 1.938076082527232735e+00
1.764096865731976393e+01 2.362241973818595131e+00
1.765861844940165071e+01 2.959339526155568389e+00
1.767628590010343714e+01 3.080777621195990967e+00
1.769397102709259428e+01 3.073008375267758829e+00
1.771167384805425016e+01 3.017646744446604412e+00
1.772939438069122886e+01 3.046444635802189271e+00
1.774713264272407542e+01 2.193947042239493328e+00
1.776488865189103805e+01 2.565082759866767592e+00
1.778266242594811430e+01 3.053243681283412059e+00
1.780045398266910084e+01 3.142427313860607363e+00
1.781826333984556499e+01 3.117881891599496580e+00
1.783609051528684830e+01 2.972161678818749930e+00
1.785393552682015539e+01 3.145605702560487771e+00
1.787179839229047218e+01 3.077658408230841136e+00
1.788967912956065831e+01 3.130800712956326226e+00
1.790757775651144357e+01 3.123088301786050014e+00
1.792549429104150249e+01 2.971035630976190500e+00
1.794342875106735136e+01 2.616542592395256772e+00
1.796138115452342987e+01 3.051324425761882786e+00
1.797935151936216158e+01 3.012778259232425260e+00
1.799733986355390414e+01 3.003508525047296374e+00
1.801534620508700968e+01 2.754178947397136756e+00
1.803337056196783905e+01 1.962571825680587967e+00
1.805141295222070497e+01 2.909272943241124398e+00
1.806947339388802121e+01 3.016103814389552440e+00
1.808755190503026711e+01 2.961865370905201633e+00
1.810564850372592005e+01 2.748584478010229315e+00
1.812376320807159047e+01 3.006786209002066723e+00
1.814189603618197211e+01 2.931239374960763477e+00
1.816004700618987755e+01 2.778706950436028666e+00
1.817821613624629862e+01 2.092278962656163088e+00
1.819640344452037084e+01 2.697303234637323133e+00
1.821460894919938411e+01 2.899967482630375404e+00
1.823283266848886086e+01 2.831428537225030073e+00
1.825107462061255248e+01 2.121732526169812338e+00
1.826933482381239671e+01 2.683913476963971423e+00
1.828761329634858512e+01 2.562512044596465088e+00
1.830591005649957737e+01 1.694854737481983564e+00
1.832422512256215796e+01 2.277857229659940419e+00
1.834255851285137595e+01 1.649484304978511062e+00
1.836091024570062658e+01 2.380084237511958190e+00
1.837928033946165485e+01 2.666453494941593672e+00
