# wavelength[um] flux[erg/cm2/s/cm]
4.043958187339406152e+00 nan
4.048004168179851980e+00 2.632761279077101499e+07
4.052054197024798299e+00 2.460073172589357942e+07
4.056108277924278305e+00 1.842362674589057267e+07
4.060166414932374401e+00 2.492296589874077961e+07
4.064228612107225302e+00 2.105143392367336899e+07
4.068294873511027809e+00 2.990576564380619302e+07
4.072365203210039475e+00 2.653254610508409515e+07
4.076439605274588374e+00 2.110991246441647783e+07
4.080518083779084648e+00 1.683298066824103519e+07
4.084600642802003634e+00 3.026930574693675339e+07
4.088687286425909839e+00 2.801151781561616808e+07
4.092778018737446288e+00 2.618481366282223910e+07
4.096872843827346067e+00 2.116809566144638881e+07
4.100971765790424328e+00 2.829699953342498094e+07
4.105074788725600499e+00 3.106073247964932397e+07
4.109181916735913376e+00 2.985432769506489486e+07
4.113293153928490042e+00 1.741351791640314087e+07
4.117408504414562742e+00 2.074061902976311743e+07
4.121527972309475985e+00 3.620193684221707284e+07
4.125651561732701644e+00 2.418103983648883924e+07
4.129779276807835409e+00 3.482348963735027611e+07
4.133911121662587895e+00 3.287510932109211758e+07
4.138047100428805081e+00 3.156985281230734289e+07
4.142187217242470076e+00 3.144832073143222556e+07
4.146331476243699576e+00 2.817352741529423371e+07
4.150479881576749186e+00 2.417900134999333695e+07
4.154632437390031185e+00 2.064780882144721597e+07
4.158789147836096767e+00 1.996490742176391557e+07
4.162950017071651132e+00 1.768286504236286506e+07
4.167115049257566817e+00 1.466509489404881187e+07
4.171284248558879248e+00 1.127394411005581729e+07
4.175457619144791188e+00 8.590059359429461882e+06
4.179635165188675394e+00 6.069785960550490767e+06
4.183816890868071070e+00 3.687700460996354464e+06
4.188002800364700740e+00 2.190424615365184378e+06
4.192192897864479129e+00 1.040882988895623595e+06
4.196387187557506060e+00 5.313133623864036053e+05
4.200585673638072670e+00 2.111254826579855580e+05
4.204788360304662298e+00 1.183998082793727663e+05
4.208995251759962919e+00 6.370151119221122644e+04
4.213206352210869809e+00 5.095617130191098113e+04
4.217421665868471337e+00 4.813792483999893739e+04
4.221641196948093366e+00 4.826980249818161974e+04
4.225864949669266402e+00 5.042086890925605258e+04
4.230092928255739793e+00 5.069593811932281096e+04
4.234325136935488842e+00 5.618406887874873792e+04
4.238561579940727242e+00 5.851423914818379853e+04
4.242802261507900852e+00 6.078277961258897267e+04
4.247047185877692144e+00 5.319381111307740503e+04
4.251296357295021089e+00 5.715026483892256510e+04
4.255549780009054928e+00 6.116922025880257570e+04
4.259807458273230374e+00 5.978287251720904169e+04
4.264069396345225194e+00 6.763554218661831692e+04
4.268335598486969751e+00 6.148472560419808724e+04
4.272606068964664772e+00 6.502912506459786528e+04
4.276880812048779568e+00 6.731827753365047101e+04
4.281159832014060029e+00 9.324258922844220069e+04
4.285443133139530403e+00 7.580924483606382273e+04
4.289730719708485296e+00 6.663602368857213878e+04
4.294022596008521653e+00 6.339079631190528744e+04
4.298318766331513885e+00 5.901650346215320315e+04
4.302619234973628970e+00 7.673593550322078227e+04
4.306924006235345104e+00 7.607584378001641016e+04
4.311233084421424167e+00 8.715177091186575126e+04
4.315546473840940145e+00 1.011347775302972732e+05
4.319864178807288901e+00 1.360405698181656771e+05
4.324186203638174852e+00 1.566626854941338825e+05
4.328512552655626955e+00 1.887748457087723073e+05
4.332843230185990713e+00 2.451760220061106957e+05
4.337178240559948605e+00 3.478253289095178479e+05
4.341517588112503212e+00 5.928972454841342987e+05
4.345861277183007410e+00 7.849722741714667063e+05
4.350209312115151938e+00 9.916498475375402486e+05
4.354561697256974284e+00 1.315304661848179530e+06
4.358918436960855125e+00 1.626120499288750347e+06
4.363279535583538760e+00 2.754175915955750272e+06
4.367644997486123337e+00 3.297902967421077192e+06
4.372014827034064410e+00 3.805525977045978419e+06
4.376389028597194475e+00 4.442473067534443922e+06
4.380767606549714976e+00 5.581904479311341420e+06
4.385150565270209633e+00 7.183056057497118600e+06
4.389537909141639105e+00 8.535101993028089404e+06
4.393929642551338333e+00 9.982804249071603641e+06
4.398325769891044068e+00 1.133171020317607559e+07
4.402726295556887770e+00 1.431610226922021993e+07
4.407131223949391163e+00 1.478367417654295638e+07
4.411540559473484002e+00 1.709563465200103447e+07
4.415954306538509400e+00 1.766243973069161177e+07
4.420372469558211392e+00 2.048670818933433294e+07
4.424795052950750929e+00 2.172256422413178533e+07
4.429222061138705868e+00 2.125841813497029990e+07
4.433653498549093186e+00 2.005590741704218090e+07
4.438089369613354762e+00 2.436579970083954185e+07
4.442529678767354717e+00 2.427283727762525529e+07
4.446974430451398952e+00 2.344859809779777005e+07
4.451423629110244917e+00 2.040037410082302243e+07
4.455877279193092733e+00 1.927983529709964618e+07
4.460335385153590515e+00 1.712639429352928326e+07
4.464797951449841484e+00 1.668947110024185106e+07
4.469264982544411069e+00 1.721882595001107827e+07
4.473736482904336675e+00 1.350134894173073582e+07
4.478212457001122360e+00 1.072294790438352711e+07
4.482692909310737051e+00 8.987810587593382224e+06
4.487177844313640307e+00 9.429692069364665076e+06
4.491667266494762778e+00 9.114510223958270624e+06
4.496161180343516861e+00 5.881857850445972756e+06
4.500659590353822459e+00 4.427695005577113479e+06
4.505162501024093658e+00 4.893727017319520935e+06
4.509669916857241390e+00 4.704661244565200992e+06
4.514181842360688535e+00 2.558307567729447503e+06
4.518698282046352155e+00 2.045621416129891062e+06
4.523219240430670141e+00 2.695343681219715159e+06
4.527744722034610092e+00 1.792630785279696342e+06
4.532274731383646227e+00 9.371054781145735178e+05
4.536809273007785137e+00 1.354000032390221488e+06
4.541348351441579112e+00 1.163808478927430464e+06
4.545891971224099493e+00 4.930936321334463428e+05
4.550440136898975751e+00 7.124132730418177089e+05
4.554992853014370624e+00 6.865561086297635920e+05
4.559550124122995207e+00 2.909161567244973849e+05
4.564111954782122282e+00 4.513354005351404194e+05
4.568678349553586315e+00 4.162738732781892177e+05
4.573249313003776351e+00 1.987284602079021279e+05
4.577824849703659993e+00 3.342724511732499232e+05
4.582404964228774524e+00 2.753383582777433330e+05
4.586989661159233123e+00 1.761271068224093760e+05
4.591578945079738183e+00 2.857130601768846391e+05
4.596172820579575991e+00 1.856567104236785963e+05
4.600771292252614941e+00 2.066454195918288315e+05
4.605374364697328637e+00 2.408485941387473722e+05
4.609982042516789669e+00 1.489337732468525064e+05
4.614594330318677606e+00 2.405179828615388833e+05
4.619211232715274562e+00 1.945132850993993925e+05
4.623832754323488281e+00 1.981892882529314375e+05
4.628458899764849477e+00 2.600449800523727608e+05
4.633089673665492292e+00 1.585190201086399611e+05
4.637725080656193377e+00 3.135556802145004040e+05
4.642365125372356793e+00 2.123657093210228777e+05
4.647009812454028221e+00 3.377700056720766006e+05
4.651659146545906509e+00 4.357575394924160209e+05
4.656313132297318802e+00 3.623649016444237204e+05
4.660971774362248077e+00 1.385391199727909639e+06
4.665635077399347352e+00 2.975796948092436418e+06
4.670303046071911268e+00 1.682743690078709507e+06
4.674975685047906282e+00 3.496877676264372421e+05
4.679652998999974223e+00 5.994099729583732551e+05
4.684334992605429626e+00 3.441352493032995844e+05
4.689021670546271281e+00 3.768162181856033276e+05
4.693713037509176011e+00 3.562038033231632435e+05
4.698409098185504895e+00 2.709473621602937346e+05
4.703109857271324579e+00 4.018672962314914912e+05
4.707815319467393955e+00 2.247945844435284089e+05
4.712525489479173046e+00 4.420227922089821659e+05
4.717240372016835437e+00 2.078188149305499392e+05
4.721959971795260280e+00 4.988831324052656419e+05
4.726684293534048287e+00 2.123902105710169999e+05
4.731413341957528829e+00 5.609154659831362078e+05
4.736147121794751946e+00 2.290673461635673593e+05
4.740885637779490125e+00 6.573638259096202673e+05
4.745628894650255170e+00 2.615737139089709090e+05
4.750376897150309752e+00 7.860701740371173946e+05
4.755129650027656751e+00 3.068859254990422633e+05
4.759887158035051691e+00 9.861770262301020557e+05
4.764649425930005400e+00 3.676152284011305892e+05
4.769416458474777798e+00 1.284976176234288141e+06
4.774188260436393882e+00 4.321748577078148373e+05
4.778964836586673037e+00 1.628569424094913993e+06
4.783746191702191730e+00 5.190518190657537198e+05
4.788532330564299500e+00 2.297203873905878048e+06
4.793323257959137607e+00 6.543727244649971835e+05
4.798118978677631041e+00 3.108837257415737025e+06
4.802919497515497405e+00 8.769724665663285414e+05
4.807724819273262007e+00 3.778737624580515549e+06
4.812534948756252540e+00 9.014725290152550442e+05
4.817349890774592858e+00 4.874881305909148417e+06
4.822169650143221631e+00 2.004410905316906050e+06
4.826994231681898562e+00 5.612579864438910037e+06
4.831823640215216820e+00 3.497894927600444760e+06
4.836657880572579948e+00 6.290666738201671280e+06
4.841496957588230288e+00 4.666948192428892478e+06
4.846340876101235651e+00 5.974803304419471882e+06
4.851189640955513305e+00 8.951699246895283461e+06
4.856043256999840629e+00 5.629755610064315610e+06
4.860901729087831136e+00 1.328532992310827039e+07
4.865765062077957559e+00 5.982358975819772109e+06
4.870633260833544753e+00 1.662828644826513343e+07
4.875506330222795448e+00 7.482118014163708314e+06
4.880384275118787585e+00 1.997143796474011615e+07
4.885267100399468099e+00 1.104378886195301078e+07
4.890154810947647590e+00 1.785803384480807930e+07
4.895047411651042069e+00 1.858157085853200033e+07
4.899944907402259631e+00 1.134323398165411875e+07
4.904847303098789801e+00 2.918830538045560196e+07
4.909754603643035509e+00 1.584430556715416536e+07
4.914666813942293544e+00 3.180336211968960986e+07
4.919583938908781207e+00 2.121976271411393583e+07
4.924505983459624758e+00 3.880521908235670626e+07
4.929432952516856759e+00 3.146507872678846866e+07
4.934364851007448038e+00 2.150891420937260985e+07
4.939301683863292602e+00 4.096561547284626216e+07
4.944243456021227168e+00 2.311276677792293206e+07
4.949190172423037382e+00 3.881584737339286506e+07
4.954141838015429400e+00 1.386717799132563733e+07
4.959098457750073408e+00 1.840481994385886192e+07
4.964060036583591184e+00 3.973924665554225445e+07
4.969026579477557881e+00 4.122105656124303490e+07
4.973998091398528665e+00 4.672899963755894452e+07
4.978974577317995198e+00 2.407170620701391250e+07
4.983956042212439819e+00 4.925104350057820231e+07
4.988942491063345308e+00 4.573193443588095158e+07
4.993933928857153148e+00 5.074172104030999541e+07
4.998930360585300825e+00 4.469534815496849269e+07
5.003931791244230709e+00 2.713868755157884210e+07
5.008938225835386504e+00 4.769928740373415500e+07
5.013949669365177719e+00 3.457808051616774499e+07
5.018966126845049835e+00 5.697982206651915796e+06
5.023987603291483417e+00 2.855844083958093077e+07
5.029014103725941709e+00 1.829580203691437468e+07
5.034045633174911494e+00 4.190440647361662239e+07
5.039082196669929736e+00 4.922111268802334368e+07
5.044123799247563156e+00 5.295249862919306010e+07
5.049170445949409114e+00 5.803497385995701700e+07
5.054222141822116932e+00 5.607765789520412683e+07
5.059278891917391441e+00 4.262594804898978770e+07
5.064340701291981439e+00 5.423348404289729893e+07
5.069407575007690347e+00 5.513311239840533584e+07
5.074479518131395750e+00 4.811374106099463254e+07
5.079556535735048506e+00 2.786046061606499925e+07
5.084638632895669197e+00 9.187501399105103686e+06
5.089725814695342798e+00 4.017367543977511674e+07
5.094818086221257758e+00 4.586150143327825516e+07
5.099915452565697116e+00 2.943684824599765241e+07
5.105017918826000312e+00 4.851229502341769636e+07
5.110125490104636903e+00 3.159610532825268432e+07
5.115238171509194132e+00 2.548080205178206041e+07
5.120355968152357384e+00 4.924748801258791238e+07
5.125478885151911967e+00 4.362284369418781996e+07
5.130606927630776859e+00 3.947198922343721241e+07
5.135740100717002932e+00 2.382941445399911329e+07
5.140878409543741867e+00 1.350053501789244264e+07
5.146021859249313657e+00 1.029188919674785808e+07
5.151170454977185287e+00 1.760139169632350653e+07
5.156324201875936986e+00 3.726794023412596434e+07
5.161483105099309299e+00 4.370976130586979538e+07
5.166647169806227069e+00 4.555460748432541639e+07
5.171816401160747922e+00 2.132960459549729899e+07
5.176990804332091578e+00 4.531085080356294662e+07
5.182170384494675375e+00 5.106713474213323742e+07
5.187355146828076080e+00 4.429837145129233599e+07
5.192545096517046765e+00 3.522163582681327313e+07
5.197740238751555886e+00 1.457688204052824527e+07
5.202940578726747312e+00 1.192100374004772492e+07
5.208146121642936777e+00 2.033216971459021792e+07
5.213356872705670497e+00 4.787627445565002039e+06
5.218572837125715402e+00 2.118306929416502267e+07
5.223794020119036041e+00 3.294868042385198176e+07
5.229020426906815011e+00 3.645944427194257081e+07
5.234252062715459175e+00 1.326774046698196046e+07
5.239488932776602326e+00 1.253796100646351464e+07
5.244731042327116732e+00 3.136507509928283840e+07
5.249978396609109588e+00 2.194136226941227168e+07
5.255231000869925673e+00 3.967437497291440517e+07
5.260488860362181995e+00 4.172471859841168672e+07
5.265751980343742922e+00 4.445275292175306380e+07
5.271020366077721064e+00 3.457741168786434084e+07
5.276294022832505703e+00 1.031499093996356614e+07
5.281572955881746800e+00 2.726881742296229675e+07
5.286857170504389636e+00 2.519714143862595409e+07
5.292146671984641948e+00 5.140890356865023263e+06
5.297441465612009459e+00 2.592503729708494991e+07
5.302741556681281665e+00 2.825446255098570511e+07
5.308046950492545157e+00 2.258515813574566320e+07
5.313357652351208493e+00 4.659294612552925199e+07
5.318673667567959562e+00 4.232339878438043594e+07
5.323995001458826870e+00 4.602107044825549424e+07
5.329321659345144901e+00 3.637281088160364330e+07
5.334653646553559447e+00 4.020043244580794126e+07
5.339990968416064021e+00 3.031732458947571740e+07
5.345333630269974101e+00 1.088186826629920118e+07
5.350681637457967987e+00 1.826787130583910970e+06
5.356034995328045945e+00 3.678712044818789233e+06
5.361393709233554183e+00 2.106547084350490198e+07
5.366757784533227493e+00 3.341459402371361479e+07
5.372127226591127069e+00 3.030669705367382243e+07
5.377502040776687586e+00 3.167921086331370845e+07
5.382882232464750061e+00 2.994701808818734437e+07
5.388267807035500567e+00 3.661065758268810064e+07
5.393658769874506653e+00 3.795289655742853135e+07
5.399055126372735103e+00 2.873328477485822514e+07
5.404456881926535949e+00 3.290262580940457433e+07
5.409864041937665569e+00 1.400524622136738524e+07
5.415276611813294672e+00 1.106061733294761181e+07
5.420694596965989653e+00 1.894002348979672650e+06
5.426118002813722363e+00 5.855034837790771388e+06
5.431546834779906519e+00 2.055279366037826240e+07
5.436981098293380832e+00 2.633138920420576632e+07
5.442420798788408121e+00 1.184818535928617418e+07
5.447865941704685966e+00 2.267954661122849584e+07
5.453316532487360035e+00 2.421593690900673717e+07
5.458772576587027636e+00 1.476204156053750217e+07
5.464234079459717286e+00 1.677933106331790565e+06
5.469701046566937563e+00 7.796182877943183295e+06
5.475173483375657568e+00 1.093295024651406892e+07
5.480651395358322020e+00 6.581606459267160855e+06
5.486134787992848594e+00 2.017706981500649452e+07
5.491623666762627032e+00 3.241884578605483845e+07
5.497118037156523584e+00 3.786051505155155063e+07
5.502617904668907656e+00 2.789419405173277855e+07
5.508123274799649138e+00 3.690358297628660500e+07
5.513634153054125520e+00 3.129947412203724310e+07
5.519150544943213887e+00 1.023815452841189690e+07
5.524672455983298036e+00 7.822918307829695754e+06
5.530199891696303105e+00 1.641090503505489416e+07
5.535732857609660051e+00 2.792129642974646389e+07
5.541271359256338513e+00 1.896000433905772492e+07
5.546815402174844145e+00 1.398813585555202886e+07
5.552364991909218617e+00 9.135715174155382439e+06
5.557920134009044943e+00 4.040527832379048690e+06
5.563480834029461697e+00 1.388724809852677770e+07
5.569047097531185209e+00 5.432979439433220774e+06
5.574618930080467827e+00 5.450386112785747275e+06
5.580196337249130778e+00 2.130702287688792218e+06
5.585779324614604135e+00 7.626261492226098664e+06
5.591367897759871752e+00 1.826977411571724713e+07
5.596962062273499683e+00 2.608808258446674049e+07
5.602561823749654835e+00 1.204807702787306346e+07
5.608167187788102304e+00 1.828176753693454340e+07
5.613778159994197381e+00 6.397572645780609921e+06
5.619394745978918415e+00 7.785046615911290981e+06
5.625016951358852602e+00 1.663915381496880203e+07
5.630644781756208417e+00 7.374385752363962121e+06
5.636278242798814730e+00 4.984345695615890436e+06
5.641917340120138569e+00 1.144539023979389574e+06
5.647562079359275344e+00 2.987232570582585875e+06
5.653212466160955074e+00 6.902342892690164968e+06
5.658868506175564583e+00 1.227833351690579019e+07
5.664530205059156387e+00 1.944525710091066360e+07
5.670197568473430039e+00 1.403414672533910722e+07
5.675870602085741901e+00 2.536502908725609072e+06
5.681549311569130012e+00 1.336173557932697050e+07
5.687233702602297214e+00 1.163446795654272661e+07
5.692923780869640460e+00 5.608460683542711660e+06
5.698619552061241045e+00 1.904495939577055350e+07
5.704321021872854836e+00 1.304656622926285118e+07
5.710028196005964674e+00 3.284995805349917151e+06
5.715741080167752841e+00 4.282787621785082854e+06
5.721459680071105502e+00 2.229536274291758891e+06
5.727184001434619809e+00 5.182050748312640935e+06
5.732914049982608340e+00 6.609065816512394696e+06
5.738649831445122196e+00 5.568884719025009312e+06
5.744391351557942116e+00 3.663980997241861653e+06
5.750138616062591801e+00 2.726015112419281155e+06
5.755891630706342355e+00 5.881186734723027796e+06
5.761650401242202513e+00 3.081308453673040029e+06
5.767414933428949730e+00 1.316716643264055951e+06
5.773185233031118635e+00 5.147028692394796759e+06
5.778961305818993921e+00 4.563210395878107287e+06
5.784743157568644101e+00 1.386854138285821490e+07
5.790530794061934827e+00 2.002631508420592174e+07
5.796324221086497808e+00 2.048411568484320864e+07
5.802123444435760113e+00 9.014537950020538643e+06
5.807928469908951286e+00 1.249273269128533639e+07
5.813739303311101558e+00 7.010674104905475862e+06
5.819555950453048077e+00 1.355587475634600036e+06
5.825378417151428678e+00 2.520753416627739556e+06
5.831206709228702323e+00 2.168832760348549578e+06
5.837040832513173072e+00 6.579142955941377208e+06
5.842880792838964332e+00 1.220210725877133384e+07
5.848726596046033066e+00 7.083568428942563944e+06
5.854578247980187555e+00 7.792362474755954929e+06
5.860435754493076743e+00 1.793236923023446230e+06
5.866299121442202669e+00 2.471355107809497975e+06
5.872168354690941783e+00 4.431589903640247881e+06
5.878043460108523632e+00 1.827905045689626131e+06
5.883924443570054841e+00 1.515926510487946915e+06
5.889811310956534207e+00 2.461859016680816188e+06
5.895704068154810074e+00 1.547523596535264049e+06
5.901602721057636280e+00 3.547733827513150405e+06
5.907507275563671278e+00 8.587812096120979637e+06
5.913417737577481681e+00 7.738183373589554802e+06
5.919334113009534271e+00 5.253127054633169435e+06
5.925256407776182677e+00 4.566399897638020106e+06
5.931184627799722442e+00 2.615872000333682168e+06
5.937118779008376812e+00 1.472902273989903741e+06
5.943058867336306506e+00 2.663552311844011769e+06
5.949004898723619483e+00 4.986027150648839772e+06
5.954956879116324764e+00 6.054109089667113498e+06
5.960914814466400813e+00 9.040402958508558571e+06
5.966878710731783109e+00 2.828886845442842226e+06
5.972848573876380129e+00 3.807902216109727975e+06
5.978824409870049372e+00 5.034083617448226549e+06
5.984806224688616894e+00 2.564442084331994876e+06
5.990794024313907506e+00 1.752931916525631445e+06
5.996787814733729682e+00 5.925923417613080703e+06
6.002787601941870221e+00 1.017207271795046888e+07
6.008793391938101358e+00 6.713244657665470615e+06
6.014805190728216289e+00 2.231839099088896532e+06
6.020823004324017624e+00 7.618728835146999918e+06
6.026846838743329826e+00 1.167716842018017359e+07
6.032876700009986770e+00 8.062911858922887594e+06
6.038912594153839741e+00 4.266393867397571914e+06
6.044954527210790296e+00 1.628237516727507580e+06
6.051002505222769834e+00 1.843098626190149924e+06
6.057056534237768020e+00 2.929039213399542030e+06
6.063116620309810578e+00 3.711924314864747692e+06
6.069182769498975283e+00 1.856891161734431284e+06
6.075254987871399948e+00 1.892224229237508262e+06
6.081333281499318844e+00 5.683227305660326965e+06
6.087417656461035165e+00 8.631184825376411900e+06
6.093508118840904153e+00 1.053243995381096564e+07
6.099604674729399711e+00 8.409971924749651924e+06
6.105707330223097529e+00 2.965060732099439949e+06
6.111816091424631558e+00 2.170828153147955425e+06
6.117930964442756192e+00 2.454111196707411204e+06
6.124051955392354252e+00 7.799344472587944940e+06
6.130179070394424556e+00 1.342494276330419444e+07
6.136312315576075704e+00 1.175798896648848988e+07
6.142451697070548278e+00 3.065962545786714181e+06
6.148597221017229053e+00 7.389341710703996941e+06
6.154748893561648337e+00 5.587592235507715493e+06
6.160906720855489738e+00 2.150859285027139820e+06
6.167070709056560851e+00 6.832621487701955251e+06
6.173240864328839450e+00 9.038385660211088136e+06
6.179417192842489470e+00 4.591802127169122919e+06
6.185599700773853904e+00 1.955474091165466001e+06
6.191788394305445031e+00 5.137719043460358866e+06
6.197983279625935538e+00 1.242378380943983421e+07
6.204184362930218910e+00 1.786473245244209468e+07
6.210391650419379239e+00 1.113262917614486441e+07
6.216605148300705430e+00 1.361689828953886963e+07
6.222824862787705413e+00 9.488654983136706054e+06
6.229050800100091045e+00 2.732490629653863236e+07
6.235282966463794985e+00 1.467263412912978046e+07
6.241521368110988455e+00 1.631641567859517783e+07
6.247766011280059040e+00 2.032664807248510048e+07
6.254016902215655982e+00 2.951595426257551834e+07
6.260274047168675082e+00 2.948419515181310847e+07
6.266537452396248042e+00 1.667100833968575485e+07
6.272807124161805525e+00 1.332808031293519586e+07
6.279083068735027418e+00 2.587582384209014475e+07
6.285365292391835723e+00 2.114213877161446586e+07
6.291653801414451408e+00 1.939806095938442647e+07
6.297948602091395287e+00 2.912546062532834709e+07
6.304249700717476479e+00 3.003078673649527133e+07
6.310557103593776418e+00 2.970943471120866761e+07
6.316870817027704810e+00 2.295645848256250471e+07
6.323190847332971209e+00 2.189782014533008263e+07
6.329517200829613444e+00 1.524206638106931746e+07
6.335849883843987840e+00 7.039935901014164090e+06
6.342188902708793208e+00 2.658140296716554556e+06
6.348534263763021990e+00 3.308573866606448311e+06
6.354885973352024209e+00 8.207192546410180628e+06
6.361244037827538556e+00 1.028684506542737782e+07
6.367608463547619557e+00 4.117272529930655379e+06
6.373979256876696198e+00 3.405708006309677381e+06
6.380356424185563924e+00 1.062709978422203660e+07
6.386739971851379316e+00 6.737233914252345450e+06
6.393129906257697392e+00 5.861374445734650828e+06
6.399526233794450292e+00 8.115651635267784819e+06
6.405928960857968590e+00 3.530014462786067277e+06
6.412338093850992848e+00 2.444743329823484644e+06
6.418753639182643411e+00 2.647993102235556580e+06
6.425175603268465707e+00 4.314869043666440994e+06
6.431603992530422254e+00 3.869915344799285289e+06
6.438038813396905979e+00 7.105988468689833768e+06
6.444480072302737561e+00 1.317371492828240618e+07
6.450927775689183186e+00 5.674727478045129217e+06
6.457381930003953663e+00 1.275696567487780377e+07
6.463842541701190214e+00 1.350974548736165091e+07
6.470309617241494671e+00 4.649678899622398429e+06
6.476783163091949902e+00 4.713239049994446337e+06
6.483263185726116262e+00 3.113991503312950488e+06
6.489749691624008499e+00 3.008105273634459823e+06
6.496242687272122396e+00 2.821029348841533065e+06
6.502742179163471192e+00 4.062719799424593337e+06
6.509248173797545611e+00 6.948842608902113512e+06
6.515760677680336066e+00 5.253271217971640639e+06
6.522279697324338876e+00 3.499203448421208188e+06
6.528805239248586467e+00 8.176396448355239816e+06
6.535337309978613618e+00 1.428810317816848494e+07
6.541875916046493877e+00 6.498863749311851338e+06
6.548421063990831570e+00 7.164079781752795912e+06
6.554972760356781336e+00 4.114882778929532040e+06
6.561531011696033922e+00 6.309088724938669242e+06
6.568095824566834828e+00 3.307731590482017025e+06
6.574667205534010073e+00 3.331556519973252434e+06
6.581245161168945756e+00 6.478955844346132129e+06
6.587829698049589844e+00 5.130457023664765060e+06
6.594420822760478806e+00 4.735242745702648535e+06
6.601018541892748281e+00 8.322701599826464429e+06
6.607622862044109979e+00 1.413988311276028678e+07
6.614233789818874776e+00 8.137022556821380742e+06
6.620851331827975805e+00 8.057524316629549488e+06
6.627475494688961355e+00 4.599109630289508961e+06
6.634106285025993976e+00 3.582191909174047410e+06
6.640743709469855816e+00 3.166952492256822065e+06
6.647387774657984139e+00 5.461376118243638426e+06
6.654038487234453569e+00 1.178343099245619029e+07
6.660695853849973425e+00 1.159236210712276958e+07
6.667359881161896595e+00 7.741234669555460103e+06
6.674030575834250634e+00 4.757227451158954762e+06
6.680707944537742193e+00 5.401914780229677446e+06
6.687391993949728608e+00 7.384456235726354644e+06
6.694082730754263189e+00 1.177081716914240830e+07
6.700780161642089006e+00 1.347419640535740554e+07
6.707484293310628232e+00 5.318849614083273336e+06
6.714195132464016780e+00 5.505895642786261626e+06
6.720912685813111409e+00 6.317975571774884127e+06
6.727636960075451533e+00 8.714510501595063135e+06
6.734367961975309846e+00 2.101416349623503536e+07
6.741105698243684330e+00 2.016760522067961097e+07
6.747850175618314239e+00 9.788232934492979199e+06
6.754601400843687209e+00 1.668434506592831574e+07
6.761359380671025932e+00 2.441757307962331548e+07
6.768124121858305919e+00 1.476526215351801738e+07
6.774895631170272381e+00 6.160614589608170092e+06
6.781673915378439332e+00 9.933106609141897410e+06
6.788458981261083380e+00 4.494832687814835459e+06
6.795250835603268591e+00 5.114248892539172433e+06
6.802049485196855372e+00 1.484588552687017620e+07
6.808854936840480043e+00 1.399075998168617673e+07
6.815667197339611683e+00 1.870524676813162118e+07
6.822486273506513932e+00 7.455624103593904525e+06
6.829312172160262762e+00 6.442851239621471614e+06
6.836144900126752688e+00 1.337857629333254136e+07
6.842984464238715425e+00 1.944425380957971513e+07
6.849830871335718996e+00 1.006391545351720788e+07
6.856684128264157962e+00 4.601608998337527737e+06
6.863544241877307606e+00 4.388561929974593222e+06
6.870411219035266193e+00 7.034832180266625248e+06
6.877285066604999386e+00 1.643040278694492392e+07
6.884165791460373107e+00 1.356170014505256340e+07
6.891053400482104685e+00 2.951299267196973413e+07
6.897947900557811707e+00 2.600229451374645159e+07
6.904849298582002248e+00 9.317942851079761982e+06
6.911757601456057998e+00 1.377823169338501804e+07
6.918672816088298205e+00 3.239163564272247255e+07
6.925594949393933497e+00 3.031025376476715505e+07
6.932524008295088969e+00 3.956522783725940436e+07
6.939459999720836159e+00 2.711554018856791034e+07
6.946402930607153969e+00 2.880200533941240609e+07
6.953352807896971299e+00 1.772242923940208927e+07
6.960309638540181254e+00 5.461133464648690075e+06
6.967273429493618941e+00 1.555768211862712353e+07
6.974244187721073907e+00 1.931075345049525052e+07
6.981221920193293684e+00 2.646712120144282654e+07
6.988206633888011332e+00 2.301067764693898335e+07
6.995198335789934774e+00 1.217137327041835338e+07
7.002197032890780548e+00 3.139586576722092554e+07
7.009202732189245388e+00 3.731064108520192653e+07
7.016215440691027538e+00 2.749233087184455991e+07
7.023235165408840075e+00 9.738789161436146125e+06
7.030261913362399362e+00 3.234828604046835378e+07
7.037295691578454360e+00 2.504295492975928262e+07
7.044336507090792843e+00 6.356010938709003851e+06
7.051384366940223636e+00 1.311179936983442865e+07
7.058439278174613030e+00 2.296343085891396552e+07
7.065501247848868793e+00 4.278589875119040161e+07
7.072570283024954385e+00 5.427502109184964001e+07
7.079646390771910269e+00 3.312640569677743688e+07
7.086729578165847698e+00 3.675715909387567639e+07
7.093819852289949601e+00 4.245766122891889513e+07
7.100917220234500782e+00 5.279995583563312143e+07
7.108021689096868378e+00 4.522252674001189321e+07
7.115133265981508082e+00 1.767152234618803859e+07
7.122251958000004990e+00 2.613624389340302721e+07
7.129377772271054070e+00 4.755162978623729944e+07
7.136510715920461934e+00 3.860250353179772198e+07
7.143650796081180587e+00 1.676832635450138897e+07
7.150798019893290558e+00 1.562477512622246891e+07
7.157952394504015103e+00 2.543449146662073210e+07
7.165113927067729094e+00 1.381529673932571337e+07
7.172282624745966118e+00 1.280001980678941123e+07
7.179458494707433580e+00 4.229898020218762755e+07
7.186641544127991388e+00 4.901263812648651749e+07
7.193831780190692804e+00 4.433807416445378214e+07
7.201029210085776455e+00 3.757618134893189371e+07
7.208233841010668996e+00 1.542707822427943721e+07
7.215445680170001985e+00 3.641894579110495001e+07
7.222664734775614548e+00 6.897097031706775725e+07
7.229891012046562260e+00 6.527083881743481010e+07
7.237124519209114482e+00 5.288392638602108508e+07
7.244365263496786334e+00 5.146733362353652716e+07
7.251613252150332478e+00 2.398993262327297032e+07
7.258868492417732021e+00 3.083514072642607987e+07
7.266130991554229368e+00 4.164082051426081359e+07
7.273400756822333335e+00 1.503690893195572495e+07
7.280677795491791393e+00 1.613160208803926408e+07
7.287962114839658945e+00 5.072722435072662681e+07
7.295253722150257580e+00 5.281059762725210935e+07
7.302552624715170637e+00 3.077052641269255802e+07
7.309858829833316030e+00 2.820219878657152504e+07
7.317172344810906282e+00 5.544914543074042350e+07
7.324493176961444973e+00 4.250365448140504956e+07
7.331821333605770263e+00 2.557231720652873814e+07
7.339156822072049557e+00 1.774443262677547708e+07
7.346499649695761747e+00 2.094582381810611859e+07
7.353849823819730069e+00 3.309372712429654598e+07
7.361207351794133658e+00 3.586631440028242767e+07
7.368572240976500431e+00 4.522827424329286069e+07
7.375944498731713317e+00 1.493144782073876262e+07
7.383324132432038667e+00 3.648773560324917734e+07
7.390711149457120932e+00 2.824043109968282655e+07
7.398105557193965787e+00 2.135435076473430544e+07
7.405507363036982760e+00 4.534471691337118298e+07
7.412916574387977242e+00 3.562807519511717558e+07
7.420333198656157592e+00 1.524009873352336511e+07
7.427757243258164443e+00 2.088747818152348325e+07
7.435188715618025412e+00 5.548598430646669120e+07
7.442627623167226147e+00 3.369801631275819987e+07
7.450073973344676581e+00 9.807895580969443545e+06
7.457527773596703824e+00 2.394466975604807213e+07
7.464989031377126771e+00 2.491953817964040488e+07
7.472457754147218800e+00 1.892694338511297479e+07
7.479933949375681124e+00 1.559482429825513624e+07
7.487417624538714733e+00 5.690410684558674693e+07
7.494908787120000859e+00 5.616607833487071842e+07
7.502407444610704523e+00 1.752593701475143060e+07
7.509913604509470098e+00 3.322954552182919532e+07
7.517427274322463049e+00 5.814087191032021493e+07
7.524948461563358393e+00 6.490757215060272813e+07
7.532477173753336253e+00 1.785081348732787743e+07
7.540013418421120939e+00 4.684593211763387918e+07
7.547557203102952528e+00 6.920592687810942531e+07
7.555108535342625053e+00 6.333505640053064376e+07
7.562667422691464303e+00 2.613271404452886432e+07
7.570233872708334033e+00 6.249614031153025478e+07
7.577807892959705249e+00 3.674264251385672390e+07
7.585389491019602026e+00 5.621407488964708149e+07
7.592978674469621048e+00 2.932925364917820320e+07
7.600575450898948482e+00 8.305847263550272584e+07
7.608179827904360870e+00 7.294819320046724379e+07
7.615791813090228679e+00 4.534705500092580914e+07
7.623411414068545611e+00 3.833076994553888589e+07
7.631038638458921497e+00 8.515019096765267849e+07
7.638673493888578747e+00 8.253897878091375530e+07
7.646315987992360341e+00 4.891457637455945462e+07
7.653966128412754699e+00 1.527611950892849267e+07
7.661623922799913444e+00 8.765146911914380267e+06
7.669289378811644298e+00 8.155052142251526937e+06
7.676962504113392427e+00 1.149851774768379889e+07
7.684643306378275973e+00 1.904805673241408914e+07
7.692331793287112696e+00 1.464945078852647729e+07
7.700027972528378228e+00 3.394535413005985320e+07
7.707731851798260259e+00 2.739334387894180417e+07
7.715443438800645204e+00 4.052665072089107335e+07
7.723162741247111995e+00 1.700608734783072770e+07
7.730889766856956058e+00 3.678230665944404900e+07
7.738624523357209739e+00 4.306300106987705082e+07
7.746367018482623656e+00 6.408735258850549161e+07
7.754117259975699561e+00 4.139520761135435849e+07
7.761875255586685896e+00 1.381302520310925506e+07
7.769641013073576907e+00 3.961693810847903788e+07
7.777414540202122417e+00 7.940229661953411996e+07
7.785195844745862459e+00 6.400943008661735803e+07
7.792984934486088200e+00 1.361623924000197649e+07
7.800781817211894342e+00 2.754195792466581613e+07
7.808586500720170243e+00 5.904087382217444479e+07
7.816398992815588365e+00 8.408496772164364159e+07
7.824219301310663788e+00 6.266360450559301674e+07
7.832047434025690258e+00 2.996579130640975758e+07
7.839883398788800584e+00 3.047041846868579090e+07
7.847727203435961307e+00 7.079129444457142055e+07
7.855578855810978034e+00 8.840357740110306442e+07
7.863438363765501649e+00 2.625450485292804241e+07
7.871305735159038086e+00 3.379537230596670508e+07
7.879180977858965207e+00 3.359948637752262503e+07
7.887064099740538126e+00 2.208107818824013323e+07
7.894955108686875889e+00 7.108916652614828944e+07
7.902854012588970356e+00 3.363884006968439370e+07
7.910760819345729722e+00 6.407380714486391842e+07
7.918675536863970521e+00 3.262948963506481797e+07
7.926598173058410524e+00 3.632457702917377651e+07
7.934528735851682946e+00 2.571654254183977097e+07
7.942467233174356878e+00 5.230016928221615404e+07
7.950413672964919520e+00 1.098320297886939049e+08
7.958368063169806383e+00 6.414471873397963494e+07
7.966330411743424378e+00 6.621717791647310555e+07
7.974300726648118065e+00 4.548883056332822144e+07
7.982279015854214066e+00 7.168527108668322861e+07
7.990265287339989975e+00 1.023926325768225044e+08
7.998259549091704557e+00 7.917680506028756499e+07
8.006261809103635940e+00 8.582405569976639748e+07
8.014272075378054083e+00 4.313412397168060392e+07
8.022290355925221661e+00 6.119151415159621835e+07
8.030316658763410942e+00 4.567483533898253739e+07
8.038350991918917998e+00 8.003802366844062507e+07
8.046393363426080469e+00 5.639501173623889685e+07
8.054443781327282892e+00 5.701327019290679693e+07
8.062502253672942487e+00 9.153199430514286458e+07
8.070568788521519821e+00 8.753249469118891656e+07
8.078643393939561435e+00 6.401119627445232868e+07
8.086726078001667872e+00 4.890565297783155739e+07
8.094816848790527430e+00 1.085228290197120309e+08
8.102915714396893065e+00 1.275688833177790344e+08
8.111022682919651672e+00 1.109914022213548124e+08
8.119137762465774344e+00 1.626007434551880956e+08
8.127260961150341245e+00 8.541120103108951449e+07
8.135392287096552266e+00 5.869169917573789507e+07
8.143531748435727025e+00 1.327571153958226293e+08
8.151679353307327958e+00 1.428856425151125491e+08
8.159835109858954993e+00 7.913794133756436408e+07
8.167999026246373973e+00 1.206198370980908126e+08
8.176171110633504213e+00 8.038396782764419913e+07
8.184351371192425617e+00 9.834601816081014276e+07
8.192539816103396433e+00 8.837316233213359118e+07
8.200736453554856809e+00 1.127440082986925542e+08
8.208941291743464319e+00 8.916215153792752326e+07
8.217154338874046005e+00 1.142322551727124006e+08
8.225375603159649884e+00 1.280857221421742886e+08
8.233605092821548510e+00 1.755851608429531157e+08
8.241842816089222978e+00 1.708325727244531214e+08
8.250088781200394905e+00 9.317199046581861377e+07
8.258342996401033531e+00 9.421908773264783621e+07
8.266605469945350393e+00 1.106466069142986089e+08
8.274876210095818863e+00 1.808586678584622443e+08
8.283155225123197241e+00 1.833985058457648158e+08
8.291442523306500334e+00 1.959820769770430624e+08
8.299738112933010115e+00 1.992225622136908174e+08
8.308042002298329010e+00 1.181185500772192180e+08
8.316354199706326611e+00 1.324862475598274916e+08
8.324674713469219611e+00 1.126837849314542413e+08
8.333003551907516737e+00 1.712335882761985362e+08
8.341340723350057829e+00 1.490857677412242293e+08
8.349686236134026274e+00 1.542035224551206827e+08
8.358040098604922363e+00 1.476305434808904827e+08
8.366402319116609476e+00 1.901942069651877582e+08
8.374772906031305197e+00 2.086145601155886948e+08
8.383151867719606187e+00 1.793803313751152456e+08
8.391539212560473970e+00 1.429170606941309571e+08
8.399934948941243817e+00 1.306564492406413555e+08
8.408339085257667378e+00 1.660630886817446053e+08
8.416751629913893140e+00 1.910473807139363587e+08
8.425172591322457549e+00 1.426890673213292658e+08
8.433601977904316982e+00 1.776639848684373796e+08
8.442039798088842417e+00 1.814769956154463887e+08
8.450486060313872727e+00 2.222305742709035873e+08
8.458940773025680926e+00 1.744595270155895650e+08
8.467403944678963512e+00 1.605176941891202629e+08
8.475875583736875996e+00 2.011894164915066659e+08
8.484355698671075530e+00 2.342483664876766801e+08
8.492844297961685385e+00 1.920662456080018282e+08
8.501341390097307382e+00 2.174806550192990303e+08
8.509846983575016566e+00 1.771369404719237089e+08
8.518361086900416268e+00 1.445054257072390020e+08
8.526883708587609689e+00 1.925631666871563792e+08
8.535414857159230095e+00 2.090920462515732348e+08
8.543954541146415949e+00 1.646929333785315454e+08
8.552502769088842882e+00 2.047532153124317825e+08
8.561059549534769886e+00 2.255871369453321993e+08
8.569624891040954040e+00 2.136984822369083464e+08
8.578198802172744664e+00 1.720071236773383617e+08
8.586781291504054892e+00 1.859943110958395898e+08
8.595372367617367004e+00 2.599755326131811142e+08
8.603972039103767955e+00 2.478231434805413485e+08
8.612580314562926276e+00 2.126232970627713799e+08
8.621197202603104515e+00 1.866371536594889462e+08
8.629822711841203642e+00 2.376472372631998956e+08
8.638456850902732853e+00 2.643502250856204927e+08
8.647099628421834439e+00 2.685040084416592717e+08
8.655751053041287335e+00 2.441212443577170670e+08
8.664411133412508903e+00 2.232605620008250475e+08
8.673079878195581571e+00 1.955005403194998801e+08
8.681757296059268825e+00 1.983469394034213126e+08
8.690443395680977900e+00 2.092382406160907745e+08
8.699138185746802421e+00 1.933290743519137502e+08
8.707841674951529498e+00 2.231251048726632893e+08
8.716553871998655723e+00 2.428088990385491848e+08
8.725274785600383609e+00 2.652327561235898733e+08
8.734004424477626927e+00 2.712712259870895147e+08
8.742742797360028462e+00 2.662047394175950289e+08
8.751489912985945807e+00 2.446101522176318169e+08
8.760245780102499324e+00 2.415996552770160437e+08
8.769010407465557932e+00 2.607396839522200227e+08
8.777783803839753318e+00 2.403227651022191942e+08
8.786565977998490595e+00 2.323031985686311722e+08
8.795356938723937645e+00 1.761203725739914477e+08
8.804156694807060646e+00 1.629057200995101333e+08
8.812965255047608082e+00 2.251210472911384702e+08
8.821782628254135616e+00 2.613484936277886033e+08
8.830608823244022076e+00 2.752186152730361223e+08
8.839443848843473006e+00 2.697279129214882851e+08
8.848287713887497574e+00 2.578556350846066177e+08
8.857140427219976075e+00 2.565151808024208546e+08
8.866001997693627956e+00 2.770978677074924111e+08
8.874872434170020696e+00 2.661700095618351996e+08
8.883751745519582244e+00 2.597319732965432405e+08
8.892639940621625882e+00 2.707516254407954216e+08
8.901537028364346682e+00 2.265095125314733088e+08
8.910443017644842811e+00 2.659834118530265689e+08
8.919357917369106659e+00 1.652466675422157645e+08
8.928281736452028383e+00 2.481694142769892812e+08
8.937214483817424338e+00 2.688878947571743131e+08
8.946156168398053055e+00 2.514980021699894071e+08
8.955106799135602813e+00 2.666984505697968900e+08
8.964066384980702296e+00 2.761559818944647312e+08
8.973034934892920589e+00 2.696380427826197743e+08
8.982012457840815145e+00 2.740263415279909372e+08
8.990998962801914018e+00 2.576334884659483731e+08
8.999994458762728300e+00 2.187224340519598126e+08
9.008998954718750340e+00 2.537777585217504799e+08
9.018012459674482173e+00 2.701748381881817579e+08
9.027034982643428407e+00 2.427263756194819510e+08
9.036066532648110439e+00 2.147534104240636230e+08
9.045107118720064676e+00 2.443543902974165380e+08
9.054156749899895829e+00 2.468349039083001912e+08
9.063215435237234274e+00 2.729269656061534286e+08
9.072283183790759153e+00 2.641732899492084682e+08
9.081360004628230342e+00 2.302739537624848187e+08
9.090445906826463585e+00 2.343329586577064395e+08
9.099540899471353583e+00 2.609761378066331446e+08
9.108644991657907752e+00 2.698801694893795252e+08
9.117758192490214242e+00 2.715438816089047790e+08
9.126880511081456149e+00 2.612353848328637481e+08
9.136011956553980795e+00 2.568147836380464733e+08
9.145152538039223344e+00 2.566827863549239039e+08
9.154302264677752987e+00 2.492979012704021931e+08
9.163461145619306691e+00 2.165258903787170947e+08
9.172629190022773216e+00 2.495320906005581021e+08
9.181806407056209096e+00 2.448892681868642867e+08
9.190992805896815554e+00 2.324414184633343518e+08
9.200188395730981128e+00 2.510968166725786924e+08
9.209393185754311872e+00 2.393750555586709082e+08
9.218607185171599383e+00 2.452791373264490664e+08
9.227830403196843889e+00 2.439488479925809503e+08
9.237062849053257807e+00 2.487767908578486443e+08
9.246304531973295937e+00 2.362440559896087050e+08
9.255555461198628819e+00 2.539174281151548028e+08
9.264815645980180037e+00 2.452729022919743657e+08
9.274085095578147531e+00 2.422271708676906526e+08
9.283363819261991168e+00 2.382670371981950104e+08
9.292651826310423857e+00 2.346536276371778548e+08
9.301949126011466618e+00 2.384718362494384050e+08
9.311255727662413051e+00 2.246044567708006203e+08
9.320571640569852434e+00 2.284159154001397491e+08
9.329896874049707023e+00 2.353184479533014297e+08
9.339231437427212512e+00 2.494077005913037658e+08
9.348575340036930470e+00 2.663387035672668517e+08
9.357928591222769654e+00 2.522226810566910207e+08
9.367291200337987789e+00 2.489011109943915606e+08
9.376663176745186234e+00 2.053919673082272112e+08
9.386044529816329529e+00 2.551268414105978310e+08
9.395435268932773809e+00 2.585446427834287286e+08
9.404835403485281020e+00 2.658633328828905225e+08
9.414244942873983391e+00 2.405959166506441534e+08
9.423663896508406523e+00 2.575847039875964224e+08
9.433092273807510253e+00 2.353493474946331382e+08
9.442530084199674434e+00 2.399444497831056118e+08
9.451977337122700717e+00 2.592475092498081923e+08
9.461434042023851632e+00 2.424781942798561752e+08
9.470900208359843475e+00 2.286854768570649922e+08
9.480375845596832107e+00 2.641676228003956079e+08
9.489860963210444922e+00 2.447747914054365754e+08
9.499355570685795058e+00 2.500984431901481748e+08
9.508859677517522258e+00 2.438425977172538340e+08
9.518373293209727137e+00 2.349088363199813366e+08
9.527896427276015601e+00 2.495164126232902110e+08
9.537429089239532587e+00 2.400753773684665263e+08
9.546971288632937203e+00 2.638483225330505073e+08
9.556523034998413380e+00 2.496920414330985248e+08
9.566084337887714284e+00 2.475176456872732043e+08
9.575655206862155211e+00 2.654808308219826221e+08
9.585235651492601150e+00 2.471651170281398892e+08
9.594825681359491654e+00 2.510387961346453726e+08
9.604425306052856826e+00 2.456118112846431434e+08
9.614034535172327978e+00 2.625100243771889806e+08
9.623653378327144736e+00 2.315698312690555751e+08
9.633281845136142607e+00 2.615006920149083436e+08
9.642919945227788503e+00 2.529220490023560822e+08
9.652567688240175414e+00 2.617706518500410914e+08
9.662225083821059712e+00 2.597474481112681329e+08
9.671892141627827399e+00 2.566542385156659782e+08
9.681568871327542070e+00 2.602519384359515607e+08
9.691255282596946685e+00 2.506666782271775007e+08
9.700951385122440485e+00 2.574435047195094824e+08
9.710657188600118062e+00 2.314636356144365072e+08
9.720372702735790682e+00 2.426987258682764173e+08
9.730097937244991613e+00 2.552629166266945004e+08
9.739832901852937042e+00 2.696410635422044992e+08
9.749577606294584697e+00 2.615531916777171195e+08
9.759332060314648061e+00 2.682118344371326864e+08
9.769096273667583930e+00 2.595725560693499744e+08
9.778870256117615511e+00 2.708750381605341434e+08
9.788654017438732424e+00 2.646286493412005305e+08
9.798447567414664050e+00 2.667288284677318037e+08
9.808250915838973683e+00 2.643807836305462420e+08
9.818064072515031881e+00 2.603796644458015263e+08
9.827887047255972064e+00 2.378078755595875084e+08
9.837719849884754453e+00 2.639480729382390678e+08
9.847562490234214039e+00 2.697565161129508018e+08
9.857414978147000184e+00 2.365181788798981905e+08
9.867277323475576623e+00 2.687133771456751227e+08
9.877149536082288961e+00 2.672101369730319679e+08
9.887031625839359350e+00 2.627750396605684161e+08
9.896923602628888261e+00 2.362205826448610127e+08
9.906825476342849157e+00 2.673045335035607815e+08
9.916737256883115137e+00 2.689417264286379814e+08
9.926658954161467818e+00 2.616345604143247902e+08
9.936590578099599114e+00 2.711279001017709970e+08
9.946532138629125441e+00 2.701449698738873601e+08
9.956483645691628581e+00 2.627215273324178755e+08
9.966445109238607714e+00 2.566901362506338954e+08
9.976416539231488301e+00 2.708370006623609662e+08
9.986397945641751761e+00 2.665892231901102960e+08
9.996389338450816453e+00 2.573969179089042842e+08
1.000639072765004123e+01 2.660385055522317588e+08
1.001640212324083024e+01 2.585211336943063736e+08
1.002642353523456720e+01 2.664562645395817459e+08
1.003645497365266870e+01 2.670195691866967678e+08
1.004649644852658774e+01 2.664917988830237985e+08
1.005654796989779420e+01 2.634142542910945117e+08
1.006660954781781925e+01 2.663423306424018741e+08
1.007668119234822868e+01 2.663440783881959021e+08
1.008676291356065136e+01 2.651546344237436056e+08
1.009685472153683961e+01 2.580312940197821558e+08
1.010695662636857328e+01 2.633423742734768987e+08
1.011706863815775748e+01 2.599416036107743680e+08
1.012719076701644383e+01 2.591826779573344886e+08
1.013732302306676303e+01 2.592715211652348936e+08
1.014746541644093547e+01 2.573378385369069576e+08
1.015761795728136363e+01 2.494235102258546650e+08
1.016778065574060363e+01 2.540533523385815620e+08
1.017795352198134040e+01 2.519178964111138582e+08
1.018813656617644803e+01 2.582778555603082180e+08
1.019832979850896315e+01 2.525269874714613855e+08
1.020853322917211337e+01 2.503078992456073165e+08
1.021874686836936519e+01 2.465188582911294103e+08
1.022897072631432991e+01 2.371678631950390935e+08
1.023920481323086840e+01 2.592120536278193295e+08
1.024944913935308044e+01 2.280465639951455593e+08
1.025970371492529942e+01 2.434514587867413461e+08
1.026996855020209765e+01 2.251463851784137189e+08
1.028024365544828811e+01 2.557915504763779640e+08
1.029052904093896892e+01 2.272233890063066483e+08
1.030082471695954105e+01 2.396197587814186513e+08
1.031113069380570302e+01 2.593120888647329509e+08
1.032144698178340825e+01 2.452470588508633971e+08
1.033177359120896099e+01 2.447882728638912439e+08
1.034211053240895950e+01 2.528863546501532495e+08
1.035245781572035639e+01 2.388811662849649489e+08
1.036281545149045868e+01 2.490741591479030550e+08
1.037318345007685672e+01 2.633108293684605956e+08
1.038356182184754672e+01 2.528476797952149808e+08
1.039395057718094506e+01 2.547339716358214021e+08
1.040434972646577272e+01 2.576596895061339736e+08
1.041475928010119567e+01 2.539757363215518892e+08
1.042517924849676270e+01 2.398634977122647464e+08
1.043560964207244091e+01 2.520987931922714412e+08
1.044605047125863351e+01 2.584911644338725209e+08
1.045650174649616382e+01 2.473473277843489349e+08
1.046696347823632323e+01 2.370255270030651391e+08
1.047743567694081790e+01 2.398045484406027198e+08
1.048791835308187714e+01 2.447951184451438189e+08
1.049841151714219301e+01 2.425196209016396403e+08
1.050891517961488475e+01 2.426917443327707052e+08
1.051942935100361431e+01 2.554951105586766005e+08
1.052995404182255434e+01 2.398184397139645517e+08
1.054048926259641661e+01 2.364338312093972564e+08
1.055103502386043246e+01 2.279780851961584389e+08
1.056159133616034929e+01 2.499000671410205364e+08
1.057215821005249445e+01 2.365803526092166305e+08
1.058273565610372025e+01 2.460838924302079380e+08
1.059332368489147136e+01 2.377030915290744305e+08
1.060392230700380445e+01 2.529898963131192923e+08
1.061453153303934371e+01 2.406694250336618423e+08
1.062515137360728978e+01 2.425375407672958672e+08
1.063578183932750854e+01 2.394791762013408244e+08
1.064642294083046359e+01 2.512910570004656613e+08
1.065707468875722519e+01 2.394967323076907694e+08
1.066773709375955193e+01 2.506214511584938765e+08
1.067841016649985519e+01 2.415128319827132225e+08
1.068909391765121519e+01 2.526955878973637521e+08
1.069978835789740934e+01 2.431765336451992393e+08
1.071049349793284122e+01 2.516306661662487984e+08
1.072120934846262230e+01 2.396205535688246787e+08
1.073193592020264830e+01 2.517940992313534915e+08
1.074267322387948376e+01 2.437542629142443240e+08
1.075342127023045435e+01 2.530247122436827421e+08
1.076418007000360966e+01 2.344404778430846035e+08
1.077494963395772487e+01 2.543138383536446691e+08
1.078572997286235946e+01 2.438665614849077761e+08
1.079652109749786604e+01 2.529647749233958423e+08
1.080732301865535838e+01 2.225375844762441814e+08
1.081813574713675052e+01 2.480791265030921698e+08
1.082895929375480470e+01 2.484890348830960691e+08
1.083979366933308341e+01 2.266132669415691197e+08
1.085063888470592630e+01 2.324564435302434266e+08
1.086149495071854787e+01 2.425298028517778814e+08
1.087236187822703393e+01 2.477478482704192400e+08
1.088323967809830783e+01 2.340621022817857563e+08
1.089412836121015538e+01 2.453549272902054191e+08
1.090502793845127272e+01 2.419644884274591804e+08
1.091593842072125575e+01 2.462377699647258818e+08
1.092685981893055747e+01 2.419681976313372254e+08
1.093779214400056965e+01 2.289444772783249319e+08
1.094873540686364244e+01 2.423921464684313238e+08
1.095968961846305412e+01 2.401717444006481767e+08
1.097065478975298625e+01 2.399330223051381707e+08
1.098163093169861249e+01 2.307025883659064174e+08
1.099261805527609326e+01 2.313047662182392478e+08
1.100361617147250470e+01 2.087390531459225714e+08
1.101462529128598611e+01 2.340642005717342496e+08
1.102564542572569728e+01 2.318611858821471035e+08
1.103667658581177058e+01 2.226911298033259511e+08
1.104771878257536777e+01 2.298617770965107083e+08
1.105877202705865159e+01 2.347177926920567751e+08
1.106983633031488701e+01 2.314841857679934204e+08
1.108091170340838083e+01 2.282730826501557529e+08
1.109199815741450301e+01 2.288230751829621196e+08
1.110309570341971686e+01 2.285795227350377440e+08
1.111420435252153993e+01 2.304972077216507494e+08
1.112532411582863290e+01 2.267566162810782492e+08
1.113645500446078351e+01 2.235443377252537310e+08
1.114759702954887644e+01 2.185382866822714508e+08
1.115875020223492164e+01 2.169097379649401605e+08
1.116991453367207754e+01 2.198358060273962915e+08
1.118109003502470777e+01 2.197602718412981331e+08
1.119227671746831376e+01 2.180272049697532356e+08
1.120347459218956310e+01 2.136549949088338912e+08
1.121468367038634106e+01 2.042837939916577339e+08
1.122590396326773821e+01 2.119991930575481951e+08
1.123713548205403256e+01 1.990244034080942571e+08
1.124837823797674297e+01 2.004362847649682760e+08
1.125963224227863257e+01 2.062921725404894948e+08
1.127089750621371778e+01 1.783352064600133002e+08
1.128217404104722554e+01 1.999783660668278337e+08
1.129346185805569291e+01 2.021143921675308645e+08
1.130476096852695456e+01 1.976423640389761329e+08
1.131607138376011612e+01 1.912407001211432517e+08
1.132739311506561641e+01 1.881192637196004689e+08
1.133872617376518122e+01 1.929303400383879244e+08
1.135007057119186236e+01 1.920718596982254088e+08
1.136142631869005903e+01 1.947719605218679905e+08
1.137279342761551248e+01 1.919843404576345682e+08
1.138417190933534684e+01 1.774604213362377584e+08
1.139556177522804603e+01 1.855229561584693193e+08
1.140696303668344669e+01 1.850039988218548596e+08
1.141837570510285005e+01 1.802381816766673923e+08
1.142979979189892958e+01 1.749123569548262954e+08
1.144123530849573278e+01 1.772966766774649620e+08
1.145268226632879305e+01 1.802267963558837175e+08
1.146414067684506044e+01 1.717596670000744760e+08
1.147561055150295850e+01 1.636367948072362542e+08
1.148709190177237893e+01 1.713512232608097494e+08
1.149858473913466561e+01 1.630810680280067027e+08
1.151008907508264123e+01 1.724571739677519798e+08
1.152160492112064460e+01 1.682058961496742070e+08
1.153313228876454133e+01 1.715089007392441332e+08
1.154467118954168825e+01 1.683355534878915250e+08
1.155622163499099919e+01 1.485598064521798790e+08
1.156778363666291476e+01 1.615220047236967683e+08
1.157935720611939345e+01 1.622290436551414728e+08
1.159094235493406444e+01 1.599010387584741712e+08
1.160253909469204991e+01 1.580538979191446304e+08
1.161414743699006635e+01 1.573856531684010327e+08
1.162576739343652221e+01 1.522911454370557964e+08
1.163739897565136694e+01 1.469777880517944694e+08
1.164904219526613538e+01 1.550840448541426659e+08
1.166069706392407035e+01 1.428361689415601194e+08
1.167236359328002493e+01 1.393087726910599470e+08
1.168404179500053175e+01 1.590915502080130577e+08
1.169573168076382252e+01 1.351245798762483895e+08
1.170743326225975878e+01 1.232524782733902782e+08
1.171914655118992599e+01 1.460594278513287306e+08
1.173087155926761760e+01 1.174505371608446687e+08
1.174260829821783325e+01 1.223164640303323120e+08
1.175435677977733384e+01 1.493749798159013391e+08
1.176611701569460777e+01 1.345423926990039945e+08
1.177788901772987806e+01 1.093374764405745715e+08
1.178967279765513254e+01 1.342226444960995018e+08
1.180146836725415938e+01 1.347345687072078884e+08
1.181327573832253641e+01 1.218145611842247099e+08
1.182509492266764717e+01 1.163190576823350042e+08
1.183692593210868438e+01 1.478503409472345710e+08
1.184876877847663401e+01 1.275316758449513912e+08
1.186062347361432678e+01 1.026180592091455907e+08
1.187249002937649855e+01 1.394507034379806221e+08
1.188436845762971572e+01 1.552032759809885919e+08
1.189625877025236811e+01 8.992457832586356997e+07
1.190816097913477911e+01 1.318641341077141017e+08
1.192007509617916661e+01 1.783763362239821851e+08
1.193200113329961809e+01 8.460996449170109630e+07
1.194393910242220258e+01 1.383816159462601840e+08
1.195588901548488714e+01 1.698378117119292915e+08
1.196785088443757417e+01 9.519724009833930433e+07
1.197982472124212805e+01 1.407785939787290096e+08
1.199181053787241602e+01 1.589307903323604763e+08
1.200380834631422822e+01 1.180743476724007726e+08
1.201581815856538427e+01 1.305010651543776244e+08
1.202783998663571730e+01 1.621712944105318785e+08
1.203987384254702775e+01 1.549484940459047258e+08
1.205191973833318109e+01 1.007362777620300800e+08
1.206397768604006693e+01 1.441148163196745217e+08
1.207604769772563813e+01 1.565820224864402711e+08
1.208812978545991257e+01 7.566938563790716231e+07
1.210022396132499090e+01 1.322826609035465866e+08
1.211233023741503700e+01 1.873141147775178850e+08
1.212444862583633132e+01 7.274608731999503076e+07
1.213657913870727256e+01 1.185584923045942932e+08
1.214872178815835468e+01 1.763305295871185660e+08
1.216087658633222013e+01 9.261831078326462209e+07
1.217304354538368472e+01 1.479132031232818961e+08
1.218522267747971277e+01 1.712631188174586892e+08
1.219741399479943134e+01 1.129473979506708980e+08
1.220961750953417990e+01 1.200500210356020331e+08
1.222183323388744647e+01 1.460709841752121747e+08
1.223406118007494747e+01 1.391086843948163390e+08
1.224630136032464556e+01 9.758056079127033055e+07
1.225855378687672292e+01 1.399265143210938275e+08
1.227081847198362219e+01 1.656747169924578667e+08
1.228309542791001974e+01 8.025915135764956474e+07
1.229538466693285770e+01 1.340851459622892141e+08
1.230768620134138125e+01 1.680908498896403611e+08
1.232000004343713506e+01 9.470890728159643710e+07
1.233232620553395975e+01 1.496098300515577495e+08
1.234466469995803273e+01 1.487036389908894300e+08
1.235701553904784689e+01 1.017824188484351635e+08
1.236937873515422659e+01 1.283974280635081083e+08
1.238175430064036320e+01 1.346336857885501981e+08
1.239414224788182928e+01 1.210010641167817265e+08
1.240654258926657327e+01 1.129591351542280614e+08
1.241895533719494793e+01 1.473989713822423816e+08
1.243138050407970141e+01 1.316275773814804405e+08
1.244381810234597729e+01 1.090284101702476293e+08
1.245626814443139274e+01 1.446538363630072474e+08
1.246873064278601007e+01 1.352657232326703966e+08
1.248120560987228522e+01 1.091999884065248817e+08
1.249369305816520281e+01 1.515089880713224709e+08
1.250619300015223345e+01 1.423864766618354321e+08
1.251870544833331600e+01 9.319138876837123930e+07
1.253123041522088243e+01 1.402398124532575011e+08
1.254376791333988095e+01 1.372278354290313423e+08
1.255631795522783989e+01 1.267501933070504218e+08
1.256888055343483224e+01 1.200665390388282686e+08
1.258145572052343297e+01 1.525479505702070296e+08
1.259404346906877592e+01 1.239901738240228891e+08
1.260664381165862302e+01 1.383503781125076413e+08
1.261925676089335191e+01 1.318331381519694328e+08
1.263188232938587952e+01 1.015482856563264579e+08
1.264452052976177043e+01 1.483845509050731957e+08
1.265717137465927955e+01 1.569761264246707559e+08
1.266983487672921349e+01 1.500053874182519317e+08
1.268251104863505674e+01 1.587974262306633592e+08
1.269519990305300539e+01 1.605065068326355815e+08
1.270790145267191740e+01 1.422524848101852536e+08
1.272061571019333925e+01 1.521058422996770442e+08
1.273334268833151661e+01 1.546079048873899281e+08
1.274608239981345470e+01 1.292223623910042793e+08
1.275883485737886680e+01 1.516448163426814973e+08
1.277160007378020090e+01 1.631796618781783581e+08
1.278437806178266989e+01 1.530336518582726121e+08
1.279716883416425510e+01 1.638071559774775207e+08
1.280997240371574897e+01 1.534854450435773134e+08
1.282278878324071059e+01 1.649609318162056208e+08
1.283561798555550659e+01 1.377112671893059313e+08
1.284846002348936622e+01 1.645533741773948669e+08
1.286131490988431381e+01 1.574541381622526050e+08
1.287418265759523628e+01 1.413981760595982075e+08
1.288706327948990271e+01 1.536290468448929787e+08
1.289995678844894478e+01 1.547838843327333927e+08
1.291286319736583721e+01 1.634497548983845711e+08
1.292578251914697951e+01 1.707583535165558457e+08
1.293871476671172793e+01 1.530192204801600277e+08
1.295165995299232620e+01 1.673288851877007484e+08
1.296461809093395523e+01 1.582880696509752572e+08
1.297758919349474738e+01 1.592508102367103100e+08
1.299057327364582903e+01 1.554133961927872300e+08
1.300357034437127801e+01 1.480422979760211110e+08
1.301658041866812354e+01 1.603800280729820132e+08
1.302960350954645996e+01 1.599015695958307981e+08
1.304263963002939519e+01 1.605718367054943740e+08
1.305568879315306674e+01 1.662086081833043694e+08
1.306875101196661504e+01 1.664519093900320232e+08
1.308182629953226872e+01 1.613243761597977579e+08
1.309491466892529665e+01 1.557640346655857563e+08
1.310801613323407544e+01 1.711039677154356241e+08
1.312113070556008587e+01 1.543458303335621059e+08
1.313425839901791292e+01 1.704801377907207906e+08
1.314739922673523687e+01 1.469506437456584275e+08
1.316055320185286348e+01 1.712783665467793643e+08
1.317372033752479865e+01 1.547277493627987504e+08
1.318690064691818620e+01 1.714795197543683648e+08
1.320009414321328833e+01 1.336172683267894834e+08
1.321330083960363133e+01 1.479109947632700801e+08
1.322652074929591492e+01 1.353946301521337926e+08
1.323975388551004784e+01 1.641833597985323966e+08
1.325300026147915844e+01 1.254633818848899007e+08
1.326625989044964449e+01 1.470893887821021676e+08
1.327953278568112516e+01 1.376540999341633618e+08
1.329281896044648903e+01 1.511685515613496006e+08
1.330611842803193312e+01 1.351806977130397558e+08
1.331943120173693274e+01 1.611098171998081505e+08
1.333275729487423966e+01 1.312072253574870825e+08
1.334609672076993725e+01 1.593313971294488609e+08
1.335944949276346172e+01 1.154018257007476687e+08
1.337281562420759862e+01 1.567127296124149263e+08
1.338619512846847215e+01 1.286969676010497808e+08
1.339958801892558071e+01 1.567133464273618460e+08
1.341299430897182177e+01 1.257781510239999890e+08
1.342641401201349538e+01 1.380203729433428943e+08
1.343984714147030957e+01 1.190817633142785132e+08
1.345329371077539982e+01 1.525378199875419140e+08
1.346675373337531489e+01 1.166571512523142546e+08
1.348022722273005236e+01 1.008961145943804085e+08
1.349371419231313141e+01 7.728841733269850910e+07
1.350721465561153423e+01 1.081995027959418297e+08
1.352072862612571136e+01 1.150212239957528561e+08
1.353425611736962608e+01 1.244638531921738386e+08
1.354779714287080061e+01 1.192032906545957923e+08
1.356135171617024326e+01 1.254813761683207452e+08
1.357491985082253727e+01 1.273281268824517429e+08
1.358850156039581769e+01 1.207936588070555478e+08
1.360209685847177141e+01 1.333059602404646426e+08
1.361570575864573662e+01 1.131227974340532124e+08
1.362932827452661932e+01 1.373697986695514619e+08
1.364296441973689866e+01 1.069029914771507382e+08
1.365661420791272107e+01 1.394536461035406291e+08
1.367027765270389139e+01 9.992539604323542118e+07
1.368395476777384623e+01 1.172684366657190770e+08
1.369764556679970546e+01 9.953644413519729674e+07
1.371135006347225982e+01 1.189219778759978712e+08
1.372506827149601527e+01 9.672575364771790802e+07
1.373880020458919660e+01 1.461048740241662860e+08
1.375254587648374383e+01 1.040690993599799871e+08
1.376630530092532290e+01 1.396377896925641596e+08
1.378007849167333632e+01 1.143515637204284072e+08
1.379386546250100665e+01 1.330256832493689805e+08
1.380766622719529657e+01 1.281151224051616490e+08
1.382148079955695330e+01 1.303110493430519849e+08
1.383530919340054588e+01 1.306385340025416762e+08
1.384915142255448472e+01 1.114251244366819561e+08
1.386300750086100031e+01 1.003195097331826538e+08
1.387687744217617691e+01 3.933224296267966181e+07
1.389076126036993308e+01 4.211933602355851978e+07
1.390465896932608914e+01 6.835894978669051826e+07
1.391857058294238314e+01 7.824365041810913384e+07
1.393249611513042652e+01 1.063582074414286613e+08
1.394643557981579285e+01 1.005330898029178828e+08
1.396038899093789354e+01 1.121170061293672919e+08
1.397435636245010393e+01 1.080665265716177821e+08
1.398833770831983081e+01 1.004652585453135520e+08
1.400233304252842537e+01 1.213467824552792162e+08
1.401634237907123293e+01 8.073118995325201750e+07
1.403036573195758763e+01 1.143489831364216805e+08
1.404440311521085327e+01 9.118331415888933837e+07
1.405845454286841267e+01 9.528740198762892187e+07
1.407252002898167476e+01 9.137344992252548039e+07
1.408659958761614028e+01 9.198597872143062949e+07
1.410069323285138765e+01 8.942640506135064363e+07
1.411480097878105155e+01 8.372685997944587469e+07
1.412892283951284611e+01 8.837126971927285194e+07
1.414305882916865897e+01 8.047460193959179521e+07
1.415720896188447142e+01 8.230407215613637865e+07
1.417137325181041696e+01 7.433298863197255135e+07
1.418555171311082397e+01 6.821575979524390399e+07
1.419974435996411799e+01 8.190554145928955078e+07
1.421395120656291056e+01 6.276086541236693412e+07
1.422817226711411465e+01 7.935149580651280284e+07
1.424240755583879192e+01 6.922865672461003065e+07
1.425665708697219713e+01 6.533392871078182012e+07
1.427092087476386340e+01 6.732778911439111829e+07
1.428519893347759151e+01 5.460096795025870204e+07
1.429949127739145354e+01 7.725142963625314832e+07
1.431379792079778213e+01 4.620035962689846009e+07
1.432811887800320072e+01 6.487331144199931622e+07
1.434245416332871059e+01 5.760171564226461202e+07
1.435680379110961091e+01 5.003250649058081955e+07
1.437116777569548276e+01 6.263614163193649054e+07
1.438554613145031702e+01 4.312825052728105336e+07
1.439993887275247175e+01 6.279767781983019412e+07
1.441434601399467219e+01 3.792644489053448290e+07
1.442876756958409423e+01 5.713824369118025154e+07
1.444320355394230226e+01 4.744709100907559693e+07
1.445765398150527048e+01 4.348868770106114447e+07
1.447211886672343439e+01 5.322152777347195894e+07
1.448659822406168018e+01 3.630259917667972296e+07
1.450109206799934469e+01 5.104924754632543027e+07
1.451560041303029891e+01 3.577500573343366385e+07
1.453012327366288048e+01 4.738542915581732243e+07
1.454466066441992744e+01 3.993839068456310034e+07
1.455921259983884752e+01 4.002754004714354873e+07
1.457377909447158437e+01 4.619107660488431156e+07
1.458836016288461934e+01 3.339409089587321505e+07
1.460295581965901945e+01 4.696626301713427901e+07
1.461756607939045161e+01 3.336931586523251608e+07
1.463219095668918968e+01 4.257363230744747072e+07
1.464683046618012519e+01 3.677462812286938727e+07
1.466148462250275486e+01 3.643427221174180508e+07
1.467615344031121793e+01 4.101709671494457126e+07
1.469083693427434589e+01 3.265123986582476646e+07
1.470553511907563937e+01 4.305759192737486213e+07
1.472024800941326284e+01 3.193083401338257268e+07
1.473497562000010674e+01 3.904159034554760158e+07
1.474971796556379466e+01 3.558191833881861717e+07
1.476447506084667616e+01 3.505593106128876656e+07
1.477924692060583922e+01 4.008863163999686390e+07
1.479403355961316180e+01 3.178151053382672369e+07
1.480883499265527448e+01 4.234314265128726512e+07
1.482365123453359068e+01 3.295827959271283820e+07
1.483848230006438307e+01 3.888532630379763991e+07
1.485332820407873911e+01 3.639707203490994871e+07
1.486818896142254509e+01 3.494827222194916010e+07
1.488306458695654122e+01 4.045251145515254885e+07
1.489795509555635178e+01 3.222269731656444818e+07
1.491286050211251180e+01 3.784705413873105496e+07
1.492778082153043151e+01 3.193057606805038080e+07
1.494271606873038927e+01 3.330301058379499614e+07
1.495766625864763810e+01 3.505374450745075196e+07
1.497263140623239330e+01 4.044631215412965417e+07
1.498761152644982886e+01 3.332218682211846113e+07
1.500260663428004371e+01 3.348628260140177980e+07
1.501761674471810615e+01 3.513019396949287504e+07
1.503264187277415687e+01 4.290908233023540676e+07
1.504768203347334321e+01 3.804667397791515291e+07
1.506273724185582452e+01 4.041086315955123305e+07
1.507780751297680233e+01 4.377021102709583938e+07
1.509289286190657009e+01 3.402320349583093822e+07
1.510799330373045635e+01 4.667965736665157974e+07
1.512310885354890289e+01 3.275470401771560684e+07
1.513823952647746296e+01 4.308205768003296107e+07
1.515338533764681372e+01 3.660195536373694241e+07
1.516854630220275624e+01 3.706448876587820053e+07
1.518372243530625454e+01 4.089487601227078587e+07
1.519891375213346763e+01 3.283734135888025537e+07
1.521412026787568195e+01 4.455681730399228632e+07
1.522934199773943043e+01 3.250217559721153975e+07
1.524457895694642851e+01 4.296974421471480280e+07
1.525983116073368073e+01 3.681386403739114106e+07
1.527509862435336885e+01 3.769604646949496120e+07
1.529038136307294238e+01 4.241125893597606570e+07
1.530567939217513640e+01 3.331321317479650676e+07
1.532099272695800884e+01 4.465354187165219337e+07
1.533632138273488899e+01 3.341135333873208985e+07
1.535166537483442539e+01 4.564513749576552957e+07
1.536702471860061792e+01 3.897379653042902052e+07
1.538239942939280347e+01 4.079241085847645253e+07
1.539778952258570932e+01 4.689308414706215262e+07
1.541319501356943356e+01 3.569850438879824430e+07
1.542861591774943264e+01 5.003855879184454679e+07
1.544405225054664044e+01 3.598236667119809240e+07
1.545950402739738649e+01 5.070839838833700866e+07
1.547497126375344756e+01 4.541971817084883898e+07
1.549045397508206356e+01 4.366153178648428619e+07
1.550595217686592875e+01 5.657667115393757820e+07
1.552146588460326093e+01 3.770524673514534533e+07
1.553699511380775711e+01 6.268488183865185827e+07
1.555253988000867871e+01 3.951452886305998266e+07
1.556810019875076989e+01 6.053262430900188535e+07
1.558367608559435347e+01 5.416941789841628820e+07
1.559926755611532379e+01 5.095309159993680567e+07
1.561487462590514674e+01 6.656892963250757009e+07
1.563049731057092373e+01 4.537461549350252748e+07
1.564613562573530814e+01 7.216069986134783924e+07
1.566178958703660662e+01 4.736012356291767955e+07
1.567745921012879506e+01 6.448380550275411457e+07
1.569314451068148308e+01 6.055569619312001765e+07
1.570884550437998328e+01 5.852361806166058034e+07
1.572456220692530415e+01 7.535381407674120367e+07
1.574029463403412876e+01 4.753318713129776716e+07
1.575604280143891245e+01 8.180923585765317082e+07
1.577180672488782243e+01 6.193316513805521280e+07
1.578758642014476088e+01 6.763374503340829909e+07
1.580338190298943246e+01 7.541702365702156723e+07
1.581919318921733897e+01 5.731677357980172336e+07
1.583502029463975269e+01 8.980445592217241228e+07
1.585086323508377326e+01 6.524129471719840169e+07
1.586672202639235074e+01 7.691569993516771495e+07
1.588259668442427319e+01 7.635796624052906036e+07
1.589848722505419154e+01 7.591530893237306178e+07
1.591439366417263379e+01 9.024684584728305042e+07
1.593031601768606009e+01 7.862243418820166588e+07
1.594625430151684498e+01 8.107009515349306166e+07
1.596220853160327735e+01 7.964083649178707600e+07
1.597817872389959071e+01 8.037188787168681622e+07
1.599416489437596667e+01 6.283900391938016564e+07
1.601016705901853143e+01 9.577748184759524465e+07
1.602618523382946947e+01 8.204961361782245338e+07
1.604221943482700397e+01 9.899182891598814726e+07
1.605826967804530980e+01 8.838113468161547184e+07
1.607433597953463433e+01 9.351910007435028255e+07
1.609041835536128318e+01 1.062973268019195497e+08
1.610651682160760245e+01 7.733582366803643107e+07
1.612263139437211734e+01 1.032293975958710313e+08
1.613876208976935800e+01 9.406794572597968578e+07
1.615490892393001587e+01 9.040278131166596711e+07
1.617107191300096147e+01 7.662154586739982665e+07
1.618725107314516620e+01 3.254820324114372581e+07
1.620344642054176632e+01 4.563489939820912480e+07
1.621965797138613041e+01 5.962894814203257859e+07
1.623588574188982747e+01 5.524103149064217508e+07
1.625212974828060197e+01 8.797241096249853075e+07
1.626839000680249114e+01 9.084200595881482959e+07
1.628466653371572548e+01 8.425743096200928092e+07
1.630095934529685664e+01 1.000376971273089349e+08
1.631726845783870772e+01 7.322631717773665488e+07
1.633359388765037323e+01 9.373717900983160734e+07
1.634993565105728308e+01 1.026070203867788315e+08
1.636629376440121675e+01 8.120336191455955803e+07
1.638266824404027489e+01 9.992646615102025867e+07
1.639905910634891484e+01 9.816980500995042920e+07
1.641546636771804657e+01 8.463355224888917804e+07
1.643189004455492608e+01 1.003598527907522172e+08
1.644833015328320514e+01 7.872010222176383436e+07
1.646478671034300234e+01 1.022226989485036582e+08
1.648125973219089246e+01 1.029658015128697753e+08
1.649774923529989934e+01 7.994662233244724572e+07
1.651425523615948521e+01 1.070473976650033742e+08
1.653077775127569637e+01 8.176908799636107683e+07
1.654731679717104242e+01 8.481446166753365099e+07
1.656387239038455306e+01 1.058166482231657803e+08
1.658044454747182783e+01 7.988396352587534487e+07
1.659703328500502195e+01 1.046671492247375399e+08
1.661363861957294219e+01 9.694516578874957561e+07
1.663026056778087991e+01 8.441002999746271968e+07
1.664689914625072475e+01 1.037218126983121037e+08
1.666355437162107833e+01 6.790603305367998779e+07
1.668022626054720448e+01 1.008500845170463175e+08
1.669691482970098306e+01 1.069823710358794332e+08
1.671362009577098107e+01 8.289710740150326490e+07
1.673034207546247387e+01 1.011241200283877552e+08
1.674708078549743107e+01 6.080191936513494700e+07
1.676383624261456973e+01 8.048143977526544034e+07
1.678060846356936153e+01 9.251370270488710701e+07
1.679739746513401144e+01 7.879890549339675903e+07
1.681420326409750388e+01 7.699122117223668098e+07
1.683102587726567378e+01 9.677180874998889863e+07
1.684786532146112137e+01 8.359450017979601026e+07
1.686472161352329380e+01 1.003308332520054281e+08
1.688159477030848521e+01 7.498976032800106704e+07
1.689848480868984737e+01 5.002428534954833984e+07
1.691539174555743941e+01 8.686559536732563376e+07
1.693231559781817452e+01 8.639669810245883465e+07
1.694925638239588395e+01 1.036819473727714717e+08
1.696621411623138798e+01 1.031645482405524552e+08
1.698318881628241783e+01 8.842901373034690320e+07
1.700018049952368671e+01 1.090678844907875508e+08
1.701718918294688265e+01 1.001300716826938689e+08
1.703421488356068281e+01 9.388387083289662004e+07
1.705125761839080667e+01 1.051533581100824773e+08
1.706831740447996992e+01 9.369477761241593957e+07
1.708539425888794483e+01 1.023993963462941051e+08
1.710248819869159220e+01 7.788486658099703491e+07
1.711959924098485786e+01 9.020405632987377048e+07
1.713672740287879037e+01 1.065578777937632948e+08
1.715387270150155175e+01 1.016228464590817243e+08
1.717103515399843872e+01 9.249336331441186368e+07
1.718821477753190763e+01 9.359261605820129812e+07
1.720541158928159575e+01 6.964453727819967270e+07
1.722262560644431417e+01 5.921160383712761849e+07
1.723985684623405490e+01 9.519012372734443843e+07
1.725710532588209745e+01 9.284689211863233149e+07
1.727437106263688449e+01 1.037473740258453041e+08
1.729165407376416042e+01 1.018794032632102817e+08
1.730895437654698199e+01 9.458303569239339232e+07
1.732627198828563309e+01 9.914737300648799539e+07
1.734360692629769218e+01 8.499063851293888688e+07
1.736095920791811054e+01 5.909805310980330408e+07
1.737832885049919440e+01 9.318478239243380725e+07
1.739571587141055886e+01 9.591908891858817637e+07
1.741312028803920597e+01 9.850772259757266939e+07
1.743054211778958518e+01 1.012567360721967220e+08
1.744798137808355420e+01 9.506861462825229764e+07
1.746543808636037198e+01 1.022428727758724540e+08
1.748291226007674126e+01 1.013879531999855191e+08
1.750040391670682638e+01 8.045674254163473845e+07
1.751791307374228168e+01 9.606295833629414439e+07
1.753543974869225153e+01 9.655578079522630572e+07
1.755298395908345199e+01 7.993329202454563975e+07
1.757054572246007496e+01 5.627212288565313071e+07
1.758812505638386270e+01 8.773071761674425006e+07
1.760572197843420028e+01 8.936088525808666646e+07
1.762333650620799119e+01 6.088645582965639979e+07
1.764096865731976393e+01 7.421202030949950218e+07
1.765861844940165071e+01 9.297039314848233759e+07
1.767628590010343714e+01 9.678548342093163729e+07
1.769397102709259428e+01 9.654140536161097884e+07
1.771167384805425016e+01 9.480216843482607603e+07
1.772939438069122886e+01 9.570688087404191494e+07
1.774713264272407542e+01 6.892487910264647007e+07
1.776488865189103805e+01 8.058445154247266054e+07
1.778266242594811430e+01 9.592047918739423156e+07
1.780045398266910084e+01 9.872226563664391637e+07
1.781826333984556499e+01 9.795114845409625769e+07
1.783609051528684830e+01 9.337321295458090305e+07
1.785393552682015539e+01 9.882211766254189610e+07
1.787179839229047218e+01 9.668749045556867123e+07
1.788967912956065831e+01 9.835700519677279890e+07
1.790757775651144357e+01 9.811471265403275192e+07
1.792549429104150249e+01 9.333783711828316748e+07
1.794342875106735136e+01 8.220110986073730886e+07
1.796138115452342987e+01 9.586018399692624807e+07
1.797935151936216158e+01 9.464922046099632978e+07
1.799733986355390414e+01 9.435800317282901704e+07
1.801534620508700968e+01 8.652508347814515233e+07
1.803337056196783905e+01 6.165601229700442404e+07
1.805141295222070497e+01 9.139750505773872137e+07
1.806947339388802121e+01 9.475369585750371218e+07
1.808755190503026711e+01 9.304974490157787502e+07
1.810564850372592005e+01 8.634932803887873888e+07
1.812376320807159047e+01 9.446097465115997195e+07
1.814189603618197211e+01 9.208760086289870739e+07
1.816004700618987755e+01 8.729565341968725622e+07
1.817821613624629862e+01 6.573088218341074139e+07
1.819640344452037084e+01 8.473828026440601051e+07
1.821460894919938411e+01 9.110516539080873132e+07
1.823283266848886086e+01 8.895195091710649431e+07
1.825107462061255248e+01 6.665619317097595334e+07
1.826933482381239671e+01 8.431762862100651860e+07
1.828761329634858512e+01 8.050369014039616287e+07
1.830591005649957737e+01 5.324543192175257206e+07
1.832422512256215796e+01 7.156099538626065850e+07
1.834255851285137595e+01 5.182007774732156098e+07
1.836091024570062658e+01 7.477255155492432415e+07
1.837928033946165485e+01 8.376910710847339034e+07
