# wavelength[um] flux[W/sr/m2/um]
4.043958187339406152e+00 nan
4.048004168179851980e+00 6.645679192107959432e-01
4.052054197024798299e+00 6.482007450027089668e-01
4.056108277924278305e+00 5.288018382264210171e-01
4.060166414932374401e+00 6.543766233464960447e-01
4.064228612107225302e+00 5.743362694334656071e-01
4.068294873511027809e+00 7.436405846993213720e-01
4.072365203210039475e+00 6.911258455318283200e-01
4.076439605274588374e+00 5.701288531590792408e-01
4.080518083779084648e+00 4.932673964811640221e-01
4.084600642802003634e+00 7.502978307878671593e-01
4.088687286425909839e+00 7.186624549836826414e-01
4.092778018737446288e+00 6.957582698331794546e-01
4.096872843827346067e+00 5.855550913186553519e-01
4.100971765790424328e+00 7.167620777985167502e-01
4.105074788725600499e+00 7.703684301972500981e-01
4.109181916735913376e+00 7.508436341381830026e-01
4.113293153928490042e+00 5.110802691535426545e-01
4.117408504414562742e+00 5.698755472247499787e-01
4.121527972309475985e+00 8.539155684478896280e-01
4.125651561732701644e+00 6.555978845583616543e-01
4.129779276807835409e+00 8.370915552812466798e-01
4.133911121662587895e+00 8.089588421563388421e-01
4.138047100428805081e+00 7.878383676674234337e-01
4.142187217242470076e+00 7.894406403683845719e-01
4.146331476243699576e+00 7.388855755388067381e-01
4.150479881576749186e+00 6.773074171847739411e-01
4.154632437390031185e+00 6.050785417453257153e-01
4.158789147836096767e+00 6.071885874841740360e-01
4.162950017071651132e+00 5.571509568624096742e-01
4.167115049257566817e+00 4.715781976406123732e-01
4.171284248558879248e+00 3.653538081785391300e-01
4.175457619144791188e+00 2.776700131782438574e-01
4.179635165188675394e+00 1.935922838141086177e-01
4.183816890868071070e+00 1.147983182950347708e-01
4.188002800364700740e+00 6.639730700865673074e-02
4.192192897864479129e+00 3.072498703584973165e-02
4.196387187557506060e+00 1.540351219993151000e-02
4.200585673638072670e+00 6.091790994772050896e-03
4.204788360304662298e+00 3.446380839886120477e-03
4.208995251759962919e+00 1.922051593474492347e-03
4.213206352210869809e+00 1.580471258925181602e-03
4.217421665868471337e+00 1.518654897812669186e-03
4.221641196948093366e+00 1.542063859684239362e-03
4.225864949669266402e+00 1.623646523877009988e-03
4.230092928255739793e+00 1.634662104725048129e-03
4.234325136935488842e+00 1.811469228502931867e-03
4.238561579940727242e+00 1.890918732820681420e-03
4.242802261507900852e+00 1.967254462739619070e-03
4.247047185877692144e+00 1.710745040166636354e-03
4.251296357295021089e+00 1.841295847088388754e-03
4.255549780009054928e+00 1.914123202981185892e-03
4.259807458273230374e+00 1.884020961678639205e-03
4.264069396345225194e+00 2.183619419970941194e-03
4.268335598486969751e+00 1.976785297360144755e-03
4.272606068964664772e+00 2.100899806889821274e-03
4.276880812048779568e+00 2.174919649016411778e-03
4.281159832014060029e+00 3.013203709284412342e-03
4.285443133139530403e+00 2.456707728236797936e-03
4.289730719708485296e+00 2.148160777831999418e-03
4.294022596008521653e+00 2.014186352125173912e-03
4.298318766331513885e+00 1.850684658816980580e-03
4.302619234973628970e+00 2.451395596128362261e-03
4.306924006235345104e+00 2.388436159482813532e-03
4.311233084421424167e+00 2.667722092644813671e-03
4.315546473840940145e+00 3.058544204112282044e-03
4.319864178807288901e+00 4.038305559383835106e-03
4.324186203638174852e+00 4.634774770474691351e-03
4.328512552655626955e+00 5.568964792890706249e-03
4.332843230185990713e+00 7.210197209057536694e-03
4.337178240559948605e+00 1.019095685813086079e-02
4.341517588112503212e+00 1.734392022671292846e-02
4.345861277183007410e+00 2.313985487982137684e-02
4.350209312115151938e+00 2.946406921015844865e-02
4.354561697256974284e+00 3.948798569730044977e-02
4.358918436960855125e+00 4.904722540222550969e-02
4.363279535583538760e+00 8.506192964558131897e-02
4.367644997486123337e+00 1.028137775199049475e-01
4.372014827034064410e+00 1.183151896199490655e-01
4.376389028597194475e+00 1.394606844192811390e-01
4.380767606549714976e+00 1.770244185508265677e-01
4.385150565270209633e+00 2.297413013621468769e-01
4.389537909141639105e+00 2.747179205243799882e-01
4.393929642551338333e+00 3.212954842190963167e-01
4.398325769891044068e+00 3.649068062963291004e-01
4.402726295556887770e+00 4.606553400682609767e-01
4.407131223949391163e+00 4.762640696892930792e-01
4.411540559473484002e+00 5.460103141551030381e-01
4.415954306538509400e+00 5.630496092252900153e-01
4.420372469558211392e+00 6.480404559669757925e-01
4.424795052950750929e+00 6.716243150296622444e-01
4.429222061138705868e+00 6.486098697404837354e-01
4.433653498549093186e+00 6.107329178627373123e-01
4.438089369613354762e+00 7.446529553374453547e-01
4.442529678767354717e+00 7.434773233037663687e-01
4.446974430451398952e+00 7.277662724417722773e-01
4.451423629110244917e+00 6.353449246285429730e-01
4.455877279193092733e+00 6.104855925262698824e-01
4.460335385153590515e+00 5.433962351361655285e-01
4.464797951449841484e+00 5.317081926847243567e-01
4.469264982544411069e+00 5.509221218224451544e-01
4.473736482904336675e+00 4.334899809665455073e-01
4.478212457001122360e+00 3.439614322223521481e-01
4.482692909310737051e+00 2.869916501453924629e-01
4.487177844313640307e+00 3.018732948346653511e-01
4.491667266494762778e+00 2.913234489486113965e-01
4.496161180343516861e+00 1.848750543285116454e-01
4.500659590353822459e+00 1.368861058676098530e-01
4.505162501024093658e+00 1.522392162764061863e-01
4.509669916857241390e+00 1.448726124313933772e-01
4.514181842360688535e+00 7.736013288212181815e-02
4.518698282046352155e+00 6.143823775102503354e-02
4.523219240430670141e+00 8.166367309458967549e-02
4.527744722034610092e+00 5.333352939128454401e-02
4.532274731383646227e+00 2.739157398307096730e-02
4.536809273007785137e+00 3.960910433218081672e-02
4.541348351441579112e+00 3.355315540350414100e-02
4.545891971224099493e+00 1.424555388359213803e-02
4.550440136898975751e+00 2.052209876815974318e-02
4.554992853014370624e+00 1.962495487001768291e-02
4.559550124122995207e+00 8.452102965441984569e-03
4.564111954782122282e+00 1.295621718423737787e-02
4.568678349553586315e+00 1.188718013641072886e-02
4.573249313003776351e+00 5.904046270235161972e-03
4.577824849703659993e+00 9.636003921842243788e-03
4.582404964228774524e+00 8.040051448852449448e-03
4.586989661159233123e+00 5.293027816061954618e-03
4.591578945079738183e+00 8.232777786282200957e-03
4.596172820579575991e+00 5.572950468444875030e-03
4.600771292252614941e+00 6.157540562941105598e-03
4.605374364697328637e+00 7.013514873301925773e-03
4.609982042516789669e+00 4.586774577742443355e-03
4.614594330318677606e+00 6.993857462735659711e-03
4.619211232715274562e+00 5.844859545973172914e-03
4.623832754323488281e+00 5.944379071429860793e-03
4.628458899764849477e+00 7.538822639011723455e-03
4.633089673665492292e+00 4.869906079577462042e-03
4.637725080656193377e+00 9.034428230566826645e-03
4.642365125372356793e+00 6.348906241935549366e-03
4.647009812454028221e+00 9.781433525196798345e-03
4.651659146545906509e+00 1.244769320422678058e-02
4.656313132297318802e+00 1.052176369585729361e-02
4.660971774362248077e+00 4.026863644209079107e-02
4.665635077399347352e+00 8.642606164080374187e-02
4.670303046071911268e+00 4.825026034752605969e-02
4.674975685047906282e+00 1.023352421580615672e-02
4.679652998999974223e+00 1.740385710448784373e-02
4.684334992605429626e+00 1.001799880430278081e-02
4.689021670546271281e+00 1.091689406306283958e-02
4.693713037509176011e+00 1.028433848686796659e-02
4.698409098185504895e+00 8.046398531831325251e-03
4.703109857271324579e+00 1.152810455572578045e-02
4.707815319467393955e+00 6.779947867015186785e-03
4.712525489479173046e+00 1.274000828076943086e-02
4.717240372016835437e+00 6.344325316992336511e-03
4.721959971795260280e+00 1.424629333336818737e-02
4.726684293534048287e+00 6.426937098773306128e-03
4.731413341957528829e+00 1.608956599712387664e-02
4.736147121794751946e+00 6.949387861034580886e-03
4.740885637779490125e+00 1.872336523719535933e-02
4.745628894650255170e+00 7.856276293238340439e-03
4.750376897150309752e+00 2.252563836565527056e-02
4.755129650027656751e+00 9.128544532875558504e-03
4.759887158035051691e+00 2.835572383662316245e-02
4.764649425930005400e+00 1.084057209219509849e-02
4.769416458474777798e+00 3.708287635785650210e-02
4.774188260436393882e+00 1.269668920344865434e-02
4.778964836586673037e+00 4.706251708790296778e-02
4.783746191702191730e+00 1.541629791317680048e-02
4.788532330564299500e+00 6.758160170545890466e-02
4.793323257959137607e+00 1.901705350053213561e-02
4.798118978677631041e+00 9.105358721666337307e-02
4.802919497515497405e+00 2.563778336192655549e-02
4.807724819273262007e+00 1.121099291332245118e-01
4.812534948756252540e+00 2.673601658050514529e-02
4.817349890774592858e+00 1.459604428661135656e-01
4.822169650143221631e+00 6.141757680300901495e-02
4.826994231681898562e+00 1.734391422811765726e-01
4.831823640215216820e+00 1.051511713654146446e-01
4.836657880572579948e+00 1.927735774682937941e-01
4.841496957588230288e+00 1.611391148832361508e-01
4.846340876101235651e+00 1.851973757523751596e-01
4.851189640955513305e+00 2.920505122143776111e-01
4.856043256999840629e+00 1.749019371468589767e-01
4.860901729087831136e+00 4.187719786052108151e-01
4.865765062077957559e+00 1.839731360785407388e-01
4.870633260833544753e+00 5.287211232054062071e-01
4.875506330222795448e+00 2.334336430471492252e-01
4.880384275118787585e+00 6.352034717501432448e-01
4.885267100399468099e+00 3.529154792279876052e-01
4.890154810947647590e+00 5.776002182870453305e-01
4.895047411651042069e+00 5.948274698054054621e-01
4.899944907402259631e+00 3.873544505087014311e-01
4.904847303098789801e+00 9.032018644615127378e-01
4.909754603643035509e+00 5.064873826017943781e-01
4.914666813942293544e+00 9.753159212558635272e-01
4.919583938908781207e+00 6.664509897551740281e-01
4.924505983459624758e+00 1.164378597399767123e+00
4.929432952516856759e+00 9.525228083169688942e-01
4.934364851007448038e+00 7.005197010362521626e-01
4.939301683863292602e+00 1.176947292772616782e+00
4.944243456021227168e+00 7.198387557969774253e-01
4.949190172423037382e+00 1.100872290636277562e+00
4.954141838015429400e+00 5.059424922964785853e-01
4.959098457750073408e+00 6.304180065900796270e-01
4.964060036583591184e+00 1.125819637907019999e+00
4.969026579477557881e+00 1.151214387970141972e+00
4.973998091398528665e+00 1.257607771453180368e+00
4.978974577317995198e+00 7.594933615887148326e-01
4.983956042212439819e+00 1.303264956118800999e+00
4.988942491063345308e+00 1.242930281253389557e+00
4.993933928857153148e+00 1.343875664642846468e+00
4.998930360585300825e+00 1.209373625587708556e+00
5.003931791244230709e+00 8.466698771576128824e-01
5.008938225835386504e+00 1.274220578321362707e+00
5.013949669365177719e+00 1.010252164439920275e+00
5.018966126845049835e+00 3.419822908147364671e-01
5.023987603291483417e+00 8.875935480792649379e-01
5.029014103725941709e+00 6.479849865048316060e-01
5.034045633174911494e+00 1.159861372471086893e+00
5.039082196669929736e+00 1.307060459301335964e+00
5.044123799247563156e+00 1.363269206307538450e+00
5.049170445949409114e+00 1.442347290147635075e+00
5.054222141822116932e+00 1.426304615759371286e+00
5.059278891917391441e+00 1.165997920057541881e+00
5.064340701291981439e+00 1.392598479853732085e+00
5.069407575007690347e+00 1.406867486113089427e+00
5.074479518131395750e+00 1.285284779503822250e+00
5.079556535735048506e+00 8.850473494459909496e-01
5.084638632895669197e+00 4.524265461062059179e-01
5.089725814695342798e+00 1.140250164802725896e+00
5.094818086221257758e+00 1.250849417812827324e+00
5.099915452565697116e+00 9.110446419065749701e-01
5.105017918826000312e+00 1.302249910540452138e+00
5.110125490104636903e+00 9.677350944927827214e-01
5.115238171509194132e+00 8.352720785127819569e-01
5.120355968152357384e+00 1.315039621026346417e+00
5.125478885151911967e+00 1.207616225633870055e+00
5.130606927630776859e+00 1.137149520988651963e+00
5.135740100717002932e+00 8.121256930189586498e-01
5.140878409543741867e+00 6.011513906924768058e-01
5.146021859249313657e+00 4.834875307906701392e-01
5.151170454977185287e+00 6.801175329072878251e-01
5.156324201875936986e+00 1.099840550980941911e+00
5.161483105099309299e+00 1.225234055599833560e+00
5.166647169806227069e+00 1.252599764259758164e+00
5.171816401160747922e+00 6.830501484101313414e-01
5.176990804332091578e+00 1.236260171782652462e+00
5.182170384494675375e+00 1.363303888778866879e+00
5.187355146828076080e+00 1.242484399910503301e+00
5.192545096517046765e+00 1.071320982538382927e+00
5.197740238751555886e+00 6.015741288258487085e-01
5.202940578726747312e+00 5.533041736990252923e-01
5.208146121642936777e+00 7.702958035532583292e-01
5.213356872705670497e+00 3.571061127677532254e-01
5.218572837125715402e+00 7.870783873132947139e-01
5.223794020119036041e+00 1.030050951732372599e+00
5.229020426906815011e+00 1.110556836488016286e+00
5.234252062715459175e+00 5.914545816748695284e-01
5.239488932776602326e+00 5.868597672502929852e-01
5.244731042327116732e+00 1.016322936095328755e+00
5.249978396609109588e+00 8.134047388884124707e-01
5.255231000869925673e+00 1.175719564030311082e+00
5.260488860362181995e+00 1.203369173621329224e+00
5.265751980343742922e+00 1.266496122222088738e+00
5.271020366077721064e+00 1.086750773429454586e+00
5.276294022832505703e+00 5.387051040040086169e-01
5.281572955881746800e+00 9.483507585467647605e-01
5.286857170504389636e+00 9.234579344290169134e-01
5.292146671984641948e+00 4.040541905799986400e-01
5.297441465612009459e+00 9.472196322597443707e-01
5.302741556681281665e+00 9.780711183568835398e-01
5.308046950492545157e+00 8.400370741886249437e-01
5.313357652351208493e+00 1.336798799075639144e+00
5.318673667567959562e+00 1.244700218093920174e+00
5.323995001458826870e+00 1.330488036361547666e+00
5.329321659345144901e+00 1.147337921931700144e+00
5.334653646553559447e+00 1.240786778780915922e+00
5.339990968416064021e+00 1.058222953296420688e+00
5.345333630269974101e+00 6.087225128982950428e-01
5.350681637457967987e+00 2.780456063011838008e-01
5.356034995328045945e+00 3.662148112380257947e-01
5.361393709233554183e+00 8.793148193057874762e-01
5.366757784533227493e+00 1.116857176636562921e+00
5.372127226591127069e+00 1.034442045357996554e+00
5.377502040776687586e+00 1.073172677623142279e+00
5.382882232464750061e+00 1.018992910082266334e+00
5.388267807035500567e+00 1.178326599799881969e+00
5.393658769874506653e+00 1.217567422368699415e+00
5.399055126372735103e+00 1.025813232558001609e+00
5.404456881926535949e+00 1.133139077710564324e+00
5.409864041937665569e+00 6.766829653919778087e-01
5.415276611813294672e+00 6.473261758530074461e-01
5.420694596965989653e+00 2.639879832463857823e-01
5.426118002813722363e+00 4.895222974371738478e-01
5.431546834779906519e+00 9.014657272103077101e-01
5.436981098293380832e+00 1.023499124452181830e+00
5.442420798788408121e+00 6.473024200798604966e-01
5.447865941704685966e+00 9.252928223262599783e-01
5.453316532487360035e+00 9.765938762844973420e-01
5.458772576587027636e+00 7.915290798496544822e-01
5.464234079459717286e+00 2.910133295081241411e-01
5.469701046566937563e+00 5.656880627869563805e-01
5.475173483375657568e+00 6.850656928803545709e-01
5.480651395358322020e+00 4.881778347460213885e-01
5.486134787992848594e+00 8.888152830895985623e-01
5.491623666762627032e+00 1.158622449059426129e+00
5.497118037156523584e+00 1.252633040781218066e+00
5.502617904668907656e+00 1.035142122307964208e+00
5.508123274799649138e+00 1.250307638974430979e+00
5.513634153054125520e+00 1.150480597018812778e+00
5.519150544943213887e+00 6.524543128631969946e-01
5.524672455983298036e+00 5.560824519686812240e-01
5.530199891696303105e+00 8.004564438802060922e-01
5.535732857609660051e+00 1.099312905500810178e+00
5.541271359256338513e+00 8.765602036851846135e-01
5.546815402174844145e+00 7.335083334196514926e-01
5.552364991909218617e+00 6.355431096581550809e-01
5.557920134009044943e+00 4.342241371255589066e-01
5.563480834029461697e+00 7.914584195454305027e-01
5.569047097531185209e+00 4.811849931038066353e-01
5.574618930080467827e+00 5.435966667632542437e-01
5.580196337249130778e+00 3.273142566976478540e-01
5.585779324614604135e+00 5.657644566355748417e-01
5.591367897759871752e+00 8.920225717622203288e-01
5.596962062273499683e+00 1.108979816643682392e+00
5.602561823749654835e+00 6.989275325724320087e-01
5.608167187788102304e+00 9.185727542574962934e-01
5.613778159994197381e+00 5.222945789851948240e-01
5.619394745978918415e+00 6.273409063346773173e-01
5.625016951358852602e+00 8.988496505481793353e-01
5.630644781756208417e+00 5.982562585665557320e-01
5.636278242798814730e+00 5.720913413582230378e-01
5.641917340120138569e+00 2.483724466976569845e-01
5.647562079359275344e+00 3.907919336894360995e-01
5.653212466160955074e+00 5.755908588760042521e-01
5.658868506175564583e+00 7.568364047642407444e-01
5.664530205059156387e+00 9.883204628032581374e-01
5.670197568473430039e+00 8.525037055966177002e-01
5.675870602085741901e+00 3.751830056711655814e-01
5.681549311569130012e+00 8.412394143061308061e-01
5.687233702602297214e+00 7.458486495242214742e-01
5.692923780869640460e+00 5.189722378330073882e-01
5.698619552061241045e+00 9.898877791368756451e-01
5.704321021872854836e+00 7.947230004785353907e-01
5.710028196005964674e+00 3.950655907487202190e-01
5.715741080167752841e+00 4.809773834563136896e-01
5.721459680071105502e+00 3.592324004913619584e-01
5.727184001434619809e+00 5.481964402842847139e-01
5.732914049982608340e+00 5.825247020567028144e-01
5.738649831445122196e+00 5.754692102361148587e-01
5.744391351557942116e+00 5.107191859387517630e-01
5.750138616062591801e+00 4.108514726567408792e-01
5.755891630706342355e+00 6.324178668823604577e-01
5.761650401242202513e+00 4.670480470269932072e-01
5.767414933428949730e+00 2.227831673643728971e-01
5.773185233031118635e+00 5.779541110094060796e-01
5.778961305818993921e+00 4.881212243882754320e-01
5.784743157568644101e+00 9.013840480322500293e-01
5.790530794061934827e+00 1.076423731480818935e+00
5.796324221086497808e+00 1.098499275732997438e+00
5.802123444435760113e+00 6.980648736536710919e-01
5.807928469908951286e+00 8.576469525017118567e-01
5.813739303311101558e+00 7.001722635355831503e-01
5.819555950453048077e+00 2.646924922987262674e-01
5.825378417151428678e+00 3.980347758649536161e-01
5.831206709228702323e+00 3.667863539634511616e-01
5.837040832513173072e+00 6.201681583303805256e-01
5.842880792838964332e+00 8.628659848994285619e-01
5.848726596046033066e+00 6.619467706231867421e-01
5.854578247980187555e+00 7.386399142011998986e-01
5.860435754493076743e+00 3.469996751359421538e-01
5.866299121442202669e+00 4.281247795951331203e-01
5.872168354690941783e+00 6.052996806211814462e-01
5.878043460108523632e+00 2.926850844962359810e-01
5.883924443570054841e+00 2.500426113579380938e-01
5.889811310956534207e+00 4.683900898873435414e-01
5.895704068154810074e+00 2.502254982647524328e-01
5.901602721057636280e+00 5.515353862761145365e-01
5.907507275563671278e+00 7.804495454368687302e-01
5.913417737577481681e+00 7.473297346653634543e-01
5.919334113009534271e+00 6.057356660218717881e-01
5.925256407776182677e+00 5.831501042190095907e-01
5.931184627799722442e+00 4.836574843447007943e-01
5.937118779008376812e+00 2.088793652634212683e-01
5.943058867336306506e+00 4.320438850203491832e-01
5.949004898723619483e+00 6.059092015967781908e-01
5.954956879116324764e+00 5.841115361612012613e-01
5.960914814466400813e+00 8.176752157788809150e-01
5.966878710731783109e+00 4.122703562717648929e-01
5.972848573876380129e+00 5.702137471716026695e-01
5.978824409870049372e+00 6.673653110580333170e-01
5.984806224688616894e+00 4.655089408809831020e-01
5.990794024313907506e+00 3.157550076460550192e-01
5.996787814733729682e+00 6.537855901097210376e-01
6.002787601941870221e+00 8.461915487922978540e-01
6.008793391938101358e+00 7.904228159932072950e-01
6.014805190728216289e+00 3.962463860218250478e-01
6.020823004324017624e+00 8.043256142884026572e-01
6.026846838743329826e+00 1.010074432020019009e+00
6.032876700009986770e+00 8.280257236720254266e-01
6.038912594153839741e+00 6.079162113998219930e-01
6.044954527210790296e+00 2.879504376414219191e-01
6.051002505222769834e+00 1.618523869256425496e-01
6.057056534237768020e+00 5.749659344970855512e-01
6.063116620309810578e+00 6.276088033851922043e-01
6.069182769498975283e+00 3.293241297155728997e-01
6.075254987871399948e+00 3.425532238481723835e-01
6.081333281499318844e+00 6.803295874586986480e-01
6.087417656461035165e+00 8.522573603105477735e-01
6.093508118840904153e+00 9.206306106923627386e-01
6.099604674729399711e+00 8.420979684691952682e-01
6.105707330223097529e+00 4.863677387771510596e-01
6.111816091424631558e+00 3.778753178818590741e-01
6.117930964442756192e+00 4.327827095400733626e-01
6.124051955392354252e+00 8.035139876725492236e-01
6.130179070394424556e+00 1.095665720832073697e+00
6.136312315576075704e+00 1.051751443255507512e+00
6.142451697070548278e+00 5.237955617539331588e-01
6.148597221017229053e+00 8.118458037793677695e-01
6.154748893561648337e+00 7.715837389958409842e-01
6.160906720855489738e+00 3.759920246820498413e-01
6.167070709056560851e+00 7.319927751279089456e-01
6.173240864328839450e+00 9.230519101590933806e-01
6.179417192842489470e+00 7.407155656113424413e-01
6.185599700773853904e+00 3.027896873696107050e-01
6.191788394305445031e+00 7.662996353607598454e-01
6.197983279625935538e+00 1.075606912515277847e+00
6.204184362930218910e+00 1.260018329373690404e+00
6.210391650419379239e+00 8.275666144655811074e-01
6.216605148300705430e+00 1.063321345855043232e+00
6.222824862787705413e+00 8.595581347053480314e-01
6.229050800100091045e+00 1.512867252476375546e+00
6.235282966463794985e+00 1.080056104655429117e+00
6.241521368110988455e+00 1.103828458774470889e+00
6.247766011280059040e+00 1.252839774352622282e+00
6.254016902215655982e+00 1.423635161399605886e+00
6.260274047168675082e+00 1.518197403862407979e+00
6.266537452396248042e+00 1.162050579601544564e+00
6.272807124161805525e+00 1.041712144241860427e+00
6.279083068735027418e+00 1.460624355987704792e+00
6.285365292391835723e+00 1.280408637339166100e+00
6.291653801414451408e+00 1.166625823776623383e+00
6.297948602091395287e+00 1.422559275860459715e+00
6.304249700717476479e+00 1.534281362203442356e+00
6.310557103593776418e+00 1.581414501314320153e+00
6.316870817027704810e+00 1.391850721532827517e+00
6.323190847332971209e+00 1.413232101457082779e+00
6.329517200829613444e+00 1.212937605155081533e+00
6.335849883843987840e+00 8.561006294037913911e-01
6.342188902708793208e+00 3.622626639510745927e-01
6.348534263763021990e+00 5.993935205859622917e-01
6.354885973352024209e+00 9.507108633370096040e-01
6.361244037827538556e+00 1.025926669918251433e+00
6.367608463547619557e+00 5.909695065507969414e-01
6.373979256876696198e+00 5.388576769417909862e-01
6.380356424185563924e+00 1.004831370572339289e+00
6.386739971851379316e+00 7.803605347710733664e-01
6.393129906257697392e+00 7.122160944666775517e-01
6.399526233794450292e+00 9.005299121953536101e-01
6.405928960857968590e+00 5.524319710862405364e-01
6.412338093850992848e+00 3.147698896838842519e-01
6.418753639182643411e+00 2.473503953639153707e-01
6.425175603268465707e+00 6.330198448289230395e-01
6.431603992530422254e+00 5.200206769499996495e-01
6.438038813396905979e+00 7.358379558601254589e-01
6.444480072302737561e+00 9.894641218374974345e-01
6.450927775689183186e+00 6.010926466733303997e-01
6.457381930003953663e+00 8.925403939643745677e-01
6.463842541701190214e+00 9.851767020342675485e-01
6.470309617241494671e+00 4.699862436448611902e-01
6.476783163091949902e+00 5.478565168608890978e-01
6.483263185726116262e+00 3.481137722157361947e-01
6.489749691624008499e+00 3.294073531075721872e-01
6.496242687272122396e+00 2.620162744630346596e-01
6.502742179163471192e+00 4.283341902006365109e-01
6.509248173797545611e+00 5.677113325388967180e-01
6.515760677680336066e+00 5.182309479567466237e-01
6.522279697324338876e+00 4.565509384719635966e-01
6.528805239248586467e+00 7.462695798785144996e-01
6.535337309978613618e+00 9.811834406316193302e-01
6.541875916046493877e+00 7.067539753786544754e-01
6.548421063990831570e+00 7.133029246361901610e-01
6.554972760356781336e+00 4.550980533455859511e-01
6.561531011696033922e+00 7.284194503050992475e-01
6.568095824566834828e+00 4.711593805975218263e-01
6.574667205534010073e+00 3.903900464390222536e-01
6.581245161168945756e+00 5.999042885492934518e-01
6.587829698049589844e+00 5.562416102624905268e-01
6.594420822760478806e+00 5.403727406285089296e-01
6.601018541892748281e+00 6.190734148981733576e-01
6.607622862044109979e+00 9.589263335827414858e-01
6.614233789818874776e+00 6.792674724636542649e-01
6.620851331827975805e+00 6.105849855107576829e-01
6.627475494688961355e+00 4.451576150386458153e-01
6.634106285025993976e+00 3.452075347707740938e-01
6.640743709469855816e+00 3.390053804529521986e-01
6.647387774657984139e+00 5.098950180927347420e-01
6.654038487234453569e+00 8.790111210521579510e-01
6.660695853849973425e+00 8.450245573688490719e-01
6.667359881161896595e+00 6.412049324207277357e-01
6.674030575834250634e+00 4.209368631007921469e-01
6.680707944537742193e+00 5.488491155178917280e-01
6.687391993949728608e+00 6.483432042941236206e-01
6.694082730754263189e+00 5.966151735526985522e-01
6.700780161642089006e+00 7.496498778917494166e-01
6.707484293310628232e+00 5.464375450011403901e-01
6.714195132464016780e+00 4.751270401675197763e-01
6.720912685813111409e+00 5.222040657024413779e-01
6.727636960075451533e+00 6.420082745104582767e-01
6.734367961975309846e+00 1.013645555870374304e+00
6.741105698243684330e+00 8.204770059224747447e-01
6.747850175618314239e+00 4.262528130486311073e-01
6.754601400843687209e+00 8.189435953076065200e-01
6.761359380671025932e+00 1.049600243216704865e+00
6.768124121858305919e+00 7.440029418271644213e-01
6.774895631170272381e+00 4.381711730372844782e-01
6.781673915378439332e+00 6.935845605927778434e-01
6.788458981261083380e+00 3.480411815987184965e-01
6.795250835603268591e+00 4.563109368958063738e-01
6.802049485196855372e+00 8.378069067256672664e-01
6.808854936840480043e+00 6.359381896964517722e-01
6.815667197339611683e+00 1.038912500485381196e+00
6.822486273506513932e+00 5.700601832904771404e-01
6.829312172160262762e+00 5.244286406884397511e-01
6.836144900126752688e+00 6.951836425009548792e-01
6.842984464238715425e+00 1.028933601733420078e+00
6.849830871335718996e+00 6.834336577905045784e-01
6.856684128264157962e+00 3.702599405481319939e-01
6.863544241877307606e+00 3.789296457493174231e-01
6.870411219035266193e+00 6.508346252404370036e-01
6.877285066604999386e+00 9.134988849354801488e-01
6.884165791460373107e+00 6.557996869428146525e-01
6.891053400482104685e+00 1.321754052895157905e+00
6.897947900557811707e+00 1.119542008966472935e+00
6.904849298582002248e+00 6.328195672344976153e-01
6.911757601456057998e+00 7.725084577707131972e-01
6.918672816088298205e+00 1.354573194339122599e+00
6.925594949393933497e+00 1.101087606736482316e+00
6.932524008295088969e+00 1.484561263104661188e+00
6.939459999720836159e+00 1.070152402345420750e+00
6.946402930607153969e+00 1.236479747649272376e+00
6.953352807896971299e+00 1.118980594200554624e+00
6.960309638540181254e+00 5.247868751743856031e-01
6.967273429493618941e+00 9.259826870673368848e-01
6.974244187721073907e+00 9.952486115225684937e-01
6.981221920193293684e+00 1.220277844978807646e+00
6.988206633888011332e+00 1.223007475436533431e+00
6.995198335789934774e+00 8.974692767205418864e-01
7.002197032890780548e+00 1.432609710113374790e+00
7.009202732189245388e+00 1.466190184287686327e+00
7.016215440691027538e+00 1.146438951388040861e+00
7.023235165408840075e+00 8.041086426976271628e-01
7.030261913362399362e+00 1.600465048939738733e+00
7.037295691578454360e+00 1.412116441126009203e+00
7.044336507090792843e+00 6.203419719730072224e-01
7.051384366940223636e+00 9.466831179880876856e-01
7.058439278174613030e+00 1.224802454642521354e+00
7.065501247848868793e+00 1.709269324325721762e+00
7.072570283024954385e+00 1.961961815201439308e+00
7.079646390771910269e+00 1.324993871191544770e+00
7.086729578165847698e+00 1.416818098211185983e+00
7.093819852289949601e+00 1.620444933431180567e+00
7.100917220234500782e+00 1.864424668952853636e+00
7.108021689096868378e+00 1.687988190143023814e+00
7.115133265981508082e+00 1.013271302070233304e+00
7.122251958000004990e+00 1.252635839261413864e+00
7.129377772271054070e+00 1.788247114876943655e+00
7.136510715920461934e+00 1.527292519376951763e+00
7.143650796081180587e+00 1.025935097728808865e+00
7.150798019893290558e+00 1.027375767091843750e+00
7.157952394504015103e+00 1.165388242770970528e+00
7.165113927067729094e+00 9.759945331207312558e-01
7.172282624745966118e+00 9.543248845912514211e-01
7.179458494707433580e+00 1.761088924141263057e+00
7.186641544127991388e+00 1.844874040005344717e+00
7.193831780190692804e+00 1.728187348568084092e+00
7.201029210085776455e+00 1.626627934325505676e+00
7.208233841010668996e+00 1.057244126319455413e+00
7.215445680170001985e+00 1.526408031281746958e+00
7.222664734775614548e+00 2.371680443484360801e+00
7.229891012046562260e+00 2.172393506647209982e+00
7.237124519209114482e+00 1.823521294669983916e+00
7.244365263496786334e+00 2.001331654161369489e+00
7.251613252150332478e+00 8.705571265856237861e-01
7.258868492417732021e+00 1.083205414513070286e+00
7.266130991554229368e+00 1.670439231812888226e+00
7.273400756822333335e+00 1.063140459137464244e+00
7.280677795491791393e+00 8.231368747151603937e-01
7.287962114839658945e+00 1.966396201993821258e+00
7.295253722150257580e+00 1.823931779350314253e+00
7.302552624715170637e+00 1.173294258537430412e+00
7.309858829833316030e+00 1.080468623457818245e+00
7.317172344810906282e+00 1.830042449823672257e+00
7.324493176961444973e+00 1.392848428625910406e+00
7.331821333605770263e+00 1.012163426775201325e+00
7.339156822072049557e+00 1.002225544589020911e+00
7.346499649695761747e+00 8.427679079452305988e-01
7.353849823819730069e+00 1.071766407846804103e+00
7.361207351794133658e+00 1.193227801654109577e+00
7.368572240976500431e+00 1.435579445145789723e+00
7.375944498731713317e+00 4.606311926573878890e-01
7.383324132432038667e+00 1.366272258617516222e+00
7.390711149457120932e+00 8.748990057266312625e-01
7.398105557193965787e+00 6.653744275246451512e-01
7.405507363036982760e+00 1.523047882396605823e+00
7.412916574387977242e+00 1.499580435963277392e+00
7.420333198656157592e+00 4.651672119634068792e-01
7.427757243258164443e+00 6.475753645593096408e-01
7.435188715618025412e+00 1.768518436234504110e+00
7.442627623167226147e+00 1.057052287673620583e+00
7.450073973344676581e+00 3.008318918477863591e-01
7.457527773596703824e+00 9.662339642436313936e-01
7.464989031377126771e+00 1.268999551970058093e+00
7.472457754147218800e+00 7.274985942610201484e-01
7.479933949375681124e+00 5.193756222730034899e-01
7.487417624538714733e+00 1.825126482565031738e+00
7.494908787120000859e+00 1.776433434512530996e+00
7.502407444610704523e+00 5.492654729766596189e-01
7.509913604509470098e+00 1.021588502923910458e+00
7.517427274322463049e+00 1.928050507654910595e+00
7.524948461563358393e+00 2.040368231938963106e+00
7.532477173753336253e+00 5.549796670802124021e-01
7.540013418421120939e+00 1.457677344638391492e+00
7.547557203102952528e+00 2.196472706873434877e+00
7.555108535342625053e+00 2.084420980014356495e+00
7.562667422691464303e+00 8.065799567903171319e-01
7.570233872708334033e+00 2.132087698549492760e+00
7.577807892959705249e+00 1.809617089741729190e+00
7.585389491019602026e+00 2.201695002303586168e+00
7.592978674469621048e+00 1.044324399705227613e+00
7.600575450898948482e+00 2.739775649687404169e+00
7.608179827904360870e+00 2.602401105422898819e+00
7.615791813090228679e+00 2.039330815821994491e+00
7.623411414068545611e+00 1.240581742583078073e+00
7.631038638458921497e+00 2.680831151365680842e+00
7.638673493888578747e+00 2.632088791522216642e+00
7.646315987992360341e+00 1.668031951543777369e+00
7.653966128412754699e+00 4.688656531427226604e-01
7.661623922799913444e+00 2.778549126812226433e-01
7.669289378811644298e+00 2.554519283325764611e-01
7.676962504113392427e+00 3.515299202852384397e-01
7.684643306378275973e+00 5.800465335176914206e-01
7.692331793287112696e+00 4.455844417968658489e-01
7.700027972528378228e+00 1.040666137313839057e+00
7.707731851798260259e+00 8.506131714244649089e-01
7.715443438800645204e+00 1.302131809009873464e+00
7.723162741247111995e+00 5.139755629208069276e-01
7.730889766856956058e+00 1.128633827762326236e+00
7.738624523357209739e+00 1.352435169004213122e+00
7.746367018482623656e+00 2.084038078642003633e+00
7.754117259975699561e+00 1.276662153268997235e+00
7.761875255586685896e+00 4.235445035139778769e-01
7.769641013073576907e+00 1.304403692218676580e+00
7.777414540202122417e+00 2.561196180016927837e+00
7.785195844745862459e+00 2.123730119849097431e+00
7.792984934486088200e+00 4.139088109583861086e-01
7.800781817211894342e+00 8.350696056618138741e-01
7.808586500720170243e+00 1.900277111088561233e+00
7.816398992815588365e+00 2.667503153946414240e+00
7.824219301310663788e+00 1.953273837042195815e+00
7.832047434025690258e+00 9.124488771609169380e-01
7.839883398788800584e+00 9.325094691061388552e-01
7.847727203435961307e+00 2.214504562751071326e+00
7.855578855810978034e+00 2.900520575110887567e+00
7.863438363765501649e+00 9.582617067566987501e-01
7.871305735159038086e+00 1.108811641138852222e+00
7.879180977858965207e+00 1.043673699024745272e+00
7.887064099740538126e+00 7.047192907844181953e-01
7.894955108686875889e+00 2.327560135631947080e+00
7.902854012588970356e+00 1.079405602643601414e+00
7.910760819345729722e+00 2.020869991070769256e+00
7.918675536863970521e+00 9.955747213891634750e-01
7.926598173058410524e+00 1.111598992650369544e+00
7.934528735851682946e+00 8.984820173656919984e-01
7.942467233174356878e+00 1.687730863765087852e+00
7.950413672964919520e+00 3.467966013059669006e+00
7.958368063169806383e+00 2.012149816216336706e+00
7.966330411743424378e+00 2.070731676292785206e+00
7.974300726648118065e+00 1.407657703334163291e+00
7.982279015854214066e+00 2.266124921734001152e+00
7.990265287339989975e+00 3.292318167932192896e+00
7.998259549091704557e+00 2.482290072474032883e+00
8.006261809103635940e+00 2.720608537706843855e+00
8.014272075378054083e+00 1.329927831675323802e+00
8.022290355925221661e+00 1.908461067840048875e+00
8.030316658763410942e+00 1.421133603489768138e+00
8.038350991918917998e+00 2.802360951606193140e+00
8.046393363426080469e+00 1.775479161493806135e+00
8.054443781327282892e+00 1.774788735144672946e+00
8.062502253672942487e+00 2.901945027877316008e+00
8.070568788521519821e+00 2.775850118976746383e+00
8.078643393939561435e+00 1.997245319017575627e+00
8.086726078001667872e+00 1.511760495963217821e+00
8.094816848790527430e+00 3.420507938997368491e+00
8.102915714396893065e+00 4.018558735514845104e+00
8.111022682919651672e+00 3.482526853706383818e+00
8.119137762465774344e+00 5.021997091447794936e+00
8.127260961150341245e+00 2.682613098769283777e+00
8.135392287096552266e+00 1.837928393141951222e+00
8.143531748435727025e+00 4.149331638812076228e+00
8.151679353307327958e+00 4.466941596991849117e+00
8.159835109858954993e+00 2.750575620013647082e+00
8.167999026246373973e+00 3.819632546951984065e+00
8.176171110633504213e+00 2.531628759078623059e+00
8.184351371192425617e+00 3.107854265496993840e+00
8.192539816103396433e+00 2.793001552844973201e+00
8.200736453554856809e+00 3.568472471383326017e+00
8.208941291743464319e+00 2.946535054357306116e+00
8.217154338874046005e+00 3.605012316346681622e+00
8.225375603159649884e+00 3.952478048641975494e+00
8.233605092821548510e+00 5.316559971127412965e+00
8.241842816089222978e+00 5.195152292071667510e+00
8.250088781200394905e+00 3.107717282954762350e+00
8.258342996401033531e+00 3.107816009503648225e+00
8.266605469945350393e+00 3.475983427850028562e+00
8.274876210095818863e+00 5.505198911515245541e+00
8.283155225123197241e+00 5.474178879224458782e+00
8.291442523306500334e+00 5.807510452358908282e+00
8.299738112933010115e+00 5.887881645216661575e+00
8.308042002298329010e+00 3.727791804467412096e+00
8.316354199706326611e+00 4.162738037296415783e+00
8.324674713469219611e+00 3.554211439507001913e+00
8.333003551907516737e+00 5.228927653848157497e+00
8.341340723350057829e+00 4.648829989408193697e+00
8.349686236134026274e+00 4.816717956105526000e+00
8.358040098604922363e+00 4.566668945514084754e+00
8.366402319116609476e+00 5.698010282547886440e+00
8.374772906031305197e+00 6.143285845208589890e+00
8.383151867719606187e+00 5.478536807069778192e+00
8.391539212560473970e+00 4.500082823511998065e+00
8.399934948941243817e+00 4.085344066338609359e+00
8.408339085257667378e+00 5.096248952064827087e+00
8.416751629913893140e+00 5.708677090358827755e+00
8.425172591322457549e+00 4.627071520727466414e+00
8.433601977904316982e+00 5.342519861914767354e+00
8.442039798088842417e+00 5.431420307014975357e+00
8.450486060313872727e+00 6.344791746495266338e+00
8.458940773025680926e+00 5.320639467004466994e+00
8.467403944678963512e+00 4.917227629965082336e+00
8.475875583736875996e+00 5.940499458346695683e+00
8.484355698671075530e+00 6.654350833692300959e+00
8.492844297961685385e+00 5.595515934307698558e+00
8.501341390097307382e+00 6.280824085406787383e+00
8.509846983575016566e+00 5.404949470056093830e+00
8.518361086900416268e+00 4.647860830583920411e+00
8.526883708587609689e+00 5.729399257147646196e+00
8.535414857159230095e+00 6.117623565573082622e+00
8.543954541146415949e+00 5.050797114574496760e+00
8.552502769088842882e+00 6.012881154258287175e+00
8.561059549534769886e+00 6.452136121548281089e+00
8.569624891040954040e+00 6.220431696774644692e+00
8.578198802172744664e+00 5.313531179196192333e+00
8.586781291504054892e+00 5.589952826846277034e+00
8.595372367617367004e+00 7.061946313276407317e+00
8.603972039103767955e+00 6.868739787852256029e+00
8.612580314562926276e+00 6.187252262294554050e+00
8.621197202603104515e+00 5.670368675347913445e+00
8.629822711841203642e+00 6.657814394035358241e+00
8.638456850902732853e+00 7.128624835724478359e+00
8.647099628421834439e+00 7.188496601762291327e+00
8.655751053041287335e+00 6.807206949406901408e+00
8.664411133412508903e+00 6.345405634224328573e+00
8.673079878195581571e+00 5.804495454934105680e+00
8.681757296059268825e+00 5.915692860191225755e+00
8.690443395680977900e+00 6.098785615313112807e+00
8.699138185746802421e+00 5.794297196497971925e+00
8.707841674951529498e+00 6.472358960931585692e+00
8.716553871998655723e+00 6.771799205559690726e+00
8.725274785600383609e+00 7.165816697351473863e+00
8.734004424477626927e+00 7.254826109507978238e+00
8.742742797360028462e+00 7.186507729667229505e+00
8.751489912985945807e+00 6.839926100830353128e+00
8.760245780102499324e+00 6.789308685424099821e+00
8.769010407465557932e+00 7.121250669289687529e+00
8.777783803839753318e+00 6.762306596100276401e+00
8.786565977998490595e+00 6.653271414437772258e+00
8.795356938723937645e+00 5.365448121427855099e+00
8.804156694807060646e+00 5.147533025237691184e+00
8.812965255047608082e+00 6.511200598961695007e+00
8.821782628254135616e+00 7.146098516596767425e+00
8.830608823244022076e+00 7.343148244381696443e+00
8.839443848843473006e+00 7.266008358832552361e+00
8.848287713887497574e+00 7.089235568886671501e+00
8.857140427219976075e+00 7.065099471239591367e+00
8.866001997693627956e+00 7.377771466630052011e+00
8.874872434170020696e+00 7.226156950144378754e+00
8.883751745519582244e+00 7.132037974856178408e+00
8.892639940621625882e+00 7.299105722118400585e+00
8.901537028364346682e+00 6.504281841712869827e+00
8.910443017644842811e+00 7.263059598527754623e+00
8.919357917369106659e+00 5.153559395444901270e+00
8.928281736452028383e+00 6.944964786139365742e+00
8.937214483817424338e+00 7.284315030682983583e+00
8.946156168398053055e+00 7.005930239348280075e+00
8.955106799135602813e+00 7.256272280209298486e+00
8.964066384980702296e+00 7.384552898831398871e+00
8.973034934892920589e+00 7.307070013204842063e+00
8.982012457840815145e+00 7.367161524263694083e+00
8.990998962801914018e+00 7.127483514678641718e+00
8.999994458762728300e+00 6.363598093083456142e+00
9.008998954718750340e+00 7.042339739933262344e+00
9.018012459674482173e+00 7.328078545959458623e+00
9.027034982643428407e+00 6.884802428432508670e+00
9.036066532648110439e+00 6.321510611081805564e+00
9.045107118720064676e+00 6.899157831555801756e+00
9.054156749899895829e+00 6.962357303157229893e+00
9.063215435237234274e+00 7.380039668834580624e+00
9.072283183790759153e+00 7.256279666818943319e+00
9.081360004628230342e+00 6.622429097828866240e+00
9.090445906826463585e+00 6.712592494359099327e+00
9.099540899471353583e+00 7.235105477975485755e+00
9.108644991657907752e+00 7.363514452023748547e+00
9.117758192490214242e+00 7.396123470195302474e+00
9.126880511081456149e+00 7.228254887283721786e+00
9.136011956553980795e+00 7.171151216356087765e+00
9.145152538039223344e+00 7.176355006394065761e+00
9.154302264677752987e+00 7.043662002660016519e+00
9.163461145619306691e+00 6.396501498184669288e+00
9.172629190022773216e+00 7.052420824277527700e+00
9.181806407056209096e+00 6.971167451611973931e+00
9.190992805896815554e+00 6.751519700637798493e+00
9.200188395730981128e+00 7.103590735039681192e+00
9.209393185754311872e+00 6.872790125707981090e+00
9.218607185171599383e+00 7.003862603607687198e+00
9.227830403196843889e+00 6.985273908911625362e+00
9.237062849053257807e+00 7.058833097262991352e+00
9.246304531973295937e+00 6.807638835407057165e+00
9.255555461198628819e+00 7.211254181775007766e+00
9.264815645980180037e+00 6.980145350975565322e+00
9.274085095578147531e+00 6.943843598744711798e+00
9.283363819261991168e+00 6.886022820720834048e+00
9.292651826310423857e+00 6.781765879286330900e+00
9.301949126011466618e+00 6.859845289048874584e+00
9.311255727662413051e+00 6.583476341369462581e+00
9.320571640569852434e+00 6.648985354775171608e+00
9.329896874049707023e+00 6.820425086045494467e+00
9.339231437427212512e+00 7.060057501496486587e+00
9.348575340036930470e+00 7.370684359359506388e+00
9.357928591222769654e+00 7.102384362443400434e+00
9.367291200337987789e+00 7.031839147601733231e+00
9.376663176745186234e+00 6.163592308632655836e+00
9.386044529816329529e+00 7.163935977006947731e+00
9.395435268932773809e+00 7.205732188781825087e+00
9.404835403485281020e+00 7.343457799918828854e+00
9.414244942873983391e+00 6.884201453552984518e+00
9.423663896508406523e+00 7.216086990531369594e+00
9.433092273807510253e+00 6.773002637022654149e+00
9.442530084199674434e+00 6.882505009708510535e+00
9.451977337122700717e+00 7.260995069365504762e+00
9.461434042023851632e+00 6.913861894749980586e+00
9.470900208359843475e+00 6.680936745904435980e+00
9.480375845596832107e+00 7.338135419225161549e+00
9.489860963210444922e+00 6.989049767057886164e+00
9.499355570685795058e+00 7.062574061484686361e+00
9.508859677517522258e+00 6.972878189304725360e+00
9.518373293209727137e+00 6.830895686447769677e+00
9.527896427276015601e+00 7.057800566930366060e+00
9.537429089239532587e+00 6.916138231082063825e+00
9.546971288632937203e+00 7.340979020434359903e+00
9.556523034998413380e+00 7.055792559384597595e+00
9.566084337887714284e+00 7.022466860354141360e+00
9.575655206862155211e+00 7.356730354099989100e+00
9.585235651492601150e+00 7.043029985962253825e+00
9.594825681359491654e+00 7.103503968028984872e+00
9.604425306052856826e+00 7.001224599305393426e+00
9.614034535172327978e+00 7.311026091906666302e+00
9.623653378327144736e+00 6.730505580164469315e+00
9.633281845136142607e+00 7.281101496757796276e+00
9.642919945227788503e+00 7.126634932445271353e+00
9.652567688240175414e+00 7.276430241368980312e+00
9.662225083821059712e+00 7.236260151522238893e+00
9.671892141627827399e+00 7.172761135130955701e+00
9.681568871327542070e+00 7.254692336864277280e+00
9.691255282596946685e+00 7.078545514217877255e+00
9.700951385122440485e+00 7.200415791240111218e+00
9.710657188600118062e+00 6.727882319027198577e+00
9.720372702735790682e+00 6.926980552125369783e+00
9.730097937244991613e+00 7.160296231674546874e+00
9.739832901852937042e+00 7.383861921343072510e+00
9.749577606294584697e+00 7.260393306349630649e+00
9.759332060314648061e+00 7.359114694350122221e+00
9.769096273667583930e+00 7.216601375313977051e+00
9.778870256117615511e+00 7.394633002255156740e+00
9.788654017438732424e+00 7.309310533951011379e+00
9.798447567414664050e+00 7.327871263252808021e+00
9.808250915838973683e+00 7.297328551854171508e+00
9.818064072515031881e+00 7.239898782731111204e+00
9.827887047255972064e+00 6.847277124725413167e+00
9.837719849884754453e+00 7.291841244365748764e+00
9.847562490234214039e+00 7.375543266598967307e+00
9.857414978147000184e+00 6.832164955687567875e+00
9.867277323475576623e+00 7.362192716717315122e+00
9.877149536082288961e+00 7.341999199326906478e+00
9.887031625839359350e+00 7.286258944609221189e+00
9.896923602628888261e+00 6.833024982733595820e+00
9.906825476342849157e+00 7.343112217147791831e+00
9.916737256883115137e+00 7.357275707837962031e+00
9.926658954161467818e+00 7.253101035906793115e+00
9.936590578099599114e+00 7.380817134244534117e+00
9.946532138629125441e+00 7.373343295090684535e+00
9.956483645691628581e+00 7.251317531819238660e+00
9.966445109238607714e+00 7.152373194548320434e+00
9.976416539231488301e+00 7.374303308069790397e+00
9.986397945641751761e+00 7.318300478234230688e+00
9.996389338450816453e+00 7.176065839106596123e+00
1.000639072765004123e+01 7.313303814828338467e+00
1.001640212324083024e+01 7.182450303728611374e+00
1.002642353523456720e+01 7.315335540573343565e+00
1.003645497365266870e+01 7.331577185861086754e+00
1.004649644852658774e+01 7.322577721853419597e+00
1.005654796989779420e+01 7.271517114348421629e+00
1.006660954781781925e+01 7.321184444119855250e+00
1.007668119234822868e+01 7.319384292466463826e+00
1.008676291356065136e+01 7.304484409435195502e+00
1.009685472153683961e+01 7.185071104373809803e+00
1.010695662636857328e+01 7.279492889613666584e+00
1.011706863815775748e+01 7.229807621818574503e+00
1.012719076701644383e+01 7.191634451148165574e+00
1.013732302306676303e+01 7.212623999768732475e+00
1.014746541644093547e+01 7.175092450437374758e+00
1.015761795728136363e+01 7.055448770443790707e+00
1.016778065574060363e+01 7.129123377933750838e+00
1.017795352198134040e+01 7.084917646820429127e+00
1.018813656617644803e+01 7.214002944139454421e+00
1.019832979850896315e+01 7.099829068136147114e+00
1.020853322917211337e+01 7.074664425119228994e+00
1.021874686836936519e+01 7.002384787034146463e+00
1.022897072631432991e+01 6.826054171827552253e+00
1.023920481323086840e+01 7.244066562805296705e+00
1.024944913935308044e+01 6.648638608544464645e+00
1.025970371492529942e+01 6.948391229230650445e+00
1.026996855020209765e+01 6.595165915593334205e+00
1.028024365544828811e+01 7.182344541081173261e+00
1.029052904093896892e+01 6.639134088897026054e+00
1.030082471695954105e+01 6.885122390261768643e+00
1.031113069380570302e+01 7.216182936905497947e+00
1.032144698178340825e+01 6.947701409920502336e+00
1.033177359120896099e+01 6.965708437618816085e+00
1.034211053240895950e+01 7.104109399116224743e+00
1.035245781572035639e+01 6.833129698566087207e+00
1.036281545149045868e+01 7.010256645465404723e+00
1.037318345007685672e+01 7.249951762628047192e+00
1.038356182184754672e+01 7.087439142566561934e+00
1.039395057718094506e+01 7.117528533972816263e+00
1.040434972646577272e+01 7.171056521426291575e+00
1.041475928010119567e+01 7.119636003414582248e+00
1.042517924849676270e+01 6.877202827569658616e+00
1.043560964207244091e+01 7.030248831120716524e+00
1.044605047125863351e+01 7.189512323111237890e+00
1.045650174649616382e+01 7.001811344198781484e+00
1.046696347823632323e+01 6.830855476286292749e+00
1.047743567694081790e+01 6.885967709068479436e+00
1.048791835308187714e+01 6.977859542651803082e+00
1.049841151714219301e+01 6.892513212809251222e+00
1.050891517961488475e+01 6.904091375115672946e+00
1.051942935100361431e+01 7.146671938035295213e+00
1.052995404182255434e+01 6.841749093982117280e+00
1.054048926259641661e+01 6.803933432278006066e+00
1.055103502386043246e+01 6.656289094108458038e+00
1.056159133616034929e+01 7.054086856185056043e+00
1.057215821005249445e+01 6.807976341748180005e+00
1.058273565610372025e+01 6.991809154725883602e+00
1.059332368489147136e+01 6.836889757659192490e+00
1.060392230700380445e+01 7.092309615509033272e+00
1.061453153303934371e+01 6.883697120758735188e+00
1.062515137360728978e+01 6.935950271122051980e+00
1.063578183932750854e+01 6.855977857745089388e+00
1.064642294083046359e+01 7.058043971356931401e+00
1.065707468875722519e+01 6.844355137556787483e+00
1.066773709375955193e+01 7.055522308792939512e+00
1.067841016649985519e+01 6.891258153363455818e+00
1.068909391765121519e+01 7.056435531038298237e+00
1.069978835789740934e+01 6.919454303172786425e+00
1.071049349793284122e+01 7.046419161869752479e+00
1.072120934846262230e+01 6.837136328409897601e+00
1.073193592020264830e+01 7.049480118301000964e+00
1.074267322387948376e+01 6.905313703448204166e+00
1.075342127023045435e+01 7.058530821931172206e+00
1.076418007000360966e+01 6.781260698923058605e+00
1.077494963395772487e+01 7.067443999600038218e+00
1.078572997286235946e+01 6.911036641250348111e+00
1.079652109749786604e+01 7.044878766334464082e+00
1.080732301865535838e+01 6.553670264918569188e+00
1.081813574713675052e+01 6.987486695063910958e+00
1.082895929375480470e+01 6.991828642513426395e+00
1.083979366933308341e+01 6.615331326935355527e+00
1.085063888470592630e+01 6.756753186142881340e+00
1.086149495071854787e+01 6.876603061850256715e+00
1.087236187822703393e+01 6.971016809373130840e+00
1.088323967809830783e+01 6.748532093042188151e+00
1.089412836121015538e+01 6.932244303836617938e+00
1.090502793845127272e+01 6.860536651684269849e+00
1.091593842072125575e+01 6.942296802405176770e+00
1.092685981893055747e+01 6.884666822629096572e+00
1.093779214400056965e+01 6.663263902898016511e+00
1.094873540686364244e+01 6.879010890192060579e+00
1.095968961846305412e+01 6.843826122415999080e+00
1.097065478975298625e+01 6.831879995728562527e+00
1.098163093169861249e+01 6.688768859173581660e+00
1.099261805527609326e+01 6.704427532663208567e+00
1.100361617147250470e+01 6.270332882598613544e+00
1.101462529128598611e+01 6.739086077496016181e+00
1.102564542572569728e+01 6.710042331602014798e+00
1.103667658581177058e+01 6.524902721174517417e+00
1.104771878257536777e+01 6.665470713823667737e+00
1.105877202705865159e+01 6.732070582561888727e+00
1.106983633031488701e+01 6.663618932205904954e+00
1.108091170340838083e+01 6.609758942316001473e+00
1.109199815741450301e+01 6.605451799544896474e+00
1.110309570341971686e+01 6.609576696647883942e+00
1.111420435252153993e+01 6.625126851078220191e+00
1.112532411582863290e+01 6.576641766385456833e+00
1.113645500446078351e+01 6.509286786781145473e+00
1.114759702954887644e+01 6.377696450501020742e+00
1.115875020223492164e+01 6.361109634453649520e+00
1.116991453367207754e+01 6.417740242113238125e+00
1.118109003502470777e+01 6.424025577262729492e+00
1.119227671746831376e+01 6.388663716748221866e+00
1.120347459218956310e+01 6.292640290045706131e+00
1.121468367038634106e+01 6.085204753871488847e+00
1.122590396326773821e+01 6.286714629844159852e+00
1.123713548205403256e+01 5.947955998655585219e+00
1.124837823797674297e+01 6.016215852111963969e+00
1.125963224227863257e+01 6.137671176657261363e+00
1.127089750621371778e+01 5.502034475115568313e+00
1.128217404104722554e+01 5.979704049788929332e+00
1.129346185805569291e+01 6.015379977950430224e+00
1.130476096852695456e+01 5.922156660047448007e+00
1.131607138376011612e+01 5.830792680446971410e+00
1.132739311506561641e+01 5.680399689280279496e+00
1.133872617376518122e+01 5.763054801087694301e+00
1.135007057119186236e+01 5.822145024571696581e+00
1.136142631869005903e+01 5.836281182588317407e+00
1.137279342761551248e+01 5.794346077143454288e+00
1.138417190933534684e+01 5.477492500721385937e+00
1.139556177522804603e+01 5.626907012584761780e+00
1.140696303668344669e+01 5.610634184407841119e+00
1.141837570510285005e+01 5.472257918935872212e+00
1.142979979189892958e+01 5.303348413893258950e+00
1.144123530849573278e+01 5.397561923253595850e+00
1.145268226632879305e+01 5.468253750443215822e+00
1.146414067684506044e+01 5.232698405466666536e+00
1.147561055150295850e+01 5.110646005686371396e+00
1.148709190177237893e+01 5.223842214882530754e+00
1.149858473913466561e+01 4.963186875846293589e+00
1.151008907508264123e+01 5.267388677294472465e+00
1.152160492112064460e+01 5.159705842782269514e+00
1.153313228876454133e+01 5.229715578786849228e+00
1.154467118954168825e+01 5.158678079071343348e+00
1.155622163499099919e+01 4.654706452674855832e+00
1.156778363666291476e+01 4.977437981557733870e+00
1.157935720611939345e+01 4.986852064915091809e+00
1.159094235493406444e+01 4.917777519983986600e+00
1.160253909469204991e+01 4.882123949837970045e+00
1.161414743699006635e+01 4.847098642380300859e+00
1.162576739343652221e+01 4.709728521414082714e+00
1.163739897565136694e+01 4.561368101252347707e+00
1.164904219526613538e+01 4.777246280249943133e+00
1.166069706392407035e+01 4.417208707687445113e+00
1.167236359328002493e+01 4.326483100486524513e+00
1.168404179500053175e+01 4.915337423913085146e+00
1.169573168076382252e+01 4.226402824747727216e+00
1.170743326225975878e+01 3.861988290240824906e+00
1.171914655118992599e+01 4.576414716524340953e+00
1.173087155926761760e+01 3.765646098366895345e+00
1.174260829821783325e+01 3.805996502025910555e+00
1.175435677977733384e+01 4.630092181219601422e+00
1.176611701569460777e+01 4.241220248762302525e+00
1.177788901772987806e+01 3.400629948533887781e+00
1.178967279765513254e+01 4.176524581691220206e+00
1.180146836725415938e+01 4.182563888538030739e+00
1.181327573832253641e+01 3.792728080377584465e+00
1.182509492266764717e+01 3.622771304632432354e+00
1.183692593210868438e+01 4.579866385405943596e+00
1.184876877847663401e+01 3.942119808042288565e+00
1.186062347361432678e+01 3.185784148428608464e+00
1.187249002937649855e+01 4.355429507380181420e+00
1.188436845762971572e+01 4.734919790118501837e+00
1.189625877025236811e+01 2.801480717789459174e+00
1.190816097913477911e+01 4.177635216697711762e+00
1.192007509617916661e+01 5.361590632283739666e+00
1.193200113329961809e+01 2.633121692214308585e+00
1.194393910242220258e+01 4.311399948723399156e+00
1.195588901548488714e+01 5.094114365320242754e+00
1.196785088443757417e+01 2.930026067767752984e+00
1.197982472124212805e+01 4.380572774130838454e+00
1.199181053787241602e+01 4.816365738165424126e+00
1.200380834631422822e+01 3.583470207458176571e+00
1.201581815856538427e+01 4.067335192766640795e+00
1.202783998663571730e+01 4.924092672571601881e+00
1.203987384254702775e+01 4.671420543330907726e+00
1.205191973833318109e+01 3.151579160126049217e+00
1.206397768604006693e+01 4.443464114254617847e+00
1.207604769772563813e+01 4.913373844379208322e+00
1.208812978545991257e+01 2.381210175774437943e+00
1.210022396132499090e+01 4.111754629078883561e+00
1.211233023741503700e+01 5.687270892739078043e+00
1.212444862583633132e+01 2.286335824814121676e+00
1.213657913870727256e+01 3.694734623676916740e+00
1.214872178815835468e+01 5.356075905393620218e+00
1.216087658633222013e+01 2.868716280785592154e+00
1.217304354538368472e+01 4.550015907663231829e+00
1.218522267747971277e+01 5.186136649269900367e+00
1.219741399479943134e+01 3.450335230533134734e+00
1.220961750953417990e+01 3.743956156256097234e+00
1.222183323388744647e+01 4.481007019601658037e+00
1.223406118007494747e+01 4.255914821333858455e+00
1.224630136032464556e+01 3.043283411982547371e+00
1.225855378687672292e+01 4.335702228358742083e+00
1.227081847198362219e+01 5.121756613396883040e+00
1.228309542791001974e+01 2.562643882250699612e+00
1.229538466693285770e+01 4.167680768501816679e+00
1.230768620134138125e+01 5.174807190655837275e+00
1.232000004343713506e+01 2.946223026710831139e+00
1.233232620553395975e+01 4.648789169684513389e+00
1.234466469995803273e+01 4.566029490694041293e+00
1.235701553904784689e+01 3.162143342433951343e+00
1.236937873515422659e+01 4.101667003394384281e+00
1.238175430064036320e+01 4.198884837740172848e+00
1.239414224788182928e+01 3.738700634793417077e+00
1.240654258926657327e+01 3.525520321297392456e+00
1.241895533719494793e+01 4.564273145742779647e+00
1.243138050407970141e+01 4.064357503714333575e+00
1.244381810234597729e+01 3.480639842034961351e+00
1.245626814443139274e+01 4.558434869985194204e+00
1.246873064278601007e+01 4.198274084757681379e+00
1.248120560987228522e+01 3.412825385801586009e+00
1.249369305816520281e+01 4.664837837663359466e+00
1.250619300015223345e+01 4.435984230056436495e+00
1.251870544833331600e+01 3.133809226488283528e+00
1.253123041522088243e+01 4.398446955651099444e+00
1.254376791333988095e+01 4.334152148471110522e+00
1.255631795522783989e+01 3.987858276741785168e+00
1.256888055343483224e+01 3.942112231112567144e+00
1.258145572052343297e+01 4.735980419601591329e+00
1.259404346906877592e+01 3.968118889403966953e+00
1.260664381165862302e+01 4.337022544745609665e+00
1.261925676089335191e+01 4.185418369869697841e+00
1.263188232938587952e+01 3.220971083337635488e+00
1.264452052976177043e+01 4.620065948698658609e+00
1.265717137465927955e+01 4.839414196277511238e+00
1.266983487672921349e+01 4.639597187299397518e+00
1.268251104863505674e+01 4.904622956331842865e+00
1.269519990305300539e+01 4.943459659608769208e+00
1.270790145267191740e+01 4.405813597674282711e+00
1.272061571019333925e+01 4.700229090877193094e+00
1.273334268833151661e+01 4.784413939546569239e+00
1.274608239981345470e+01 4.293466154317156835e+00
1.275883485737886680e+01 4.737101982745410389e+00
1.277160007378020090e+01 5.012617777304060773e+00
1.278437806178266989e+01 4.740499371752420643e+00
1.279716883416425510e+01 5.024584006069396480e+00
1.280997240371574897e+01 4.742832719916720841e+00
1.282278878324071059e+01 5.103747380721253890e+00
1.283561798555550659e+01 4.362277594382084622e+00
1.284846002348936622e+01 5.069130759410954035e+00
1.286131490988431381e+01 4.881871878045837221e+00
1.287418265759523628e+01 4.560087958318810308e+00
1.288706327948990271e+01 4.807174585960508395e+00
1.289995678844894478e+01 4.904670910608579959e+00
1.291286319736583721e+01 5.069277531075107035e+00
1.292578251914697951e+01 5.232743002591730530e+00
1.293871476671172793e+01 4.754493223572309191e+00
1.295165995299232620e+01 5.148224108765372620e+00
1.296461809093395523e+01 4.919633755365471650e+00
1.297758919349474738e+01 4.974521076927845620e+00
1.299057327364582903e+01 4.927054980091527980e+00
1.300357034437127801e+01 4.803866677283252784e+00
1.301658041866812354e+01 4.958490895888369110e+00
1.302960350954645996e+01 4.990310893264239489e+00
1.304263963002939519e+01 4.973187697137364971e+00
1.305568879315306674e+01 5.125956953968533014e+00
1.306875101196661504e+01 5.144835476984591871e+00
1.308182629953226872e+01 4.972753011397979428e+00
1.309491466892529665e+01 4.826708648876442354e+00
1.310801613323407544e+01 5.258484705970352557e+00
1.312113070556008587e+01 4.808771854756844100e+00
1.313425839901791292e+01 5.293098860967171859e+00
1.314739922673523687e+01 4.654728985216848081e+00
1.316055320185286348e+01 5.282767465390032946e+00
1.317372033752479865e+01 4.854624987618457510e+00
1.318690064691818620e+01 5.304677573971458671e+00
1.320009414321328833e+01 4.205090616255697356e+00
1.321330083960363133e+01 4.744036788099901258e+00
1.322652074929591492e+01 4.351343726939989054e+00
1.323975388551004784e+01 5.170631076715076269e+00
1.325300026147915844e+01 4.166812296324107656e+00
1.326625989044964449e+01 4.776443800434743814e+00
1.327953278568112516e+01 4.391412662523640265e+00
1.329281896044648903e+01 4.836870969367431883e+00
1.330611842803193312e+01 4.337623506613026869e+00
1.331943120173693274e+01 5.064200261605243725e+00
1.333275729487423966e+01 4.208230140208999437e+00
1.334609672076993725e+01 5.025481172662447982e+00
1.335944949276346172e+01 3.868268351234749769e+00
1.337281562420759862e+01 4.975335962525043065e+00
1.338619512846847215e+01 4.111625156001808001e+00
1.339958801892558071e+01 4.972117159192648295e+00
1.341299430897182177e+01 4.015604801120515432e+00
1.342641401201349538e+01 4.561520394082984708e+00
1.343984714147030957e+01 3.866595617568957977e+00
1.345329371077539982e+01 4.891423137452049374e+00
1.346675373337531489e+01 3.820138707333509576e+00
1.348022722273005236e+01 3.252355108720421217e+00
1.349371419231313141e+01 2.444320712740424284e+00
1.350721465561153423e+01 3.615075624248101249e+00
1.352072862612571136e+01 3.701820696804381861e+00
1.353425611736962608e+01 4.006851537141485231e+00
1.354779714287080061e+01 3.837935353565015806e+00
1.356135171617024326e+01 4.031098080756671642e+00
1.357491985082253727e+01 4.094214487444870265e+00
1.358850156039581769e+01 3.875177250136103257e+00
1.360209685847177141e+01 4.299705021111567049e+00
1.361570575864573662e+01 3.625803072682077133e+00
1.362932827452661932e+01 4.423047093114964134e+00
1.364296441973689866e+01 3.422061416233861841e+00
1.365661420791272107e+01 4.487670543506563803e+00
1.367027765270389139e+01 3.202228090435026431e+00
1.368395476777384623e+01 4.055238141966611920e+00
1.369764556679970546e+01 3.196972279275867024e+00
1.371135006347225982e+01 4.076704319834625778e+00
1.372506827149601527e+01 3.095575554661969875e+00
1.373880020458919660e+01 4.680115752047805167e+00
1.375254587648374383e+01 3.338374487084101006e+00
1.376630530092532290e+01 4.486643162047809774e+00
1.378007849167333632e+01 3.661114104713931727e+00
1.379386546250100665e+01 4.291272069757964047e+00
1.380766622719529657e+01 4.110160319090423897e+00
1.382148079955695330e+01 4.206108532079880113e+00
1.383530919340054588e+01 4.224511439233984866e+00
1.384915142255448472e+01 3.592547858423237095e+00
1.386300750086100031e+01 3.231224395072367805e+00
1.387687744217617691e+01 1.236110798058086546e+00
1.389076126036993308e+01 1.315184321217808927e+00
1.390465896932608914e+01 2.147913043057185334e+00
1.391857058294238314e+01 2.516410026137356315e+00
1.393249611513042652e+01 3.433442592999691012e+00
1.394643557981579285e+01 3.225651280872168680e+00
1.396038899093789354e+01 3.619387220354689294e+00
1.397435636245010393e+01 3.476851022563930194e+00
1.398833770831983081e+01 3.226958039739998618e+00
1.400233304252842537e+01 3.969501818233416301e+00
1.401634237907123293e+01 2.698283230495569729e+00
1.403036573195758763e+01 3.698746435017246537e+00
1.404440311521085327e+01 2.914424632356432898e+00
1.405845454286841267e+01 3.072554970706320887e+00
1.407252002898167476e+01 2.918511650365984256e+00
1.408659958761614028e+01 2.940783879172204962e+00
1.410069323285138765e+01 2.861277307176445017e+00
1.411480097878105155e+01 2.669853271371317227e+00
1.412892283951284611e+01 2.928141303103332760e+00
1.414305882916865897e+01 2.690188420927306368e+00
1.415720896188447142e+01 2.624933362828479666e+00
1.417137325181041696e+01 2.490569508947629629e+00
1.418555171311082397e+01 2.179378061803797006e+00
1.419974435996411799e+01 2.602573007678160799e+00
1.421395120656291056e+01 1.999110728765039369e+00
1.422817226711411465e+01 2.506799683649330035e+00
1.424240755583879192e+01 2.173672660690731728e+00
1.425665708697219713e+01 2.053281557116183986e+00
1.427092087476386340e+01 2.116270448970090978e+00
1.428519893347759151e+01 1.702816935797983433e+00
1.429949127739145354e+01 2.433007286884982801e+00
1.431379792079778213e+01 1.441242489607699184e+00
1.432811887800320072e+01 2.109890634432348033e+00
1.434245416332871059e+01 1.812388808849406674e+00
1.435680379110961091e+01 1.599820570620059224e+00
1.437116777569548276e+01 1.970996497603205944e+00
1.438554613145031702e+01 1.343830155622909528e+00
1.439993887275247175e+01 2.006764991476959192e+00
1.441434601399467219e+01 1.189974019788671900e+00
1.442876756958409423e+01 1.781295765673753140e+00
1.444320355394230226e+01 1.480185032242877785e+00
1.445765398150527048e+01 1.355469215755551904e+00
1.447211886672343439e+01 1.652754825518385484e+00
1.448659822406168018e+01 1.137669551368783560e+00
1.450109206799934469e+01 1.585478871347343555e+00
1.451560041303029891e+01 1.129162632717334525e+00
1.453012327366288048e+01 1.488618310644092668e+00
1.454466066441992744e+01 1.251841203336252262e+00
1.455921259983884752e+01 1.249474545138161918e+00
1.457377909447158437e+01 1.432168316479959458e+00
1.458836016288461934e+01 1.051101824666999418e+00
1.460295581965901945e+01 1.452931828359153243e+00
1.461756607939045161e+01 1.053375877480338563e+00
1.463219095668918968e+01 1.319800289079376743e+00
1.464683046618012519e+01 1.148655687431334949e+00
1.466148462250275486e+01 1.141373765482483149e+00
1.467615344031121793e+01 1.273790992885137641e+00
1.469083693427434589e+01 1.032023161986370452e+00
1.470553511907563937e+01 1.333470201502071850e+00
1.472024800941326284e+01 1.009568466593831149e+00
1.473497562000010674e+01 1.222167941250037027e+00
1.474971796556379466e+01 1.113286259621328655e+00
1.476447506084667616e+01 1.100727520039290974e+00
1.477924692060583922e+01 1.246395438468582695e+00
1.479403355961316180e+01 1.006625894359971962e+00
1.480883499265527448e+01 1.311840635465708171e+00
1.482365123453359068e+01 1.040852321078113318e+00
1.483848230006438307e+01 1.209645749727949582e+00
1.485332820407873911e+01 1.143559958421628941e+00
1.486818896142254509e+01 1.097892537528826429e+00
1.488306458695654122e+01 1.260372405789620620e+00
1.489795509555635178e+01 1.015940633455211017e+00
1.491286050211251180e+01 1.180622250160330955e+00
1.492778082153043151e+01 1.010680129018320050e+00
1.494271606873038927e+01 1.056854493662867656e+00
1.495766625864763810e+01 1.124022510611621728e+00
1.497263140623239330e+01 1.294984344188537362e+00
1.498761152644982886e+01 1.062803314362256835e+00
1.500260663428004371e+01 1.050204267448948237e+00
1.501761674471810615e+01 1.099519336748406184e+00
1.503264187277415687e+01 1.330325779225136396e+00
1.504768203347334321e+01 1.187800383606640198e+00
1.506273724185582452e+01 1.258147435264644454e+00
1.507780751297680233e+01 1.376144376338625852e+00
1.509289286190657009e+01 1.070436913384941180e+00
1.510799330373045635e+01 1.445035640750397699e+00
1.512310885354890289e+01 1.032716084693736880e+00
1.513823952647746296e+01 1.337470494626934014e+00
1.515338533764681372e+01 1.146914295470749856e+00
1.516854630220275624e+01 1.180285581902523973e+00
1.518372243530625454e+01 1.272277380695683746e+00
1.519891375213346763e+01 1.035674633188050864e+00
1.521412026787568195e+01 1.381097307686747211e+00
1.522934199773943043e+01 1.026367021016850734e+00
1.524457895694642851e+01 1.334511354182243315e+00
1.525983116073368073e+01 1.152418296187752933e+00
1.527509862435336885e+01 1.177907260765449049e+00
1.529038136307294238e+01 1.317747806408740674e+00
1.530567939217513640e+01 1.049849263650102449e+00
1.532099272695800884e+01 1.386655165859519645e+00
1.533632138273488899e+01 1.054579041491264801e+00
1.535166537483442539e+01 1.423224910383082520e+00
1.536702471860061792e+01 1.217473353967554406e+00
1.538239942939280347e+01 1.273567060277538188e+00
1.539778952258570932e+01 1.457227417245768430e+00
1.541319501356943356e+01 1.123005878532600699e+00
1.542861591774943264e+01 1.557315480517244666e+00
1.544405225054664044e+01 1.134123261460776577e+00
1.545950402739738649e+01 1.580843425722555873e+00
1.547497126375344756e+01 1.417945027915416656e+00
1.549045397508206356e+01 1.387425796659619515e+00
1.550595217686592875e+01 1.768826882565573744e+00
1.552146588460326093e+01 1.197141597440182892e+00
1.553699511380775711e+01 1.966159756743589115e+00
1.555253988000867871e+01 1.238513816747721430e+00
1.556810019875076989e+01 1.915562436486873965e+00
1.558367608559435347e+01 1.699107139206738948e+00
1.559926755611532379e+01 1.598466551933950264e+00
1.561487462590514674e+01 2.109218551195811031e+00
1.563049731057092373e+01 1.438716874964767634e+00
1.564613562573530814e+01 2.294455707932558930e+00
1.566178958703660662e+01 1.492758983292890029e+00
1.567745921012879506e+01 2.190932928860228834e+00
1.569314451068148308e+01 1.992248297906433541e+00
1.570884550437998328e+01 1.860141416100659750e+00
1.572456220692530415e+01 2.430703574339167172e+00
1.574029463403412876e+01 1.556140180626480962e+00
1.575604280143891245e+01 2.649849694452667048e+00
1.577180672488782243e+01 1.968326334355990914e+00
1.578758642014476088e+01 2.218147921310439585e+00
1.580338190298943246e+01 2.540679992558689815e+00
1.581919318921733897e+01 1.811594720876106290e+00
1.583502029463975269e+01 2.943220859149925595e+00
1.585086323508377326e+01 2.073299576552121604e+00
1.586672202639235074e+01 2.483321761628397351e+00
1.588259668442427319e+01 2.484449824258268880e+00
1.589848722505419154e+01 2.439992670605009906e+00
1.591439366417263379e+01 2.945651897268816821e+00
1.593031601768606009e+01 2.541175987275720694e+00
1.594625430151684498e+01 2.638897384963970083e+00
1.596220853160327735e+01 2.650608025927434053e+00
1.597817872389959071e+01 2.663167380108307114e+00
1.599416489437596667e+01 2.381832260425217562e+00
1.601016705901853143e+01 3.209090072229732193e+00
1.602618523382946947e+01 2.676798385714696416e+00
1.604221943482700397e+01 3.261050947481276996e+00
1.605826967804530980e+01 2.891684233336891285e+00
1.607433597953463433e+01 3.075575931709648714e+00
1.609041835536128318e+01 3.504831239070561377e+00
1.610651682160760245e+01 2.610425532133834992e+00
1.612263139437211734e+01 3.519363436854402227e+00
1.613876208976935800e+01 3.110730522878615734e+00
1.615490892393001587e+01 3.002417627733267036e+00
1.617107191300096147e+01 2.471808833969808550e+00
1.618725107314516620e+01 1.029109024130668848e+00
1.620344642054176632e+01 1.434959762187512311e+00
1.621965797138613041e+01 1.954784665255820286e+00
1.623588574188982747e+01 2.112418187931790037e+00
1.625212974828060197e+01 2.942686451908979262e+00
1.626839000680249114e+01 3.038698732317494322e+00
1.628466653371572548e+01 2.762900251704067500e+00
1.630095934529685664e+01 3.369665669623662207e+00
1.631726845783870772e+01 2.724043647037287741e+00
1.633359388765037323e+01 3.134400097993631285e+00
1.634993565105728308e+01 3.399489589361029740e+00
1.636629376440121675e+01 2.651103368113670200e+00
1.638266824404027489e+01 3.352469119680261400e+00
1.639905910634891484e+01 3.252720210234604004e+00
1.641546636771804657e+01 2.772962457830166816e+00
1.643189004455492608e+01 3.362836700059060213e+00
1.644833015328320514e+01 2.600565466436962847e+00
1.646478671034300234e+01 3.385992649095698415e+00
1.648125973219089246e+01 3.410522509466876517e+00
1.649774923529989934e+01 2.612689976729994701e+00
1.651425523615948521e+01 3.539031893019160879e+00
1.653077775127569637e+01 2.691524528064902722e+00
1.654731679717104242e+01 2.977038142801037512e+00
1.656387239038455306e+01 3.520250907730485324e+00
1.658044454747182783e+01 2.615354768479780656e+00
1.659703328500502195e+01 3.467959220232490480e+00
1.661363861957294219e+01 3.220174573109379157e+00
1.663026056778087991e+01 2.787870417557324565e+00
1.664689914625072475e+01 3.509693331846279740e+00
1.666355437162107833e+01 2.463598970165220781e+00
1.668022626054720448e+01 3.403235347353142259e+00
1.669691482970098306e+01 3.572589543260364042e+00
1.671362009577098107e+01 2.732396022092639765e+00
1.673034207546247387e+01 3.437091181372923909e+00
1.674708078549743107e+01 1.946918668962626109e+00
1.676383624261456973e+01 2.665037990718491567e+00
1.678060846356936153e+01 3.104752035037677604e+00
1.679739746513401144e+01 2.705684346776561000e+00
1.681420326409750388e+01 2.935398969356799004e+00
1.683102587726567378e+01 3.284710751454857469e+00
1.684786532146112137e+01 2.779299681905634589e+00
1.686472161352329380e+01 3.426661020958720716e+00
1.688159477030848521e+01 2.758030387951061702e+00
1.689848480868984737e+01 2.297900878979051154e+00
1.691539174555743941e+01 3.149342457548389707e+00
1.693231559781817452e+01 2.929519300411031146e+00
1.694925638239588395e+01 3.481873148208476376e+00
1.696621411623138798e+01 3.449680769322638785e+00
1.698318881628241783e+01 2.949494343472531810e+00
1.700018049952368671e+01 3.617706369864870375e+00
1.701718918294688265e+01 3.342742928064541985e+00
1.703421488356068281e+01 3.115553604713108715e+00
1.705125761839080667e+01 3.488870694387111282e+00
1.706831740447996992e+01 3.128259163047311553e+00
1.708539425888794483e+01 3.461583831439877468e+00
1.710248819869159220e+01 2.901344551323354004e+00
1.711959924098485786e+01 3.051902442250469694e+00
1.713672740287879037e+01 3.560648376293154449e+00
1.715387270150155175e+01 3.401001174916292502e+00
1.717103515399843872e+01 3.137886697722779950e+00
1.718821477753190763e+01 3.175510667366520767e+00
1.720541158928159575e+01 2.674746838997177356e+00
1.722262560644431417e+01 2.487177381788482577e+00
1.723985684623405490e+01 3.334131786550246002e+00
1.725710532588209745e+01 3.134425318626944179e+00
1.727437106263688449e+01 3.482979390625125848e+00
1.729165407376416042e+01 3.416816937511222285e+00
1.730895437654698199e+01 3.193094618934706919e+00
1.732627198828563309e+01 3.398270458394612614e+00
1.734360692629769218e+01 3.080593520867346058e+00
1.736095920791811054e+01 2.484499727776429800e+00
1.737832885049919440e+01 3.275657606399530408e+00
1.739571587141055886e+01 3.256977322284228205e+00
1.741312028803920597e+01 3.338690892091234375e+00
1.743054211778958518e+01 3.387463166416482263e+00
1.744798137808355420e+01 3.198099990384298152e+00
1.746543808636037198e+01 3.434066971453617612e+00
1.748291226007674126e+01 3.420573310915125731e+00
1.750040391670682638e+01 2.896580300323386314e+00
1.751791307374228168e+01 3.304034126187074261e+00
1.753543974869225153e+01 3.334098816480139060e+00
1.755298395908345199e+01 2.953508787455364271e+00
1.757054572246007496e+01 2.483505205180515762e+00
1.758812505638386270e+01 3.123229770780513892e+00
1.760572197843420028e+01 3.158777164641942470e+00
1.762333650620799119e+01 2.580653404609475121e+00
1.764096865731976393e+01 2.890868408420294244e+00
1.765861844940165071e+01 3.224646339908296078e+00
1.767628590010343714e+01 3.294897192210500148e+00
1.769397102709259428e+01 3.269907471307639923e+00
1.771167384805425016e+01 3.258866257957662604e+00
1.772939438069122886e+01 3.284975856329067412e+00
1.774713264272407542e+01 2.775816437068435505e+00
1.776488865189103805e+01 3.017364515759546340e+00
1.778266242594811430e+01 3.271377326794989937e+00
1.780045398266910084e+01 3.329498414468274881e+00
1.781826333984556499e+01 3.301637643504065078e+00
1.783609051528684830e+01 3.193486134803253051e+00
1.785393552682015539e+01 3.320724772340654773e+00
1.787179839229047218e+01 3.255668696377177707e+00
1.788967912956065831e+01 3.305868382166541775e+00
1.790757775651144357e+01 3.298275070208852355e+00
1.792549429104150249e+01 3.187005129501558454e+00
1.794342875106735136e+01 2.970069922899265080e+00
1.796138115452342987e+01 3.257435347955786042e+00
1.797935151936216158e+01 3.204641233098616482e+00
1.799733986355390414e+01 3.218720692384743565e+00
1.801534620508700968e+01 3.092563354886876503e+00
1.803337056196783905e+01 2.549681193599724782e+00
1.805141295222070497e+01 3.169260683234698117e+00
1.806947339388802121e+01 3.223308559779772153e+00
1.808755190503026711e+01 3.170039705351189507e+00
1.810564850372592005e+01 3.047549708447719219e+00
1.812376320807159047e+01 3.208694664024168031e+00
1.814189603618197211e+01 3.139081430872231238e+00
1.816004700618987755e+01 3.060044969427653694e+00
1.817821613624629862e+01 2.584439960879787890e+00
1.819640344452037084e+01 2.985597375013318899e+00
1.821460894919938411e+01 3.137830316072244496e+00
1.823283266848886086e+01 3.088354740711671820e+00
1.825107462061255248e+01 2.596650958177939117e+00
1.826933482381239671e+01 2.998728499836751826e+00
1.828761329634858512e+01 2.926533246865809623e+00
1.830591005649957737e+01 2.340049739807454898e+00
1.832422512256215796e+01 2.745384467954707031e+00
1.834255851285137595e+01 2.273028496517393027e+00
1.836091024570062658e+01 2.635334234009189203e+00
1.837928033946165485e+01 2.935687706419670917e+00
