# wavelength[um] flux[erg/cm2/s/cm]
4.043958187339406152e+00 nan
4.048004168179851980e+00 2.087801692804091424e+07
4.052054197024798299e+00 2.036382698551941290e+07
4.056108277924278305e+00 1.661279970176902600e+07
4.060166414932374401e+00 2.055784792586246878e+07
4.064228612107225302e+00 1.804330604742343351e+07
4.068294873511027809e+00 2.336215797802606598e+07
4.072365203210039475e+00 2.171235879028826207e+07
4.076439605274588374e+00 1.791112616684137285e+07
4.080518083779084648e+00 1.549645229040588625e+07
4.084600642802003634e+00 2.357130153207521141e+07
4.088687286425909839e+00 2.257744688987542689e+07
4.092778018737446288e+00 2.185789069182261452e+07
4.096872843827346067e+00 1.839575573158788309e+07
4.100971765790424328e+00 2.251774477983576059e+07
4.105074788725600499e+00 2.420183800865182653e+07
4.109181916735913376e+00 2.358844845003177598e+07
4.113293153928490042e+00 1.605606018967463821e+07
4.117408504414562742e+00 1.790316832621737570e+07
4.121527972309475985e+00 2.682654876621842384e+07
4.125651561732701644e+00 2.059621497837558389e+07
4.129779276807835409e+00 2.629800680453618243e+07
4.133911121662587895e+00 2.541419155574858561e+07
4.138047100428805081e+00 2.475067228080151230e+07
4.142187217242470076e+00 2.480100916226538643e+07
4.146331476243699576e+00 2.321277495956181362e+07
4.150479881576749186e+00 2.127824006049562618e+07
4.154632437390031185e+00 1.900910301591940224e+07
4.158789147836096767e+00 1.907539205783844739e+07
4.162950017071651132e+00 1.750341353019469976e+07
4.167115049257566817e+00 1.481506601300863363e+07
4.171284248558879248e+00 1.147792839734753035e+07
4.175457619144791188e+00 8.723260735229520127e+06
4.179635165188675394e+00 6.081880966220738366e+06
4.183816890868071070e+00 3.606495534001439344e+06
4.188002800364700740e+00 2.085932919165420812e+06
4.192192897864479129e+00 9.652539355346715311e+05
4.196387187557506060e+00 4.839156076678558602e+05
4.200585673638072670e+00 1.913792583638033248e+05
4.204788360304662298e+00 1.082712472805885482e+05
4.208995251759962919e+00 6.038303165880020970e+04
4.213206352210869809e+00 4.965196896249162819e+04
4.217421665868471337e+00 4.770995070306439447e+04
4.221641196948093366e+00 4.844536492950328102e+04
4.225864949669266402e+00 5.100835991438619385e+04
4.230092928255739793e+00 5.135442459305840748e+04
4.234325136935488842e+00 5.690898420468781114e+04
4.238561579940727242e+00 5.940496399564774038e+04
4.242802261507900852e+00 6.180312167884522933e+04
4.247047185877692144e+00 5.374464050352679624e+04
4.251296357295021089e+00 5.784601506298276217e+04
4.255549780009054928e+00 6.013395392551457917e+04
4.259807458273230374e+00 5.918826412418791006e+04
4.264069396345225194e+00 6.860042728016714682e+04
4.268335598486969751e+00 6.210254167910945398e+04
4.272606068964664772e+00 6.600171399253276468e+04
4.276880812048779568e+00 6.832711591498051712e+04
4.281159832014060029e+00 9.466258636857425154e+04
4.285443133139530403e+00 7.717974951045995113e+04
4.289730719708485296e+00 6.748646118366744486e+04
4.294022596008521653e+00 6.327753046797271236e+04
4.298318766331513885e+00 5.814097328250759165e+04
4.302619234973628970e+00 7.701286395839235047e+04
4.306924006235345104e+00 7.503493492199426692e+04
4.311233084421424167e+00 8.380896128072137071e+04
4.315546473840940145e+00 9.608700002318786574e+04
4.319864178807288901e+00 1.268671107831107656e+05
4.324186203638174852e+00 1.456057436996660836e+05
4.328512552655626955e+00 1.749541888144564873e+05
4.332843230185990713e+00 2.265150258290878846e+05
4.337178240559948605e+00 3.201583519855442573e+05
4.341517588112503212e+00 5.448753236868876265e+05
4.345861277183007410e+00 7.269599809558076086e+05
4.350209312115151938e+00 9.256410337549500400e+05
4.354561697256974284e+00 1.240551657716979273e+06
4.358918436960855125e+00 1.540864030025943648e+06
4.363279535583538760e+00 2.672299332747301087e+06
4.367644997486123337e+00 3.229990081443488132e+06
4.372014827034064410e+00 3.716981305181153584e+06
4.376389028597194475e+00 4.381286616362181492e+06
4.380767606549714976e+00 5.561386128252814524e+06
4.385150565270209633e+00 7.217535845854793675e+06
4.389537909141639105e+00 8.630518009288568050e+06
4.393929642551338333e+00 1.009379532854288258e+07
4.398325769891044068e+00 1.146388541905461252e+07
4.402726295556887770e+00 1.447191432195356674e+07
4.407131223949391163e+00 1.496227702504660562e+07
4.411540559473484002e+00 1.715341991733926907e+07
4.415954306538509400e+00 1.768872515948775038e+07
4.420372469558211392e+00 2.035879135694830492e+07
4.424795052950750929e+00 2.109970014069463685e+07
4.429222061138705868e+00 2.037668001822536066e+07
4.433653498549093186e+00 1.918674048063033819e+07
4.438089369613354762e+00 2.339396253962046653e+07
4.442529678767354717e+00 2.335702897001716122e+07
4.446974430451398952e+00 2.286345175033499673e+07
4.451423629110244917e+00 1.995994947708591446e+07
4.455877279193092733e+00 1.917897052602941543e+07
4.460335385153590515e+00 1.707129620292129740e+07
4.464797951449841484e+00 1.670410551991835982e+07
4.469264982544411069e+00 1.730772890617494658e+07
4.473736482904336675e+00 1.361848939609278366e+07
4.478212457001122360e+00 1.080586708587964810e+07
4.482692909310737051e+00 9.016108597383771092e+06
4.487177844313640307e+00 9.483629253675302491e+06
4.491667266494762778e+00 9.152196070353986695e+06
4.496161180343516861e+00 5.808021125104661100e+06
4.500659590353822459e+00 4.300403845721977763e+06
4.505162501024093658e+00 4.782736034422253259e+06
4.509669916857241390e+00 4.551307349208267406e+06
4.514181842360688535e+00 2.430340251432040706e+06
4.518698282046352155e+00 1.930139163681233535e+06
4.523219240430670141e+00 2.565539954591214191e+06
4.527744722034610092e+00 1.675522241256748326e+06
4.532274731383646227e+00 8.605316759547706461e+05
4.536809273007785137e+00 1.244356711852508830e+06
4.541348351441579112e+00 1.054103465204052860e+06
4.545891971224099493e+00 4.475372742701061070e+05
4.550440136898975751e+00 6.447207472629479598e+05
4.554992853014370624e+00 6.165361404667878523e+05
4.559550124122995207e+00 2.655306458361704717e+05
4.564111954782122282e+00 4.070315672431398416e+05
4.568678349553586315e+00 3.734467778844646527e+05
4.573249313003776351e+00 1.854810838902500400e+05
4.577824849703659993e+00 3.027239913082202547e+05
4.582404964228774524e+00 2.525856656619882851e+05
4.586989661159233123e+00 1.662853730218666315e+05
4.591578945079738183e+00 2.586403421202140744e+05
4.596172820579575991e+00 1.750794025048621406e+05
4.600771292252614941e+00 1.934448419671693409e+05
4.605374364697328637e+00 2.203360680180807831e+05
4.609982042516789669e+00 1.440977731710808584e+05
4.614594330318677606e+00 2.197185122518450080e+05
4.619211232715274562e+00 1.836216781089349533e+05
4.623832754323488281e+00 1.867481762095696758e+05
4.628458899764849477e+00 2.368390981943564839e+05
4.633089673665492292e+00 1.529926116327282216e+05
4.637725080656193377e+00 2.838249335853297380e+05
4.642365125372356793e+00 1.994567720799510425e+05
4.647009812454028221e+00 3.072927970433516894e+05
4.651659146545906509e+00 3.910558152453844668e+05
4.656313132297318802e+00 3.305509552971306839e+05
4.660971774362248077e+00 1.265076524165506708e+06
4.665635077399347352e+00 2.715154803294477053e+06
4.670303046071911268e+00 1.515826634415827459e+06
4.674975685047906282e+00 3.214956449670987204e+05
4.679652998999974223e+00 5.467582962358554360e+05
4.684334992605429626e+00 3.147247144726894330e+05
4.689021670546271281e+00 3.429643418853624607e+05
4.693713037509176011e+00 3.230920223737516208e+05
4.698409098185504895e+00 2.527850651545698929e+05
4.703109857271324579e+00 3.621660858208313002e+05
4.707815319467393955e+00 2.129983441073669528e+05
4.712525489479173046e+00 4.002391642153837602e+05
4.717240372016835437e+00 1.993128580784685910e+05
4.721959971795260280e+00 4.475605047699474380e+05
4.726684293534048287e+00 2.019081837458991504e+05
4.731413341957528829e+00 5.054686233601250569e+05
4.736147121794751946e+00 2.183214585117232054e+05
4.740885637779490125e+00 5.882118667965146014e+05
4.745628894650255170e+00 2.468121988740921952e+05
4.750376897150309752e+00 7.076638000696299132e+05
4.755129650027656751e+00 2.867816844244912500e+05
4.759887158035051691e+00 8.908213369235629216e+05
4.764649425930005400e+00 3.405666164555065916e+05
4.769416458474777798e+00 1.164992919398206053e+06
4.774188260436393882e+00 3.988782552646713448e+05
4.778964836586673037e+00 1.478512579428000841e+06
4.783746191702191730e+00 4.843172826958789956e+05
4.788532330564299500e+00 2.123138634357011411e+06
4.793323257959137607e+00 5.974383557019581785e+05
4.798118978677631041e+00 2.860532806828671601e+06
4.802919497515497405e+00 8.054347186415509786e+05
4.807724819273262007e+00 3.522037297594104428e+06
4.812534948756252540e+00 8.399367327556986129e+05
4.817349890774592858e+00 4.585482550228951499e+06
4.822169650143221631e+00 1.929490080856200075e+06
4.826994231681898562e+00 5.448751352354591712e+06
4.831823640215216820e+00 3.303421474779480603e+06
4.836657880572579948e+00 6.056160547806146555e+06
4.841496957588230288e+00 5.062334595231363550e+06
4.846340876101235651e+00 5.818147151277703233e+06
4.851189640955513305e+00 9.175037436498247087e+06
4.856043256999840629e+00 5.494706408391959965e+06
4.860901729087831136e+00 1.315610971515392140e+07
4.865765062077957559e+00 5.779686527622187510e+06
4.870633260833544753e+00 1.661026396459848247e+07
4.875506330222795448e+00 7.333534180976260453e+06
4.880384275118787585e+00 1.995550560384981707e+07
4.885267100399468099e+00 1.108716676880767010e+07
4.890154810947647590e+00 1.814584602482442185e+07
4.895047411651042069e+00 1.868705609294066206e+07
4.899944907402259631e+00 1.216909896053447388e+07
4.904847303098789801e+00 2.837492342100892588e+07
4.909754603643035509e+00 1.591177040317719802e+07
4.914666813942293544e+00 3.064045333146582171e+07
4.919583938908781207e+00 2.093717533392501250e+07
4.924505983459624758e+00 3.658003247588296235e+07
4.929432952516856759e+00 2.992438656985308230e+07
4.934364851007448038e+00 2.200747546470408142e+07
4.939301683863292602e+00 3.697488968636848032e+07
4.944243456021227168e+00 2.261440146981001645e+07
4.949190172423037382e+00 3.458492300803496689e+07
4.954141838015429400e+00 1.589465216937527806e+07
4.959098457750073408e+00 1.980516578194116056e+07
4.964060036583591184e+00 3.536866703715815395e+07
4.969026579477557881e+00 3.616646663953868300e+07
4.973998091398528665e+00 3.950891335894742608e+07
4.978974577317995198e+00 2.386018765217322856e+07
4.983956042212439819e+00 4.094327611823848635e+07
4.988942491063345308e+00 3.904780640509943664e+07
4.993933928857153148e+00 4.221909915380065888e+07
4.998930360585300825e+00 3.799359297591598332e+07
5.003931791244230709e+00 2.659891866094129160e+07
5.008938225835386504e+00 4.003082007907330990e+07
5.013949669365177719e+00 3.173800778077640757e+07
5.018966126845049835e+00 1.074369052481384203e+07
5.023987603291483417e+00 2.788457370019517466e+07
5.029014103725941709e+00 2.035704873240060359e+07
5.034045633174911494e+00 3.643811966937741637e+07
5.039082196669929736e+00 4.106251536738778651e+07
5.044123799247563156e+00 4.282836523400950432e+07
5.049170445949409114e+00 4.531267650652955472e+07
5.054222141822116932e+00 4.480868102650853246e+07
5.059278891917391441e+00 3.663090499753752351e+07
5.064340701291981439e+00 4.374977153708798438e+07
5.069407575007690347e+00 4.419804558947221935e+07
5.074479518131395750e+00 4.037841221059984714e+07
5.079556535735048506e+00 2.780458251098643616e+07
5.084638632895669197e+00 1.421339913536260463e+07
5.089725814695342798e+00 3.582201540998794883e+07
5.094818086221257758e+00 3.929659341747847944e+07
5.099915452565697116e+00 2.862131154106039926e+07
5.105017918826000312e+00 4.091138752091850340e+07
5.110125490104636903e+00 3.040229463479550183e+07
5.115238171509194132e+00 2.624084625604432076e+07
5.120355968152357384e+00 4.131318812595875561e+07
5.125478885151911967e+00 3.793838262807200849e+07
5.130606927630776859e+00 3.572460581171101332e+07
5.135740100717002932e+00 2.551368110979880020e+07
5.140878409543741867e+00 1.888572792694772780e+07
5.146021859249313657e+00 1.518920874834238179e+07
5.151170454977185287e+00 2.136652244959149510e+07
5.156324201875936986e+00 3.455250995081877708e+07
5.161483105099309299e+00 3.849186308000465482e+07
5.166647169806227069e+00 3.935158217286762595e+07
5.171816401160747922e+00 2.145865328278686851e+07
5.176990804332091578e+00 3.883825873598036915e+07
5.182170384494675375e+00 4.282945481598085165e+07
5.187355146828076080e+00 3.903379862958759815e+07
5.192545096517046765e+00 3.365654128379182518e+07
5.197740238751555886e+00 1.889900863708966225e+07
5.202940578726747312e+00 1.738256327293428779e+07
5.208146121642936777e+00 2.419955637533962727e+07
5.213356872705670497e+00 1.121881940423181839e+07
5.218572837125715402e+00 2.472679679382748902e+07
5.223794020119036041e+00 3.236000502785596624e+07
5.229020426906815011e+00 3.488917198904673010e+07
5.234252062715459175e+00 1.858109368721794337e+07
5.239488932776602326e+00 1.843674333480936289e+07
5.244731042327116732e+00 3.192872669711893424e+07
5.249978396609109588e+00 2.555386352086960524e+07
5.255231000869925673e+00 3.693631945039419830e+07
5.260488860362181995e+00 3.780495755405187607e+07
5.265751980343742922e+00 3.978814913372874260e+07
5.271020366077721064e+00 3.414128246089000255e+07
5.276294022832505703e+00 1.692391997190318629e+07
5.281572955881746800e+00 2.979331776076824218e+07
5.286857170504389636e+00 2.901128662701404095e+07
5.292146671984641948e+00 1.269373676778293960e+07
5.297441465612009459e+00 2.975778238043238223e+07
5.302741556681281665e+00 3.072701040118338540e+07
5.308046950492545157e+00 2.639054301014048234e+07
5.313357652351208493e+00 4.199677286503686011e+07
5.318673667567959562e+00 3.910341061085473001e+07
5.323995001458826870e+00 4.179851440722546726e+07
5.329321659345144901e+00 3.604468386725609004e+07
5.334653646553559447e+00 3.898046628889469057e+07
5.339990968416064021e+00 3.324505455936130136e+07
5.345333630269974101e+00 1.912358174596001580e+07
5.350681637457967987e+00 8.735060341187190264e+06
5.356034995328045945e+00 1.150497760621154681e+07
5.361393709233554183e+00 2.762448976523698494e+07
5.366757784533227493e+00 3.508710301230464131e+07
5.372127226591127069e+00 3.249795530261081830e+07
5.377502040776687586e+00 3.371471400054150820e+07
5.382882232464750061e+00 3.201260640374532714e+07
5.388267807035500567e+00 3.701822189460749924e+07
5.393658769874506653e+00 3.825100869363766909e+07
5.399055126372735103e+00 3.222687315359415859e+07
5.404456881926535949e+00 3.559861402031023055e+07
5.409864041937665569e+00 2.125862232884794101e+07
5.415276611813294672e+00 2.033635158536182716e+07
5.420694596965989653e+00 8.293427088028309867e+06
5.426118002813722363e+00 1.537879653397022933e+07
5.431546834779906519e+00 2.832038106066883355e+07
5.436981098293380832e+00 3.215417330334559456e+07
5.442420798788408121e+00 2.033560527573783696e+07
5.447865941704685966e+00 2.906893133039543778e+07
5.453316532487360035e+00 3.068060147276156023e+07
5.458772576587027636e+00 2.486661942358363420e+07
5.464234079459717286e+00 9.142453380794286728e+06
5.469701046566937563e+00 1.777161462274943665e+07
5.475173483375657568e+00 2.152197347979323566e+07
5.480651395358322020e+00 1.533655899283472821e+07
5.486134787992848594e+00 2.792295563752615079e+07
5.491623666762627032e+00 3.639919774249307811e+07
5.497118037156523584e+00 3.935262758562117815e+07
5.502617904668907656e+00 3.251994886864047498e+07
5.508123274799649138e+00 3.927957293329271674e+07
5.513634153054125520e+00 3.614341391691901535e+07
5.519150544943213887e+00 2.049745676093996316e+07
5.524672455983298036e+00 1.746984545895007998e+07
5.530199891696303105e+00 2.514708083612665907e+07
5.535732857609660051e+00 3.453593347917795926e+07
5.541271359256338513e+00 2.753795096326548979e+07
5.546815402174844145e+00 2.304384391618070006e+07
5.552364991909218617e+00 1.996617564341672137e+07
5.557920134009044943e+00 1.364155359205022827e+07
5.563480834029461697e+00 2.486439956465712190e+07
5.569047097531185209e+00 1.511687239352574386e+07
5.574618930080467827e+00 1.707759294819338620e+07
5.580196337249130778e+00 1.028288064256534167e+07
5.585779324614604135e+00 1.777401460628543049e+07
5.591367897759871752e+00 2.802371558284465596e+07
5.596962062273499683e+00 3.483962844947148860e+07
5.602561823749654835e+00 2.195745601721192896e+07
5.608167187788102304e+00 2.885781416563092172e+07
5.613778159994197381e+00 1.640836812349662185e+07
5.619394745978918415e+00 1.970849582637384906e+07
5.625016951358852602e+00 2.823819458843912929e+07
5.630644781756208417e+00 1.879477466876807064e+07
5.636278242798814730e+00 1.797277955193324015e+07
5.641917340120138569e+00 7.802850538994816132e+06
5.647562079359275344e+00 1.227709067960881814e+07
5.653212466160955074e+00 1.808272013718294352e+07
5.658868506175564583e+00 2.377671689176649973e+07
5.664530205059156387e+00 3.104900305335179716e+07
5.670197568473430039e+00 2.678219378660410270e+07
5.675870602085741901e+00 1.178672174368271418e+07
5.681549311569130012e+00 2.642831563894320652e+07
5.687233702602297214e+00 2.343152638035162166e+07
5.692923780869640460e+00 1.630399369793231040e+07
5.698619552061241045e+00 3.109824174814724177e+07
5.704321021872854836e+00 2.496695939942204580e+07
5.710028196005964674e+00 1.241135157582291216e+07
5.715741080167752841e+00 1.511035014409196004e+07
5.721459680071105502e+00 1.128561870315089077e+07
5.727184001434619809e+00 1.722209909521184489e+07
5.732914049982608340e+00 1.830055324515920505e+07
5.738649831445122196e+00 1.807889843244898692e+07
5.744391351557942116e+00 1.604471642592542060e+07
5.750138616062591801e+00 1.290727968214964867e+07
5.755891630706342355e+00 1.986799324596551061e+07
5.761650401242202513e+00 1.467274713413462043e+07
5.767414933428949730e+00 6.998939619353791699e+06
5.773185233031118635e+00 1.815696389259169996e+07
5.778961305818993921e+00 1.533478052599461190e+07
5.784743157568644101e+00 2.831781503361146152e+07
5.790530794061934827e+00 3.381684886969852448e+07
5.796324221086497808e+00 3.451037254616492987e+07
5.802123444435760113e+00 2.193035478799460083e+07
5.807928469908951286e+00 2.694377365353052318e+07
5.813739303311101558e+00 2.199656039370724559e+07
5.819555950453048077e+00 8.315559892660513520e+06
5.825378417151428678e+00 1.250463127730598301e+07
5.831206709228702323e+00 1.152293315048563667e+07
5.837040832513173072e+00 1.948315730201034993e+07
5.842880792838964332e+00 2.710773439192565531e+07
5.848726596046033066e+00 2.079567111657291278e+07
5.854578247980187555e+00 2.320505728102684766e+07
5.860435754493076743e+00 1.090131630205120519e+07
5.866299121442202669e+00 1.344993662395819649e+07
5.872168354690941783e+00 1.901605029859751463e+07
5.878043460108523632e+00 9.194973112686827779e+06
5.883924443570054841e+00 7.855320309265062213e+06
5.889811310956534207e+00 1.471490865404341370e+07
5.895704068154810074e+00 7.861065870893918909e+06
5.901602721057636280e+00 1.732699517719849944e+07
5.907507275563671278e+00 2.451854558441960439e+07
5.913417737577481681e+00 2.347805604233915359e+07
5.919334113009534271e+00 1.902974718391632661e+07
5.925256407776182677e+00 1.832020083354562894e+07
5.931184627799722442e+00 1.519454799671032466e+07
5.937118779008376812e+00 6.562138793980633840e+06
5.943058867336306506e+00 1.357305895208322257e+07
5.949004898723619483e+00 1.903519896478895470e+07
5.954956879116324764e+00 1.835040510881078616e+07
5.960914814466400813e+00 2.568802450913381204e+07
5.966878710731783109e+00 1.295185522556222975e+07
5.972848573876380129e+00 1.791379319090214744e+07
5.978824409870049372e+00 2.096589958480584621e+07
5.984806224688616894e+00 1.462439468852061965e+07
5.990794024313907506e+00 9.919736123550355434e+06
5.996787814733729682e+00 2.053928006911567599e+07
6.002787601941870221e+00 2.658389153215651959e+07
6.008793391938101358e+00 2.483186511954016611e+07
6.014805190728216289e+00 1.244844735337670892e+07
6.020823004324017624e+00 2.526863440942543745e+07
6.026846838743329826e+00 3.173242415212974697e+07
6.032876700009986770e+00 2.601319530471406505e+07
6.038912594153839741e+00 1.909825103731820732e+07
6.044954527210790296e+00 9.046229794922567904e+06
6.051002505222769834e+00 5.084742697315713391e+06
6.057056534237768020e+00 1.806308755880434066e+07
6.063116620309810578e+00 1.971691206043200567e+07
6.069182769498975283e+00 1.034602266564296000e+07
6.075254987871399948e+00 1.076162691504918411e+07
6.081333281499318844e+00 2.137318433980022371e+07
6.087417656461035165e+00 2.677445462119446322e+07
6.093508118840904153e+00 2.892246363221011683e+07
6.099604674729399711e+00 2.645528791345713288e+07
6.105707330223097529e+00 1.527969315085377172e+07
6.111816091424631558e+00 1.187130322630556300e+07
6.117930964442756192e+00 1.359626980891779810e+07
6.124051955392354252e+00 2.524313640728720278e+07
6.130179070394424556e+00 3.442135379356207699e+07
6.136312315576075704e+00 3.304174607533964887e+07
6.142451697070548278e+00 1.645552288789095357e+07
6.148597221017229053e+00 2.550488813000962883e+07
6.154748893561648337e+00 2.424001806058678776e+07
6.160906720855489738e+00 1.181213782549479976e+07
6.167070709056560851e+00 2.299623124822643772e+07
6.173240864328839450e+00 2.899853099837832898e+07
6.179417192842489470e+00 2.327026579324202240e+07
6.185599700773853904e+00 9.512418574231190607e+06
6.191788394305445031e+00 2.407401304897900671e+07
6.197983279625935538e+00 3.379118774508395791e+07
6.204184362930218910e+00 3.958464326948869973e+07
6.210391650419379239e+00 2.599877196361246333e+07
6.216605148300705430e+00 3.340522528543414921e+07
6.222824862787705413e+00 2.700381521323667094e+07
6.229050800100091045e+00 4.752812646236355603e+07
6.235282966463794985e+00 3.393096323850304633e+07
6.241521368110988455e+00 3.467779376909221709e+07
6.247766011280059040e+00 3.935912231231292337e+07
6.254016902215655982e+00 4.472481764445121586e+07
6.260274047168675082e+00 4.769557810673236102e+07
6.266537452396248042e+00 3.650689563975973427e+07
6.272807124161805525e+00 3.272635219505499303e+07
6.279083068735027418e+00 4.588686746425296366e+07
6.285365292391835723e+00 4.022522368657641858e+07
6.291653801414451408e+00 3.665063117464780062e+07
6.297948602091395287e+00 4.469101770339236408e+07
6.304249700717476479e+00 4.820087056038074940e+07
6.310557103593776418e+00 4.968160179609434307e+07
6.316870817027704810e+00 4.372628001661182940e+07
6.323190847332971209e+00 4.439799587754835933e+07
6.329517200829613444e+00 3.810555869618000835e+07
6.335849883843987840e+00 2.689519448068549111e+07
6.342188902708793208e+00 1.138081723738563992e+07
6.348534263763021990e+00 1.883050280882181600e+07
6.354885973352024209e+00 2.986746263947559148e+07
6.361244037827538556e+00 3.223043689337019250e+07
6.367608463547619557e+00 1.856585460275568813e+07
6.373979256876696198e+00 1.692871319210792333e+07
6.380356424185563924e+00 3.156770851886624470e+07
6.386739971851379316e+00 2.451574923188206181e+07
6.393129906257697392e+00 2.237492850144928321e+07
6.399526233794450292e+00 2.829098156490784138e+07
6.405928960857968590e+00 1.735516221972662210e+07
6.412338093850992848e+00 9.888787730021603405e+06
6.418753639182643411e+00 7.770741849378072657e+06
6.425175603268465707e+00 1.988690494091095403e+07
6.431603992530422254e+00 1.633693138420910016e+07
6.438038813396905979e+00 2.311703116362700611e+07
6.444480072302737561e+00 3.108493216155358031e+07
6.450927775689183186e+00 1.888388242915779725e+07
6.457381930003953663e+00 2.803998344710618258e+07
6.463842541701190214e+00 3.095023889598675817e+07
6.470309617241494671e+00 1.476505330322958529e+07
6.476783163091949902e+00 1.721142008591461927e+07
6.483263185726116262e+00 1.093631669406387396e+07
6.489749691624008499e+00 1.034863720561207831e+07
6.496242687272122396e+00 8.231484029740367085e+06
6.502742179163471192e+00 1.345651545215652883e+07
6.509248173797545611e+00 1.783517751663869992e+07
6.515760677680336066e+00 1.628070538963789865e+07
6.522279697324338876e+00 1.434297074293046631e+07
6.528805239248586467e+00 2.344475029743882641e+07
6.535337309978613618e+00 3.082478688912251964e+07
6.541875916046493877e+00 2.220333096944962442e+07
6.548421063990831570e+00 2.240907227821169049e+07
6.554972760356781336e+00 1.429732701053508744e+07
6.561531011696033922e+00 2.288397193810415268e+07
6.568095824566834828e+00 1.480190848755091988e+07
6.574667205534010073e+00 1.226446501927410252e+07
6.581245161168945756e+00 1.884654905763471499e+07
6.587829698049589844e+00 1.747484556421597302e+07
6.594420822760478806e+00 1.697631032158706337e+07
6.601018541892748281e+00 1.944876492276847735e+07
6.607622862044109979e+00 3.012555924917336181e+07
6.614233789818874776e+00 2.133981701314323395e+07
6.620851331827975805e+00 1.918209304872826487e+07
6.627475494688961355e+00 1.398503893094963022e+07
6.634106285025993976e+00 1.084501455199706741e+07
6.640743709469855816e+00 1.065016812758407183e+07
6.647387774657984139e+00 1.601882442942170054e+07
6.654038487234453569e+00 2.761494880321187526e+07
6.660695853849973425e+00 2.654722941532942280e+07
6.667359881161896595e+00 2.014404705138498172e+07
6.674030575834250634e+00 1.322412156742581166e+07
6.680707944537742193e+00 1.724260349240264297e+07
6.687391993949728608e+00 2.036830247615284845e+07
6.694082730754263189e+00 1.874321846253357455e+07
6.700780161642089006e+00 2.355094549149205536e+07
6.707484293310628232e+00 1.716684177021224797e+07
6.714195132464016780e+00 1.492655618912142701e+07
6.720912685813111409e+00 1.640552456485511549e+07
6.727636960075451533e+00 2.016928478745914996e+07
6.734367961975309846e+00 3.184461431666309759e+07
6.741105698243684330e+00 2.577604534245396033e+07
6.747850175618314239e+00 1.339112706045562960e+07
6.754601400843687209e+00 2.572787182722789422e+07
6.761359380671025932e+00 3.297416413295660168e+07
6.768124121858305919e+00 2.337354176293414086e+07
6.774895631170272381e+00 1.376555338228755072e+07
6.781673915378439332e+00 2.178960160201575607e+07
6.788458981261083380e+00 1.093403619257245027e+07
6.795250835603268591e+00 1.433543087104540877e+07
6.802049485196855372e+00 2.632048023296145350e+07
6.808854936840480043e+00 1.997858744887565076e+07
6.815667197339611683e+00 3.263839879247476161e+07
6.822486273506513932e+00 1.790896883929413930e+07
6.829312172160262762e+00 1.647541164918883704e+07
6.836144900126752688e+00 2.183983824176792800e+07
6.842984464238715425e+00 3.232490244237398729e+07
6.849830871335718996e+00 2.147070158530649915e+07
6.856684128264157962e+00 1.163205909144604765e+07
6.863544241877307606e+00 1.190442591313438490e+07
6.870411219035266193e+00 2.044657277357222885e+07
6.877285066604999386e+00 2.869841385975772515e+07
6.884165791460373107e+00 2.060255478726032749e+07
6.891053400482104685e+00 4.152412822427963465e+07
6.897947900557811707e+00 3.517144950754229724e+07
6.904849298582002248e+00 1.988061303471770138e+07
6.911757601456057998e+00 2.426906895768453553e+07
6.918672816088298205e+00 4.255517196085447073e+07
6.925594949393933497e+00 3.459168736282100528e+07
6.932524008295088969e+00 4.663886757973587513e+07
6.939459999720836159e+00 3.361982925429841876e+07
6.946402930607153969e+00 3.884515691527515650e+07
6.953352807896971299e+00 3.515381214250003546e+07
6.960309638540181254e+00 1.648666591748193651e+07
6.967273429493618941e+00 2.909060407042081654e+07
6.974244187721073907e+00 3.126665726454742998e+07
6.981221920193293684e+00 3.833615913123806566e+07
6.988206633888011332e+00 3.842191300116813183e+07
6.995198335789934774e+00 2.819482886567799374e+07
7.002197032890780548e+00 4.500676140753582120e+07
7.009202732189245388e+00 4.606172311723660678e+07
7.016215440691027538e+00 3.601644187469854951e+07
7.023235165408840075e+00 2.526181804586925358e+07
7.030261913362399362e+00 5.028009240076311678e+07
7.037295691578454360e+00 4.436294637454834580e+07
7.044336507090792843e+00 1.948861781863804534e+07
7.051384366940223636e+00 2.974092728748855740e+07
7.058439278174613030e+00 3.847830393603690714e+07
7.065501247848868793e+00 5.369827952308076620e+07
7.072570283024954385e+00 6.163684825260537863e+07
7.079646390771910269e+00 4.162591011786857992e+07
7.086729578165847698e+00 4.451065328813324124e+07
7.093819852289949601e+00 5.090777898414198309e+07
7.100917220234500782e+00 5.857262843153866380e+07
7.108021689096868378e+00 5.302971297499654442e+07
7.115133265981508082e+00 3.183285678677208722e+07
7.122251958000004990e+00 3.935271550246942043e+07
7.129377772271054070e+00 5.617943998900549114e+07
7.136510715920461934e+00 4.798130958757278323e+07
7.143650796081180587e+00 3.223070166084751859e+07
7.150798019893290558e+00 3.227596162371914461e+07
7.157952394504015103e+00 3.661175142069199681e+07
7.165113927067729094e+00 3.066177255195889622e+07
7.172282624745966118e+00 2.998100046569802240e+07
7.179458494707433580e+00 5.532624026400543749e+07
7.186641544127991388e+00 5.795842730879313499e+07
7.193831780190692804e+00 5.429260678288315982e+07
7.201029210085776455e+00 5.110202368600948900e+07
7.208233841010668996e+00 3.321430380296160281e+07
7.215445680170001985e+00 4.795352257455195487e+07
7.222664734775614548e+00 7.450853857913050056e+07
7.229891012046562260e+00 6.824775481189043820e+07
7.237124519209114482e+00 5.728761102999769896e+07
7.244365263496786334e+00 6.287368822110067308e+07
7.251613252150332478e+00 2.734935873411635309e+07
7.258868492417732021e+00 3.402990172562948614e+07
7.266130991554229368e+00 5.247839618931546062e+07
7.273400756822333335e+00 3.339954256160336733e+07
7.280677795491791393e+00 2.585960758504009619e+07
7.287962114839658945e+00 6.177615862230660021e+07
7.295253722150257580e+00 5.730050678655907512e+07
7.302552624715170637e+00 3.686012623120275140e+07
7.309858829833316030e+00 3.394392289889357984e+07
7.317172344810906282e+00 5.749247916123516113e+07
7.324493176961444973e+00 4.375762390935247391e+07
7.331821333605770263e+00 3.179805185789242387e+07
7.339156822072049557e+00 3.148584408120897785e+07
7.346499649695761747e+00 2.647633468281975016e+07
7.353849823819730069e+00 3.367053473255841434e+07
7.361207351794133658e+00 3.748635695735649765e+07
7.368572240976500431e+00 4.510005838514524698e+07
7.375944498731713317e+00 1.447115570866754465e+07
7.383324132432038667e+00 4.292270890476323664e+07
7.390711149457120932e+00 2.748576289023799077e+07
7.398105557193965787e+00 2.090335413397939131e+07
7.405507363036982760e+00 4.784796038402666897e+07
7.412916574387977242e+00 4.711070881089212000e+07
7.420333198656157592e+00 1.461365895795085095e+07
7.427757243258164443e+00 2.034418007945259288e+07
7.435188715618025412e+00 5.555964527012427151e+07
7.442627623167226147e+00 3.320827701415731013e+07
7.450073973344676581e+00 9.450912613945247605e+06
7.457527773596703824e+00 3.035513523716735467e+07
7.464989031377126771e+00 3.986679669877873361e+07
7.472457754147218800e+00 2.285504239227322489e+07
7.479933949375681124e+00 1.631666639386495203e+07
7.487417624538714733e+00 5.733803949498482794e+07
7.494908787120000859e+00 5.580830227455852181e+07
7.502407444610704523e+00 1.725568374773996696e+07
7.509913604509470098e+00 3.209414935777552053e+07
7.517427274322463049e+00 6.057149310598739237e+07
7.524948461563358393e+00 6.410005848077441752e+07
7.532477173753336253e+00 1.743520044990904629e+07
7.540013418421120939e+00 4.579428437220247835e+07
7.547557203102952528e+00 6.900422519724069536e+07
7.555108535342625053e+00 6.548401637801538408e+07
7.562667422691464303e+00 2.533945666785233095e+07
7.570233872708334033e+00 6.698151050572255999e+07
7.577807892959705249e+00 5.685079754943157732e+07
7.585389491019602026e+00 6.916828844682309031e+07
7.592978674469621048e+00 3.280841862078514323e+07
7.600575450898948482e+00 8.607259053542152047e+07
7.608179827904360870e+00 8.175684194490535557e+07
7.615791813090228679e+00 6.406746709225656092e+07
7.623411414068545611e+00 3.897402488676621765e+07
7.631038638458921497e+00 8.422079450645087659e+07
7.638673493888578747e+00 8.268950811042232811e+07
7.646315987992360341e+00 5.240276924922976643e+07
7.653966128412754699e+00 1.472984891433757544e+07
7.661623922799913444e+00 8.729069524431625381e+06
7.669289378811644298e+00 8.025259013949685730e+06
7.676962504113392427e+00 1.104363815085110441e+07
7.684643306378275973e+00 1.822269928439405188e+07
7.692331793287112696e+00 1.399844808902942576e+07
7.700027972528378228e+00 3.269349091824823618e+07
7.707731851798260259e+00 2.672280090393814445e+07
7.715443438800645204e+00 4.090767725191006809e+07
7.723162741247111995e+00 1.614701852596685663e+07
7.730889766856956058e+00 3.545707741891052574e+07
7.738624523357209739e+00 4.248800391400106251e+07
7.746367018482623656e+00 6.547198717663106322e+07
7.754117259975699561e+00 4.010752441826007515e+07
7.761875255586685896e+00 1.330604300707849301e+07
7.769641013073576907e+00 4.097905056789596379e+07
7.777414540202122417e+00 8.046235103543421626e+07
7.785195844745862459e+00 6.671894942725296319e+07
7.792984934486088200e+00 1.300332879762952402e+07
7.800781817211894342e+00 2.623448538383280113e+07
7.808586500720170243e+00 5.969896611980659515e+07
7.816398992815588365e+00 8.380208311865659058e+07
7.824219301310663788e+00 6.136390736900909245e+07
7.832047434025690258e+00 2.866542689264992252e+07
7.839883398788800584e+00 2.929564897546764091e+07
7.847727203435961307e+00 6.957071265679842234e+07
7.855578855810978034e+00 9.112254130354407430e+07
7.863438363765501649e+00 3.010467938163261488e+07
7.871305735159038086e+00 3.483434506016660482e+07
7.879180977858965207e+00 3.278797625601024181e+07
7.887064099740538126e+00 2.213940946771337464e+07
7.894955108686875889e+00 7.312245822889786959e+07
7.902854012588970356e+00 3.391052711508801579e+07
7.910760819345729722e+00 6.348750317807999998e+07
7.918675536863970521e+00 3.127690230815901235e+07
7.926598173058410524e+00 3.492191229048214853e+07
7.934528735851682946e+00 2.822664505138595030e+07
7.942467233174356878e+00 5.302162882841155678e+07
7.950413672964919520e+00 1.089493654952733964e+08
7.958368063169806383e+00 6.321355080547297001e+07
7.966330411743424378e+00 6.505395421797090769e+07
7.974300726648118065e+00 4.422287099563688040e+07
7.982279015854214066e+00 7.119241406236281991e+07
7.990265287339989975e+00 1.034312256965598464e+08
7.998259549091704557e+00 7.798344255763296783e+07
8.006261809103635940e+00 8.547043795353490114e+07
8.014272075378054083e+00 4.178091505795799941e+07
8.022290355925221661e+00 5.995607270388429612e+07
8.030316658763410942e+00 4.464622888493046165e+07
8.038350991918917998e+00 8.803876578272917867e+07
8.046393363426080469e+00 5.577832290350706875e+07
8.054443781327282892e+00 5.575663252004425228e+07
8.062502253672942487e+00 9.116729180700801313e+07
8.070568788521519821e+00 8.720590341243700683e+07
8.078643393939561435e+00 6.274531221642218530e+07
8.086726078001667872e+00 4.749335668105307221e+07
8.094816848790527430e+00 1.074584261269969642e+08
8.102915714396893065e+00 1.262467460151252598e+08
8.111022682919651672e+00 1.094068077953315228e+08
8.119137762465774344e+00 1.577706916884170175e+08
8.127260961150341245e+00 8.427677603517329693e+07
8.135392287096552266e+00 5.774022337718847394e+07
8.143531748435727025e+00 1.303550979379971474e+08
8.151679353307327958e+00 1.403331090512425005e+08
8.159835109858954993e+00 8.641188160978065431e+07
8.167999026246373973e+00 1.199972954891682416e+08
8.176171110633504213e+00 7.953346311138045788e+07
8.184351371192425617e+00 9.763612128913058341e+07
8.192539816103396433e+00 8.774473159882651269e+07
8.200736453554856809e+00 1.121068690063527077e+08
8.208941291743464319e+00 9.256812880313715339e+07
8.217154338874046005e+00 1.132548020913545787e+08
8.225375603159649884e+00 1.241707600108855218e+08
8.233605092821548510e+00 1.670246574766344130e+08
8.241842816089222978e+00 1.632105227505252361e+08
8.250088781200394905e+00 9.763181785564713180e+07
8.258342996401033531e+00 9.763491944165407121e+07
8.266605469945350393e+00 1.092012400093351454e+08
8.274876210095818863e+00 1.729509245696682036e+08
8.283155225123197241e+00 1.719764015140796900e+08
8.291442523306500334e+00 1.824483217277668417e+08
8.299738112933010115e+00 1.849732572181885242e+08
8.308042002298329010e+00 1.171120334702706039e+08
8.316354199706326611e+00 1.307762723678921461e+08
8.324674713469219611e+00 1.116588454766000211e+08
8.333003551907516737e+00 1.642716070348188579e+08
8.341340723350057829e+00 1.460473014251269698e+08
8.349686236134026274e+00 1.513216574531516433e+08
8.358040098604922363e+00 1.434661361060369611e+08
8.366402319116609476e+00 1.790082724373154044e+08
8.374772906031305197e+00 1.929970168020946980e+08
8.383151867719606187e+00 1.721133098551169932e+08
8.391539212560473970e+00 1.413742713889090717e+08
8.399934948941243817e+00 1.283448690619602650e+08
8.408339085257667378e+00 1.601033826867154241e+08
8.416751629913893140e+00 1.793433800878764391e+08
8.425172591322457549e+00 1.453637389715196192e+08
8.433601977904316982e+00 1.678402114984899163e+08
8.442039798088842417e+00 1.706331013507666588e+08
8.450486060313872727e+00 1.993275113934667706e+08
8.458940773025680926e+00 1.671528186194114685e+08
8.467403944678963512e+00 1.544792619832705259e+08
8.475875583736875996e+00 1.866262945699612498e+08
8.484355698671075530e+00 2.090525969353684485e+08
8.492844297961685385e+00 1.757883175226568878e+08
8.501341390097307382e+00 1.973179080520379543e+08
8.509846983575016566e+00 1.698014954815227091e+08
8.518361086900416268e+00 1.460168544027019739e+08
8.526883708587609689e+00 1.799943861573786438e+08
8.535414857159230095e+00 1.921908125103219450e+08
8.543954541146415949e+00 1.586754710991976261e+08
8.552502769088842882e+00 1.889002326112635434e+08
8.561059549534769886e+00 2.026998343941742182e+08
8.569624891040954040e+00 1.954206252074431777e+08
8.578198802172744664e+00 1.669295051718306839e+08
8.586781291504054892e+00 1.756135473473375738e+08
8.595372367617367004e+00 2.218575865783468783e+08
8.603972039103767955e+00 2.157878245693655908e+08
8.612580314562926276e+00 1.943782625313139856e+08
8.621197202603104515e+00 1.781398857361869216e+08
8.629822711841203642e+00 2.091614078926585615e+08
8.638456850902732853e+00 2.239523541410976648e+08
8.647099628421834439e+00 2.258332811445160806e+08
8.655751053041287335e+00 2.138547134372211099e+08
8.664411133412508903e+00 1.993467972452643216e+08
8.673079878195581571e+00 1.823536027901633084e+08
8.681757296059268825e+00 1.858469723047034740e+08
8.690443395680977900e+00 1.915990008488678336e+08
8.699138185746802421e+00 1.820332150523395836e+08
8.707841674951529498e+00 2.033351536305873692e+08
8.716553871998655723e+00 2.127423463577152193e+08
8.725274785600383609e+00 2.251207709337046742e+08
8.734004424477626927e+00 2.279170840870168209e+08
8.742742797360028462e+00 2.257707988848882914e+08
8.751489912985945807e+00 2.148826158946571648e+08
8.760245780102499324e+00 2.132924228908172846e+08
8.769010407465557932e+00 2.237206878701188266e+08
8.777783803839753318e+00 2.124441272363042831e+08
8.786565977998490595e+00 2.090186859793667793e+08
8.795356938723937645e+00 1.685605240149490833e+08
8.804156694807060646e+00 1.617145193619757295e+08
8.812965255047608082e+00 2.045553996774752438e+08
8.821782628254135616e+00 2.245013060156932473e+08
8.830608823244022076e+00 2.306918057877032757e+08
8.839443848843473006e+00 2.282683848103037775e+08
8.848287713887497574e+00 2.227149038278182447e+08
8.857140427219976075e+00 2.219566459572743177e+08
8.866001997693627956e+00 2.317795263942936063e+08
8.874872434170020696e+00 2.270164158826040328e+08
8.883751745519582244e+00 2.240595810693159699e+08
8.892639940621625882e+00 2.293081691438238621e+08
8.901537028364346682e+00 2.043380405080263913e+08
8.910443017644842811e+00 2.281757467731962502e+08
8.919357917369106659e+00 1.619038433656835854e+08
8.928281736452028383e+00 2.181825035157524049e+08
8.937214483817424338e+00 2.288435058682737052e+08
8.946156168398053055e+00 2.200977897149913907e+08
8.955106799135602813e+00 2.279625168795278966e+08
8.964066384980702296e+00 2.319925713701393604e+08
8.973034934892920589e+00 2.295583747275060713e+08
8.982012457840815145e+00 2.314462052243620157e+08
8.990998962801914018e+00 2.239164984829677939e+08
8.999994458762728300e+00 1.999183301962900162e+08
9.008998954718750340e+00 2.212416279105779231e+08
9.018012459674482173e+00 2.302183772491520941e+08
9.027034982643428407e+00 2.162924473058073521e+08
9.036066532648110439e+00 1.985961129536452293e+08
9.045107118720064676e+00 2.167434355957219005e+08
9.054156749899895829e+00 2.187289055526599884e+08
9.063215435237234274e+00 2.318507840681196749e+08
9.072283183790759153e+00 2.279627489367138147e+08
9.081360004628230342e+00 2.080497460265844762e+08
9.090445906826463585e+00 2.108823126682053208e+08
9.099540899471353583e+00 2.272975421755505502e+08
9.108644991657907752e+00 2.313316290708007812e+08
9.117758192490214242e+00 2.323560715900860727e+08
9.126880511081456149e+00 2.270823245216506124e+08
9.136011956553980795e+00 2.252883597908579707e+08
9.145152538039223344e+00 2.254518416763993204e+08
9.154302264677752987e+00 2.212831680192627609e+08
9.163461145619306691e+00 2.009520211537306309e+08
9.172629190022773216e+00 2.215583345157395303e+08
9.181806407056209096e+00 2.190056845292845666e+08
9.190992805896815554e+00 2.121052469209046364e+08
9.200188395730981128e+00 2.231658846730917990e+08
9.209393185754311872e+00 2.159150696858866513e+08
9.218607185171599383e+00 2.200328330224619210e+08
9.227830403196843889e+00 2.194488519554921687e+08
9.237062849053257807e+00 2.217597820127789676e+08
9.246304531973295937e+00 2.138682815360738635e+08
9.255555461198628819e+00 2.265482316063303947e+08
9.264815645980180037e+00 2.192877335561378300e+08
9.274085095578147531e+00 2.181472803749289513e+08
9.283363819261991168e+00 2.163307870602823496e+08
9.292651826310423857e+00 2.130554586473186016e+08
9.301949126011466618e+00 2.155083956483849585e+08
9.311255727662413051e+00 2.068260090912851095e+08
9.320571640569852434e+00 2.088840354438779950e+08
9.329896874049707023e+00 2.142699734468005300e+08
9.339231437427212512e+00 2.217982478062287271e+08
9.348575340036930470e+00 2.315568783529301286e+08
9.357928591222769654e+00 2.231279853602321446e+08
9.367291200337987789e+00 2.209117420733071864e+08
9.376663176745186234e+00 1.936349631652290523e+08
9.386044529816329529e+00 2.250616863615264595e+08
9.395435268932773809e+00 2.263747530801248550e+08
9.404835403485281020e+00 2.307015307617165744e+08
9.414244942873983391e+00 2.162735671231423318e+08
9.423663896508406523e+00 2.267000587711822689e+08
9.433092273807510253e+00 2.127801532721466720e+08
9.442530084199674434e+00 2.162202717679520249e+08
9.451977337122700717e+00 2.281108876767038107e+08
9.461434042023851632e+00 2.172053773648094833e+08
9.470900208359843475e+00 2.098878180003147125e+08
9.480375845596832107e+00 2.305343232408482432e+08
9.489860963210444922e+00 2.195674740376250744e+08
9.499355570685795058e+00 2.218773078699411750e+08
9.508859677517522258e+00 2.190594289389622509e+08
9.518373293209727137e+00 2.145989170598252118e+08
9.527896427276015601e+00 2.217273441157031655e+08
9.537429089239532587e+00 2.172768905797891915e+08
9.546971288632937203e+00 2.306236576075338125e+08
9.556523034998413380e+00 2.216642606981617510e+08
9.566084337887714284e+00 2.206173029856634736e+08
9.575655206862155211e+00 2.311185003488156497e+08
9.585235651492601150e+00 2.212633126291164160e+08
9.594825681359491654e+00 2.231631588070580661e+08
9.604425306052856826e+00 2.199499576730996668e+08
9.614034535172327978e+00 2.296826586053728163e+08
9.623653378327144736e+00 2.114450688558980525e+08
9.633281845136142607e+00 2.287425497225594223e+08
9.642919945227788503e+00 2.238898394858645797e+08
9.652567688240175414e+00 2.285957979064339399e+08
9.662225083821059712e+00 2.273338173148683012e+08
9.671892141627827399e+00 2.253389368808179796e+08
9.681568871327542070e+00 2.279128814954698086e+08
9.691255282596946685e+00 2.223790658556786776e+08
9.700951385122440485e+00 2.262077335255187154e+08
9.710657188600118062e+00 2.113626566767250597e+08
9.720372702735790682e+00 2.176175121411643028e+08
9.730097937244991613e+00 2.249473403895543814e+08
9.739832901852937042e+00 2.319708636721281409e+08
9.749577606294584697e+00 2.280919827340050638e+08
9.759332060314648061e+00 2.311934066069503725e+08
9.769096273667583930e+00 2.267162186457238793e+08
9.778870256117615511e+00 2.323092471587743759e+08
9.788654017438732424e+00 2.296287627626698613e+08
9.798447567414664050e+00 2.302118652708678246e+08
9.808250915838973683e+00 2.292523376933610737e+08
9.818064072515031881e+00 2.274481282856174409e+08
9.827887047255972064e+00 2.151135551213079691e+08
9.837719849884754453e+00 2.290799488444248736e+08
9.847562490234214039e+00 2.317095254258098006e+08
9.857414978147000184e+00 2.146387923290169835e+08
9.867277323475576623e+00 2.312901055315139890e+08
9.877149536082288961e+00 2.306557074726755321e+08
9.887031625839359350e+00 2.289045757253724933e+08
9.896923602628888261e+00 2.146658108755138814e+08
9.906825476342849157e+00 2.306906739587696195e+08
9.916737256883115137e+00 2.311356331417838633e+08
9.926658954161467818e+00 2.278628893014929891e+08
9.936590578099599114e+00 2.318752088643230200e+08
9.946532138629125441e+00 2.316404112825245261e+08
9.956483645691628581e+00 2.278068588681018651e+08
9.966445109238607714e+00 2.246984308372556567e+08
9.976416539231488301e+00 2.316705709797496200e+08
9.986397945641751761e+00 2.299111901918332577e+08
9.996389338450816453e+00 2.254427572181395888e+08
1.000639072765004123e+01 2.297542153813491762e+08
1.001640212324083024e+01 2.256433310896758735e+08
1.002642353523456720e+01 2.298180439280953407e+08
1.003645497365266870e+01 2.303282902632771432e+08
1.004649644852658774e+01 2.300455637631498873e+08
1.005654796989779420e+01 2.284414474688945413e+08
1.006660954781781925e+01 2.300017926522281468e+08
1.007668119234822868e+01 2.299452392201316953e+08
1.008676291356065136e+01 2.294771455894278884e+08
1.009685472153683961e+01 2.257256659702105820e+08
1.010695662636857328e+01 2.286920138386942744e+08
1.011706863815775748e+01 2.271311051157272756e+08
1.012719076701644383e+01 2.259318595903034210e+08
1.013732302306676303e+01 2.265912657077887654e+08
1.014746541644093547e+01 2.254121773112164438e+08
1.015761795728136363e+01 2.216534602500535250e+08
1.016778065574060363e+01 2.239680163065192103e+08
1.017795352198134040e+01 2.225792523053974211e+08
1.018813656617644803e+01 2.266345865228364766e+08
1.019832979850896315e+01 2.230477084219978750e+08
1.020853322917211337e+01 2.222571378456762731e+08
1.021874686836936519e+01 2.199864060455540121e+08
1.022897072631432991e+01 2.144468163921939731e+08
1.023920481323086840e+01 2.275790629582458138e+08
1.024944913935308044e+01 2.088731420897675455e+08
1.025970371492529942e+01 2.182901484001876712e+08
1.026996855020209765e+01 2.071932478963382244e+08
1.028024365544828811e+01 2.256400084581137002e+08
1.029052904093896892e+01 2.085745487987646163e+08
1.030082471695954105e+01 2.163024992031297088e+08
1.031113069380570302e+01 2.267030730154232979e+08
1.032144698178340825e+01 2.182684770874170065e+08
1.033177359120896099e+01 2.188341845467171073e+08
1.034211053240895950e+01 2.231821789856173098e+08
1.035245781572035639e+01 2.146691006204145849e+08
1.036281545149045868e+01 2.202337077717314065e+08
1.037318345007685672e+01 2.277639519635264575e+08
1.038356182184754672e+01 2.226584674305185080e+08
1.039395057718094506e+01 2.236037535404473245e+08
1.040434972646577272e+01 2.252853848619001508e+08
1.041475928010119567e+01 2.236699616456064880e+08
1.042517924849676270e+01 2.160536988033978939e+08
1.043560964207244091e+01 2.208617808075707257e+08
1.044605047125863351e+01 2.258651909717954993e+08
1.045650174649616382e+01 2.199683908075656593e+08
1.046696347823632323e+01 2.145976538203462660e+08
1.047743567694081790e+01 2.163290556766607165e+08
1.048791835308187714e+01 2.192159227697633803e+08
1.049841151714219301e+01 2.165346887413212657e+08
1.050891517961488475e+01 2.168984274377604723e+08
1.051942935100361431e+01 2.245193205814801455e+08
1.052995404182255434e+01 2.149398869135884047e+08
1.054048926259641661e+01 2.137518728635856807e+08
1.055103502386043246e+01 2.091134891822098792e+08
1.056159133616034929e+01 2.216106744517528713e+08
1.057215821005249445e+01 2.138788846104919612e+08
1.058273565610372025e+01 2.196541627578869462e+08
1.059332368489147136e+01 2.147872263606542051e+08
1.060392230700380445e+01 2.228114778506743014e+08
1.061453153303934371e+01 2.162577230411285460e+08
1.062515137360728978e+01 2.178993041742116809e+08
1.063578183932750854e+01 2.153868967106626332e+08
1.064642294083046359e+01 2.217349908912866712e+08
1.065707468875722519e+01 2.150217581870796382e+08
1.066773709375955193e+01 2.216557705254279673e+08
1.067841016649985519e+01 2.164952598859739602e+08
1.068909391765121519e+01 2.216844602483991086e+08
1.069978835789740934e+01 2.173810680569790304e+08
1.071049349793284122e+01 2.213697867304436266e+08
1.072120934846262230e+01 2.147949726092442572e+08
1.073193592020264830e+01 2.214659495128172934e+08
1.074267322387948376e+01 2.169368280148580670e+08
1.075342127023045435e+01 2.217502857531609535e+08
1.076418007000360966e+01 2.130395879381386340e+08
1.077494963395772487e+01 2.220303014880074561e+08
1.078572997286235946e+01 2.171166194084197283e+08
1.079652109749786604e+01 2.213213937774707377e+08
1.080732301865535838e+01 2.058896235831804872e+08
1.081813574713675052e+01 2.195183686826920509e+08
1.082895929375480470e+01 2.196547749847887456e+08
1.083979366933308341e+01 2.078267629776253104e+08
1.085063888470592630e+01 2.122696617170590460e+08
1.086149495071854787e+01 2.160348566076184213e+08
1.087236187822703393e+01 2.190009519637759030e+08
1.088323967809830783e+01 2.120113884601628780e+08
1.089412836121015538e+01 2.177828777782280743e+08
1.090502793845127272e+01 2.155301154461481869e+08
1.091593842072125575e+01 2.180986863347601593e+08
1.092685981893055747e+01 2.162881871238495409e+08
1.093779214400056965e+01 2.093326092627446055e+08
1.094873540686364244e+01 2.161105007659155726e+08
1.095968961846305412e+01 2.150051386862802207e+08
1.097065478975298625e+01 2.146298400478791893e+08
1.098163093169861249e+01 2.101338710953990519e+08
1.099261805527609326e+01 2.106258028313988149e+08
1.100361617147250470e+01 1.969883171953431666e+08
1.101462529128598611e+01 2.117146331297073960e+08
1.102564542572569728e+01 2.108021969423741698e+08
1.103667658581177058e+01 2.049858645422991812e+08
1.104771878257536777e+01 2.094019382726635039e+08
1.105877202705865159e+01 2.114942348562439084e+08
1.106983633031488701e+01 2.093437628373993337e+08
1.108091170340838083e+01 2.076517013517939448e+08
1.109199815741450301e+01 2.075163884709172845e+08
1.110309570341971686e+01 2.076459759352728426e+08
1.111420435252153993e+01 2.081344984444781542e+08
1.112532411582863290e+01 2.066112945856834948e+08
1.113645500446078351e+01 2.044952754946075678e+08
1.114759702954887644e+01 2.003612431571970582e+08
1.115875020223492164e+01 1.998401529627884328e+08
1.116991453367207754e+01 2.016192559727052748e+08
1.118109003502470777e+01 2.018167156000152230e+08
1.119227671746831376e+01 2.007057899879187942e+08
1.120347459218956310e+01 1.976891250689073801e+08
1.121468367038634106e+01 1.911723455035235584e+08
1.122590396326773821e+01 1.975029649633388519e+08
1.123713548205403256e+01 1.868605486925172508e+08
1.124837823797674297e+01 1.890049952340540588e+08
1.125963224227863257e+01 1.928206267873627543e+08
1.127089750621371778e+01 1.728515108682084382e+08
1.128217404104722554e+01 1.878579431345803440e+08
1.129346185805569291e+01 1.889787354728020132e+08
1.130476096852695456e+01 1.860500385661292970e+08
1.131607138376011612e+01 1.831797544949734211e+08
1.132739311506561641e+01 1.784550193329667151e+08
1.133872617376518122e+01 1.810517062533248961e+08
1.135007057119186236e+01 1.829080803732880950e+08
1.136142631869005903e+01 1.833521808750380874e+08
1.137279342761551248e+01 1.820347506831071377e+08
1.138417190933534684e+01 1.720805020035948753e+08
1.139556177522804603e+01 1.767744973316917717e+08
1.140696303668344669e+01 1.762632713571543097e+08
1.141837570510285005e+01 1.719160527667750418e+08
1.142979979189892958e+01 1.666096041651414335e+08
1.144123530849573278e+01 1.695694088538949490e+08
1.145268226632879305e+01 1.717902581035724282e+08
1.146414067684506044e+01 1.643900686906510293e+08
1.147561055150295850e+01 1.605556794656232297e+08
1.148709190177237893e+01 1.641118432578719556e+08
1.149858473913466561e+01 1.559231142755199075e+08
1.151008907508264123e+01 1.654798957219037116e+08
1.152160492112064460e+01 1.620969397036910951e+08
1.153313228876454133e+01 1.642963604268085659e+08
1.154467118954168825e+01 1.620646515544523597e+08
1.155622163499099919e+01 1.462319159634033442e+08
1.156778363666291476e+01 1.563708259656058550e+08
1.157935720611939345e+01 1.566665781167634130e+08
1.159094235493406444e+01 1.544965372877072394e+08
1.160253909469204991e+01 1.533764473472574949e+08
1.161414743699006635e+01 1.522760948612700999e+08
1.162576739343652221e+01 1.479604852327679992e+08
1.163739897565136694e+01 1.432996051721319854e+08
1.164904219526613538e+01 1.500816181842238605e+08
1.166069706392407035e+01 1.387707042544374168e+08
1.167236359328002493e+01 1.359204752436885536e+08
1.168404179500053175e+01 1.544198794088032544e+08
1.169573168076382252e+01 1.327763606533861160e+08
1.170743326225975878e+01 1.213279404087038189e+08
1.171914655118992599e+01 1.437723085321308374e+08
1.173087155926761760e+01 1.183012611864850670e+08
1.174260829821783325e+01 1.195689065035305172e+08
1.175435677977733384e+01 1.454586358196304142e+08
1.176611701569460777e+01 1.332418637576792240e+08
1.177788901772987806e+01 1.068339406389149874e+08
1.178967279765513254e+01 1.312093894337831885e+08
1.180146836725415938e+01 1.313991198540103585e+08
1.181327573832253641e+01 1.191520667437793911e+08
1.182509492266764717e+01 1.138127171626915932e+08
1.183692593210868438e+01 1.438807459081415236e+08
1.184876877847663401e+01 1.238453462851645797e+08
1.186062347361432678e+01 1.000843607662613094e+08
1.187249002937649855e+01 1.368298534361379147e+08
1.188436845762971572e+01 1.487518922797321081e+08
1.189625877025236811e+01 8.801111242180825770e+07
1.190816097913477911e+01 1.312442810615553707e+08
1.192007509617916661e+01 1.684393374193845093e+08
1.193200113329961809e+01 8.272195764268395305e+07
1.194393910242220258e+01 1.354466240559684038e+08
1.195588901548488714e+01 1.600363226663630605e+08
1.196785088443757417e+01 9.204948369325761497e+07
1.197982472124212805e+01 1.376197524572490156e+08
1.199181053787241602e+01 1.513105922002207637e+08
1.200380834631422822e+01 1.125780367810849994e+08
1.201581815856538427e+01 1.277791036128290296e+08
1.202783998663571730e+01 1.546949336574627459e+08
1.203987384254702775e+01 1.467570046075681746e+08
1.205191973833318109e+01 9.900977936658686399e+07
1.206397768604006693e+01 1.395955421783218384e+08
1.207604769772563813e+01 1.543581917384195924e+08
1.208812978545991257e+01 7.480792394866234064e+07
1.210022396132499090e+01 1.291745813607804477e+08
1.211233023741503700e+01 1.786708845560415089e+08
1.212444862583633132e+01 7.182735830875204504e+07
1.213657913870727256e+01 1.160735115070725083e+08
1.214872178815835468e+01 1.682660871645389795e+08
1.216087658633222013e+01 9.012337992949451506e+07
1.217304354538368472e+01 1.429429654923150539e+08
1.218522267747971277e+01 1.629272879785910547e+08
1.219741399479943134e+01 1.083954781266494095e+08
1.220961750953417990e+01 1.176198515585643351e+08
1.222183323388744647e+01 1.407749873346486390e+08
1.223406118007494747e+01 1.337035073700636625e+08
1.224630136032464556e+01 9.560756809876050055e+07
1.225855378687672292e+01 1.362101026876471937e+08
1.227081847198362219e+01 1.609047295012258589e+08
1.228309542791001974e+01 8.050783194245624542e+07
1.229538466693285770e+01 1.309315528483276814e+08
1.230768620134138125e+01 1.625713625390801728e+08
1.232000004343713506e+01 9.255832616551831365e+07
1.233232620553395975e+01 1.460460190356866121e+08
1.234466469995803273e+01 1.434460470403874516e+08
1.235701553904784689e+01 9.934166294188374281e+07
1.236937873515422659e+01 1.288576692533545643e+08
1.238175430064036320e+01 1.319118575951409787e+08
1.239414224788182928e+01 1.174547444823849350e+08
1.240654258926657327e+01 1.107574874146941602e+08
1.241895533719494793e+01 1.433908698364269137e+08
1.243138050407970141e+01 1.276855567523149997e+08
1.244381810234597729e+01 1.093475255752897114e+08
1.245626814443139274e+01 1.432074549941303134e+08
1.246873064278601007e+01 1.318926702243114412e+08
1.248120560987228522e+01 1.072170716001901478e+08
1.249369305816520281e+01 1.465502028099090755e+08
1.250619300015223345e+01 1.393605546858547628e+08
1.251870544833331600e+01 9.845152043687503040e+07
1.253123041522088243e+01 1.381812864307788312e+08
1.254376791333988095e+01 1.361614054917725623e+08
1.255631795522783989e+01 1.252822626576924324e+08
1.256888055343483224e+01 1.238451082488970906e+08
1.258145572052343297e+01 1.487852129376546443e+08
1.259404346906877592e+01 1.246621315152239054e+08
1.260664381165862302e+01 1.362515816502611637e+08
1.261925676089335191e+01 1.314887960298240781e+08
1.263188232938587952e+01 1.011897909283867329e+08
1.264452052976177043e+01 1.451436524353206456e+08
1.265717137465927955e+01 1.520346808670358360e+08
1.266983487672921349e+01 1.457572443923565447e+08
1.268251104863505674e+01 1.540832744823997021e+08
1.269519990305300539e+01 1.553033654994440675e+08
1.270790145267191740e+01 1.384127163153954446e+08
1.272061571019333925e+01 1.476620518208882213e+08
1.273334268833151661e+01 1.503067968421210349e+08
1.274608239981345470e+01 1.348832172883920074e+08
1.275883485737886680e+01 1.488204478829862177e+08
1.277160007378020090e+01 1.574760318443203270e+08
1.278437806178266989e+01 1.489271800064443350e+08
1.279716883416425510e+01 1.578519620081238747e+08
1.280997240371574897e+01 1.490004843009566665e+08
1.282278878324071059e+01 1.603389527705203891e+08
1.283561798555550659e+01 1.370449924343011379e+08
1.284846002348936622e+01 1.592514395385150015e+08
1.286131490988431381e+01 1.533685282783540785e+08
1.287418265759523628e+01 1.432593882957765162e+08
1.288706327948990271e+01 1.510218436377708912e+08
1.289995678844894478e+01 1.540847810104347467e+08
1.291286319736583721e+01 1.592560505063335896e+08
1.292578251914697951e+01 1.643914697506557703e+08
1.293871476671172793e+01 1.493668098271721900e+08
1.295165995299232620e+01 1.617362303913115561e+08
1.296461809093395523e+01 1.545548526420852840e+08
1.297758919349474738e+01 1.562791887040410638e+08
1.299057327364582903e+01 1.547879972928854823e+08
1.300357034437127801e+01 1.509179226217787564e+08
1.301658041866812354e+01 1.557755857141477168e+08
1.302960350954645996e+01 1.567752404140805304e+08
1.304263963002939519e+01 1.562372993424988687e+08
1.305568879315306674e+01 1.610366870920505822e+08
1.306875101196661504e+01 1.616297733842293322e+08
1.308182629953226872e+01 1.562236432872441113e+08
1.309491466892529665e+01 1.516355243232854605e+08
1.310801613323407544e+01 1.652001692129074335e+08
1.312113070556008587e+01 1.510720233169346452e+08
1.313425839901791292e+01 1.662876049633896947e+08
1.314739922673523687e+01 1.462326238440872431e+08
1.316055320185286348e+01 1.659630345989249647e+08
1.317372033752479865e+01 1.525125419703558683e+08
1.318690064691818620e+01 1.666513609605126083e+08
1.320009414321328833e+01 1.321068178770827502e+08
1.321330083960363133e+01 1.490383112185436785e+08
1.322652074929591492e+01 1.367014948579869866e+08
1.323975388551004784e+01 1.624401660503116250e+08
1.325300026147915844e+01 1.309042689901943505e+08
1.326625989044964449e+01 1.500564075373030305e+08
1.327953278568112516e+01 1.379602975946546197e+08
1.329281896044648903e+01 1.519547830372646451e+08
1.330611842803193312e+01 1.362704614241388440e+08
1.331943120173693274e+01 1.590965433816654384e+08
1.333275729487423966e+01 1.322054489309573621e+08
1.334609672076993725e+01 1.578801473279016614e+08
1.335944949276346172e+01 1.215252343435299098e+08
1.337281562420759862e+01 1.563047890900977850e+08
1.338619512846847215e+01 1.291705138441026658e+08
1.339958801892558071e+01 1.562036674010737836e+08
1.341299430897182177e+01 1.261539454292011410e+08
1.342641401201349538e+01 1.433043895925112367e+08
1.343984714147030957e+01 1.214726838655712903e+08
1.345329371077539982e+01 1.536685899421849549e+08
1.346675373337531489e+01 1.200131969865296185e+08
1.348022722273005236e+01 1.021757491642130762e+08
1.349371419231313141e+01 7.679059994162683189e+07
1.350721465561153423e+01 1.135709502330937088e+08
1.352072862612571136e+01 1.162961270598729551e+08
1.353425611736962608e+01 1.258789535310865939e+08
1.354779714287080061e+01 1.205722951171239763e+08
1.356135171617024326e+01 1.266406811640507579e+08
1.357491985082253727e+01 1.286235415597770512e+08
1.358850156039581769e+01 1.217422838038587868e+08
1.360209685847177141e+01 1.350792170692724586e+08
1.361570575864573662e+01 1.139079629650131017e+08
1.362932827452661932e+01 1.389541225421166122e+08
1.364296441973689866e+01 1.075072300537338406e+08
1.365661420791272107e+01 1.409843281121153235e+08
1.367027765270389139e+01 1.006009624402955025e+08
1.368395476777384623e+01 1.273990635535943061e+08
1.369764556679970546e+01 1.004358462630328089e+08
1.371135006347225982e+01 1.280734434205023497e+08
1.372506827149601527e+01 9.725037421158193052e+07
1.373880020458919660e+01 1.470301726458325386e+08
1.375254587648374383e+01 1.048781276355500668e+08
1.376630530092532290e+01 1.409520519716827869e+08
1.378007849167333632e+01 1.150172917532325983e+08
1.379386546250100665e+01 1.348142880890668631e+08
1.380766622719529657e+01 1.291244946353075653e+08
1.382148079955695330e+01 1.321387966458349824e+08
1.383530919340054588e+01 1.327169410250352919e+08
1.384915142255448472e+01 1.128632195969218761e+08
1.386300750086100031e+01 1.015119082165947258e+08
1.387687744217617691e+01 3.883356602202300727e+07
1.389076126036993308e+01 4.131773401654347032e+07
1.390465896932608914e+01 6.747867836618149281e+07
1.391857058294238314e+01 7.905535251532816887e+07
1.393249611513042652e+01 1.078647802669011950e+08
1.394643557981579285e+01 1.013368236703051180e+08
1.396038899093789354e+01 1.137064030196307302e+08
1.397435636245010393e+01 1.092284963011300415e+08
1.398833770831983081e+01 1.013778767108969688e+08
1.400233304252842537e+01 1.247055775057342649e+08
1.401634237907123293e+01 8.476906774229416251e+07
1.403036573195758763e+01 1.161995462774161845e+08
1.404440311521085327e+01 9.155935014452102780e+07
1.405845454286841267e+01 9.652716123721779883e+07
1.407252002898167476e+01 9.168774760205999017e+07
1.408659958761614028e+01 9.238745030602693558e+07
1.410069323285138765e+01 8.988967768108704686e+07
1.411480097878105155e+01 8.387591423502807319e+07
1.412892283951284611e+01 9.199027206502272189e+07
1.414305882916865897e+01 8.451476179957552254e+07
1.415720896188447142e+01 8.246471368824701011e+07
1.417137325181041696e+01 7.824354872564610839e+07
1.418555171311082397e+01 6.846718108357571065e+07
1.419974435996411799e+01 8.176224241352802515e+07
1.421395120656291056e+01 6.280391579200784117e+07
1.422817226711411465e+01 7.875343470173951983e+07
1.424240755583879192e+01 6.828794062134981155e+07
1.425665708697219713e+01 6.450574255587615073e+07
1.427092087476386340e+01 6.648459695493610948e+07
1.428519893347759151e+01 5.349557175911226869e+07
1.429949127739145354e+01 7.643517818608297408e+07
1.431379792079778213e+01 4.527796817393011600e+07
1.432811887800320072e+01 6.628416917010571808e+07
1.434245416332871059e+01 5.693787367329651862e+07
1.435680379110961091e+01 5.025984551721809059e+07
1.437116777569548276e+01 6.192068117121443152e+07
1.438554613145031702e+01 4.221766944577360898e+07
1.439993887275247175e+01 6.304438154705198109e+07
1.441434601399467219e+01 3.738413638530806452e+07
1.442876756958409423e+01 5.596105691311268508e+07
1.444320355394230226e+01 4.650138423247796297e+07
1.445765398150527048e+01 4.258332130384759605e+07
1.447211886672343439e+01 5.192282418033640832e+07
1.448659822406168018e+01 3.574094304792965949e+07
1.450109206799934469e+01 4.980928774646651000e+07
1.451560041303029891e+01 3.547369031652887911e+07
1.453012327366288048e+01 4.676632348718730360e+07
1.454466066441992744e+01 3.932775127862176299e+07
1.455921259983884752e+01 3.925340051853498071e+07
1.457377909447158437e+01 4.499289461757502705e+07
1.458836016288461934e+01 3.302133770548672602e+07
1.460295581965901945e+01 4.564519958139902353e+07
1.461756607939045161e+01 3.309277918160933629e+07
1.463219095668918968e+01 4.146274892377455533e+07
1.464683046618012519e+01 3.608608269138415158e+07
1.466148462250275486e+01 3.585731436639887840e+07
1.467615344031121793e+01 4.001732425456796587e+07
1.469083693427434589e+01 3.242196384030890465e+07
1.470553511907563937e+01 4.189220188819810003e+07
1.472024800941326284e+01 3.171652877947092429e+07
1.473497562000010674e+01 3.839553825684078038e+07
1.474971796556379466e+01 3.497491934568824619e+07
1.476447506084667616e+01 3.458037490559548140e+07
1.477924692060583922e+01 3.915666752960728109e+07
1.479403355961316180e+01 3.162408514634542912e+07
1.480883499265527448e+01 4.121268903059635311e+07
1.482365123453359068e+01 3.269934005370884761e+07
1.483848230006438307e+01 3.800214200791443884e+07
1.485332820407873911e+01 3.592599564316838980e+07
1.486818896142254509e+01 3.449131130331617594e+07
1.488306458695654122e+01 3.959576690815965086e+07
1.489795509555635178e+01 3.191671630546251312e+07
1.491286050211251180e+01 3.709034187768346816e+07
1.492778082153043151e+01 3.175145268453138694e+07
1.494271606873038927e+01 3.320206313204625621e+07
1.495766625864763810e+01 3.531220861807026714e+07
1.497263140623239330e+01 4.068313302216505259e+07
1.498761152644982886e+01 3.338895084611349925e+07
1.500260663428004371e+01 3.299314011386265978e+07
1.501761674471810615e+01 3.454241870808714628e+07
1.503264187277415687e+01 4.179341694894805551e+07
1.504768203347334321e+01 3.731584959069758654e+07
1.506273724185582452e+01 3.952586739760246873e+07
1.507780751297680233e+01 4.323285062984334677e+07
1.509289286190657009e+01 3.362876743221464753e+07
1.510799330373045635e+01 4.539713353156869113e+07
1.512310885354890289e+01 3.244373264917858690e+07
1.513823952647746296e+01 4.201787480313083529e+07
1.515338533764681372e+01 3.603137524948021024e+07
1.516854630220275624e+01 3.707976513242922723e+07
1.518372243530625454e+01 3.996977272522024810e+07
1.519891375213346763e+01 3.253667819132884219e+07
1.521412026787568195e+01 4.338845155721327662e+07
1.522934199773943043e+01 3.224427093113378808e+07
1.524457895694642851e+01 4.192491066431102157e+07
1.525983116073368073e+01 3.620428853165910393e+07
1.527509862435336885e+01 3.700504797030811757e+07
1.529038136307294238e+01 4.139826827897764742e+07
1.530567939217513640e+01 3.298198734059815481e+07
1.532099272695800884e+01 4.356305682126603276e+07
1.533632138273488899e+01 3.313057769378723204e+07
1.535166537483442539e+01 4.471192922865483910e+07
1.536702471860061792e+01 3.824805344765795022e+07
1.538239942939280347e+01 4.001028920421863347e+07
1.539778952258570932e+01 4.578014948628934473e+07
1.541319501356943356e+01 3.528027017936170101e+07
1.542861591774943264e+01 4.892450872914633900e+07
1.544405225054664044e+01 3.562953306470471621e+07
1.545950402739738649e+01 4.966366092725703120e+07
1.547497126375344756e+01 4.454605682893247157e+07
1.549045397508206356e+01 4.358726690186826885e+07
1.550595217686592875e+01 5.556933539740141481e+07
1.552146588460326093e+01 3.760931247824828327e+07
1.553699511380775711e+01 6.176873047569553554e+07
1.555253988000867871e+01 3.890905908064097166e+07
1.556810019875076989e+01 6.017916877959728241e+07
1.558367608559435347e+01 5.337902506193861365e+07
1.559926755611532379e+01 5.021730776564706117e+07
1.561487462590514674e+01 6.626305505252066255e+07
1.563049731057092373e+01 4.519862364984978735e+07
1.564613562573530814e+01 7.208245196028095484e+07
1.566178958703660662e+01 4.689640655493111908e+07
1.567745921012879506e+01 6.883018793815264106e+07
1.569314451068148308e+01 6.258832616829620302e+07
1.570884550437998328e+01 5.843806607459947467e+07
1.572456220692530415e+01 7.636280492198379338e+07
1.574029463403412876e+01 4.888758559412047267e+07
1.575604280143891245e+01 8.324748333209654689e+07
1.577180672488782243e+01 6.183679551880107820e+07
1.578758642014476088e+01 6.968517214164347947e+07
1.580338190298943246e+01 7.981781599744948745e+07
1.581919318921733897e+01 5.691292666386427730e+07
1.583502029463975269e+01 9.246401028997646272e+07
1.585086323508377326e+01 6.513462718386974186e+07
1.586672202639235074e+01 7.801585402831435204e+07
1.588259668442427319e+01 7.805129316102230549e+07
1.589848722505419154e+01 7.665463048785638809e+07
1.591439366417263379e+01 9.254038360492551327e+07
1.593031601768606009e+01 7.983339813104192913e+07
1.594625430151684498e+01 8.290340638180124760e+07
1.596220853160327735e+01 8.327130701799771190e+07
1.597817872389959071e+01 8.366587076628233492e+07
1.599416489437596667e+01 7.482746731435035169e+07
1.601016705901853143e+01 1.008165379562486559e+08
1.602618523382946947e+01 8.409410143702305853e+07
1.604221943482700397e+01 1.024489369958921522e+08
1.605826967804530980e+01 9.084493943952611089e+07
1.607433597953463433e+01 9.662206752616615593e+07
1.609041835536128318e+01 1.101075207273608744e+08
1.610651682160760245e+01 8.200893674494881928e+07
1.612263139437211734e+01 1.105640631853431612e+08
1.613876208976935800e+01 9.772648157972994447e+07
1.615490892393001587e+01 9.432373162295326591e+07
1.617107191300096147e+01 7.765416473877902329e+07
1.618725107314516620e+01 3.233041349951870367e+07
1.620344642054176632e+01 4.508059047085244954e+07
1.621965797138613041e+01 6.141137143717668205e+07
1.623588574188982747e+01 6.636357460515974462e+07
1.625212974828060197e+01 9.244722139135463536e+07
1.626839000680249114e+01 9.546353613921256363e+07
1.628466653371572548e+01 8.679907133354888856e+07
1.630095934529685664e+01 1.058611691274342835e+08
1.631726845783870772e+01 8.557835509590291977e+07
1.633359388765037323e+01 9.847008321267920732e+07
1.634993565105728308e+01 1.067981151989159286e+08
1.636629376440121675e+01 8.328686865173061192e+07
1.638266824404027489e+01 1.053209235777415037e+08
1.639905910634891484e+01 1.021872191665607840e+08
1.641546636771804657e+01 8.711518486199547350e+07
1.643189004455492608e+01 1.056466307212768644e+08
1.644833015328320514e+01 8.169917364537675679e+07
1.646478671034300234e+01 1.063740963150808960e+08
1.648125973219089246e+01 1.071447246064376533e+08
1.649774923529989934e+01 8.208007637002639472e+07
1.651425523615948521e+01 1.111819659592897594e+08
1.653077775127569637e+01 8.455673684325431287e+07
1.654731679717104242e+01 9.352641158880341053e+07
1.656387239038455306e+01 1.105919439051889330e+08
1.658044454747182783e+01 8.216379327187113464e+07
1.659703328500502195e+01 1.089491520923138112e+08
1.661363861957294219e+01 1.011647678215707242e+08
1.663026056778087991e+01 8.758353222958399355e+07
1.664689914625072475e+01 1.102602678768135756e+08
1.666355437162107833e+01 7.739624426062437892e+07
1.668022626054720448e+01 1.069157916568173915e+08
1.669691482970098306e+01 1.122362106339847445e+08
1.671362009577098107e+01 8.584075269704210758e+07
1.673034207546247387e+01 1.079794040511944145e+08
1.674708078549743107e+01 6.116425387549804896e+07
1.676383624261456973e+01 8.372463773178917170e+07
1.678060846356936153e+01 9.753866184492328763e+07
1.679739746513401144e+01 8.500158066766141355e+07
1.681420326409750388e+01 9.221827837486369908e+07
1.683102587726567378e+01 1.031922316593798995e+08
1.684786532146112137e+01 8.731427462799191475e+07
1.686472161352329380e+01 1.076517308978641778e+08
1.688159477030848521e+01 8.664608005164462328e+07
1.689848480868984737e+01 7.219068520078115165e+07
1.691539174555743941e+01 9.893951128272446990e+07
1.693231559781817452e+01 9.203356312720805407e+07
1.694925638239588395e+01 1.093862710314331502e+08
1.696621411623138798e+01 1.083749176213398874e+08
1.698318881628241783e+01 9.266109761257956922e+07
1.700018049952368671e+01 1.136535975441247374e+08
1.701718918294688265e+01 1.050153662564679980e+08
1.703421488356068281e+01 9.787800316431900859e+07
1.705125761839080667e+01 1.096061054281126857e+08
1.706831740447996992e+01 9.827716005154389143e+07
1.708539425888794483e+01 1.087488633463672549e+08
1.710248819869159220e+01 9.114842727970223129e+07
1.711959924098485786e+01 9.587834292046824098e+07
1.713672740287879037e+01 1.118610678097900003e+08
1.715387270150155175e+01 1.068456030596728027e+08
1.717103515399843872e+01 9.857961797363020480e+07
1.718821477753190763e+01 9.976160983994683623e+07
1.720541158928159575e+01 8.402965019606053829e+07
1.722262560644431417e+01 7.813698190801392496e+07
1.723985684623405490e+01 1.047448392672646642e+08
1.725710532588209745e+01 9.847087554224254191e+07
1.727437106263688449e+01 1.094210246619255096e+08
1.729165407376416042e+01 1.073424698954643160e+08
1.730895437654698199e+01 1.003140259706237465e+08
1.732627198828563309e+01 1.067598150700373352e+08
1.734360692629769218e+01 9.677969973853169382e+07
1.736095920791811054e+01 7.805286092628273368e+07
1.737832885049919440e+01 1.029078187194028944e+08
1.739571587141055886e+01 1.023209602859668583e+08
1.741312028803920597e+01 1.048880677920097560e+08
1.743054211778958518e+01 1.064202939792003930e+08
1.744798137808355420e+01 1.004712743523689955e+08
1.746543808636037198e+01 1.078843956945403367e+08
1.748291226007674126e+01 1.074604798463627398e+08
1.750040391670682638e+01 9.099875392028866708e+07
1.751791307374228168e+01 1.037992933803928345e+08
1.753543974869225153e+01 1.047438034819642901e+08
1.755298395908345199e+01 9.278721508982670307e+07
1.757054572246007496e+01 7.802161707747119665e+07
1.758812505638386270e+01 9.811915703356996179e+07
1.760572197843420028e+01 9.923591134766323864e+07
1.762333650620799119e+01 8.107361777382613719e+07
1.764096865731976393e+01 9.081930954388014972e+07
1.765861844940165071e+01 1.013052525188111812e+08
1.767628590010343714e+01 1.035122481338214427e+08
1.769397102709259428e+01 1.027271728977845907e+08
1.771167384805425016e+01 1.023803029503145069e+08
1.772939438069122886e+01 1.032005601746323854e+08
1.774713264272407542e+01 8.720484526407991350e+07
1.776488865189103805e+01 9.479330195912714303e+07
1.778266242594811430e+01 1.027733497697935551e+08
1.780045398266910084e+01 1.045992775903239697e+08
1.781826333984556499e+01 1.037240056564788669e+08
1.783609051528684830e+01 1.003263258043876290e+08
1.785393552682015539e+01 1.043236454937904030e+08
1.787179839229047218e+01 1.022798485906080008e+08
1.788967912956065831e+01 1.038569182314918190e+08
1.790757775651144357e+01 1.036183673008648902e+08
1.792549429104150249e+01 1.001227190179508328e+08
1.794342875106735136e+01 9.330749850428335369e+07
1.796138115452342987e+01 1.023353495868160725e+08
1.797935151936216158e+01 1.006767735529354960e+08
1.799733986355390414e+01 1.011190928115336299e+08
1.801534620508700968e+01 9.715574316473615170e+07
1.803337056196783905e+01 8.010059706808950007e+07
1.805141295222070497e+01 9.956526079761096835e+07
1.806947339388802121e+01 1.012632249165722877e+08
1.808755190503026711e+01 9.958973449919247627e+07
1.810564850372592005e+01 9.574159775509069860e+07
1.812376320807159047e+01 1.008041158411109596e+08
1.814189603618197211e+01 9.861715162248337269e+07
1.816004700618987755e+01 9.613414795608319342e+07
1.817821613624629862e+01 8.119257594743834436e+07
1.819640344452037084e+01 9.379530779918813705e+07
1.821460894919938411e+01 9.857784669183902442e+07
1.823283266848886086e+01 9.702352565098999441e+07
1.825107462061255248e+01 8.157619574148710072e+07
1.826933482381239671e+01 9.420783425197482109e+07
1.828761329634858512e+01 9.193975348839911819e+07
1.830591005649957737e+01 7.351483071613806486e+07
1.832422512256215796e+01 8.624879675806030631e+07
1.834255851285137595e+01 7.140929626059295237e+07
1.836091024570062658e+01 8.279146669316953421e+07
1.837928033946165485e+01 9.222734931721907854e+07
