# wavelength[um] flux[erg/cm2/s/cm]
4.043958187339406152e+00 nan
4.048004168179851980e+00 1.648043595117534138e+07
4.052054197024798299e+00 1.420310499141005240e+07
4.056108277924278305e+00 9.948067606300994754e+06
4.060166414932374401e+00 1.476230061992528103e+07
4.064228612107225302e+00 1.194227524991626851e+07
4.068294873511027809e+00 1.868823798036397249e+07
4.072365203210039475e+00 1.620427754230279475e+07
4.076439605274588374e+00 1.243039118002252840e+07
4.080518083779084648e+00 8.911742032889261842e+06
4.084600642802003634e+00 2.153050593662795424e+07
4.088687286425909839e+00 1.826913066857870668e+07
4.092778018737446288e+00 1.673754944544653222e+07
4.096872843827346067e+00 1.300484834623277187e+07
4.100971765790424328e+00 1.984704820066376776e+07
4.105074788725600499e+00 2.102157887879555300e+07
4.109181916735913376e+00 2.050960293824296817e+07
4.113293153928490042e+00 9.494263547327216715e+06
4.117408504414562742e+00 1.206418055157144554e+07
4.121527972309475985e+00 2.579598991283290833e+07
4.125651561732701644e+00 1.474390072299320810e+07
4.129779276807835409e+00 2.448657313852632791e+07
4.133911121662587895e+00 2.282662545757886767e+07
4.138047100428805081e+00 2.204463818465224281e+07
4.142187217242470076e+00 2.133057129429896176e+07
4.146331476243699576e+00 1.896870874345172942e+07
4.150479881576749186e+00 1.570511503489527479e+07
4.154632437390031185e+00 1.419311747912921570e+07
4.158789147836096767e+00 1.546894828022548184e+07
4.162950017071651132e+00 1.523781253709726408e+07
4.167115049257566817e+00 1.335096808557750657e+07
4.171284248558879248e+00 1.022417733619072847e+07
4.175457619144791188e+00 7.948120501662379131e+06
4.179635165188675394e+00 5.797209677340281196e+06
4.183816890868071070e+00 3.336694939291341696e+06
4.188002800364700740e+00 2.038675293978086440e+06
4.192192897864479129e+00 9.491835572696871823e+05
4.196387187557506060e+00 5.038543775885904324e+05
4.200585673638072670e+00 2.020413823549308872e+05
4.204788360304662298e+00 1.135924153075520444e+05
4.208995251759962919e+00 6.216348045249570714e+04
4.213206352210869809e+00 5.021119022317972122e+04
4.217421665868471337e+00 4.779702314388957893e+04
4.221641196948093366e+00 4.839514991781497520e+04
4.225864949669266402e+00 5.074528864520967181e+04
4.230092928255739793e+00 5.160288697573500394e+04
4.234325136935488842e+00 5.651124117294938333e+04
4.238561579940727242e+00 5.862955237746998318e+04
4.242802261507900852e+00 6.094351750156354683e+04
4.247047185877692144e+00 5.330066523340317508e+04
4.251296357295021089e+00 5.703210558404675976e+04
4.255549780009054928e+00 6.055325024819630198e+04
4.259807458273230374e+00 5.960765318647676759e+04
4.264069396345225194e+00 6.764874826949460839e+04
4.268335598486969751e+00 6.176784966422880825e+04
4.272606068964664772e+00 6.525056256184416270e+04
4.276880812048779568e+00 6.745685840678733075e+04
4.281159832014060029e+00 9.363211631484709505e+04
4.285443133139530403e+00 7.592571059292339487e+04
4.289730719708485296e+00 6.669372170601932157e+04
4.294022596008521653e+00 6.312795603101035522e+04
4.298318766331513885e+00 5.842457284497379442e+04
4.302619234973628970e+00 7.637793832531583030e+04
4.306924006235345104e+00 7.551409494624077342e+04
4.311233084421424167e+00 8.546214935772139870e+04
4.315546473840940145e+00 9.896863458532595541e+04
4.319864178807288901e+00 1.315078248015106074e+05
4.324186203638174852e+00 1.514321874568500207e+05
4.328512552655626955e+00 1.821745703999009856e+05
4.332843230185990713e+00 2.363980243139242521e+05
4.337178240559948605e+00 3.329358352143236552e+05
4.341517588112503212e+00 5.691536537473918870e+05
4.345861277183007410e+00 7.510716399590132060e+05
4.350209312115151938e+00 9.499198543174678925e+05
4.354561697256974284e+00 1.249133496369812405e+06
4.358918436960855125e+00 1.572201017796319444e+06
4.363279535583538760e+00 2.668154665571160149e+06
4.367644997486123337e+00 3.184529320695166010e+06
4.372014827034064410e+00 3.693978904205814004e+06
4.376389028597194475e+00 4.281583866631178185e+06
4.380767606549714976e+00 5.434852329206196591e+06
4.385150565270209633e+00 6.887697423113867640e+06
4.389537909141639105e+00 8.318799506293960847e+06
4.393929642551338333e+00 9.532624578457888216e+06
4.398325769891044068e+00 1.086476600666893274e+07
4.402726295556887770e+00 1.395910290023668855e+07
4.407131223949391163e+00 1.454230651176371239e+07
4.411540559473484002e+00 1.684936930039048567e+07
4.415954306538509400e+00 1.724811505782324821e+07
4.420372469558211392e+00 2.041563914849151298e+07
4.424795052950750929e+00 2.178235390028071031e+07
4.429222061138705868e+00 2.095480129167698324e+07
4.433653498549093186e+00 1.966145029638575017e+07
4.438089369613354762e+00 2.507609450243057311e+07
4.442529678767354717e+00 2.491123283628732339e+07
4.446974430451398952e+00 2.613293224579361454e+07
4.451423629110244917e+00 2.319303603190913796e+07
4.455877279193092733e+00 2.265431751163926721e+07
4.460335385153590515e+00 2.070220232326930389e+07
4.464797951449841484e+00 2.076895557783157751e+07
4.469264982544411069e+00 2.104422715112556145e+07
4.473736482904336675e+00 1.746486050821809471e+07
4.478212457001122360e+00 1.462237674120681919e+07
4.482692909310737051e+00 1.256438264809583127e+07
4.487177844313640307e+00 1.338523132379631512e+07
4.491667266494762778e+00 1.341321923453613184e+07
4.496161180343516861e+00 9.271341508078720421e+06
4.500659590353822459e+00 7.339741266932274215e+06
4.505162501024093658e+00 8.036335521580407396e+06
4.509669916857241390e+00 8.065247804028319195e+06
4.514181842360688535e+00 4.666896666128762998e+06
4.518698282046352155e+00 3.855426459877962712e+06
4.523219240430670141e+00 5.071694604161121882e+06
4.527744722034610092e+00 3.546616997681603301e+06
4.532274731383646227e+00 1.995769875164194731e+06
4.536809273007785137e+00 2.853541699198310263e+06
4.541348351441579112e+00 2.583862085284749512e+06
4.545891971224099493e+00 1.126244299979503499e+06
4.550440136898975751e+00 1.608283445324389497e+06
4.554992853014370624e+00 1.602005769002183806e+06
4.559550124122995207e+00 6.365552615051313769e+05
4.564111954782122282e+00 1.027082983666341752e+06
4.568678349553586315e+00 9.988008735421629390e+05
4.573249313003776351e+00 4.034698786300047650e+05
4.577824849703659993e+00 8.094765384643960278e+05
4.582404964228774524e+00 6.158336290409747744e+05
4.586989661159233123e+00 3.271763758949360927e+05
4.591578945079738183e+00 6.821189506811948959e+05
4.596172820579575991e+00 3.502803785737704602e+05
4.600771292252614941e+00 4.147266970760229742e+05
4.605374364697328637e+00 5.586127574693837669e+05
4.609982042516789669e+00 2.337841147351694817e+05
4.614594330318677606e+00 5.612082090973498998e+05
4.619211232715274562e+00 3.736328598296671407e+05
4.623832754323488281e+00 3.815503595130563481e+05
4.628458899764849477e+00 6.265074771615270292e+05
4.633089673665492292e+00 2.565888502132179565e+05
4.637725080656193377e+00 7.928599705716526369e+05
4.642365125372356793e+00 4.266063230132547906e+05
4.647009812454028221e+00 8.230253325874076691e+05
4.651659146545906509e+00 1.109833835742900381e+06
4.656313132297318802e+00 8.702483066452093190e+05
4.660971774362248077e+00 3.368980276404108852e+06
4.665635077399347352e+00 6.762575244761852548e+06
4.670303046071911268e+00 4.096354560651120264e+06
4.674975685047906282e+00 8.144278733386456734e+05
4.679652998999974223e+00 1.518603312533794437e+06
4.684334992605429626e+00 8.037339788841566769e+05
4.689021670546271281e+00 9.004564244536550250e+05
4.693713037509176011e+00 8.558491149462630274e+05
4.698409098185504895e+00 5.585791032284952234e+05
4.703109857271324579e+00 1.009766043146976852e+06
4.707815319467393955e+00 4.079837459735466982e+05
4.712525489479173046e+00 1.101214615709861740e+06
4.717240372016835437e+00 3.512361189622809179e+05
4.721959971795260280e+00 1.265166687974334927e+06
4.726684293534048287e+00 3.496066955654643243e+05
4.731413341957528829e+00 1.399946148210196290e+06
4.736147121794751946e+00 4.025517645659611444e+05
4.740885637779490125e+00 1.643306684097950347e+06
4.745628894650255170e+00 4.840318182306378731e+05
4.750376897150309752e+00 1.940531002542569302e+06
4.755129650027656751e+00 6.074049099342974368e+05
4.759887158035051691e+00 2.366039236585021019e+06
4.764649425930005400e+00 7.567193548952494748e+05
4.769416458474777798e+00 2.981909011185178068e+06
4.774188260436393882e+00 8.915588207939113490e+05
4.778964836586673037e+00 3.585835114712582435e+06
4.783746191702191730e+00 1.071236053768426180e+06
4.788532330564299500e+00 4.846994327117560431e+06
4.793323257959137607e+00 1.395267441372975009e+06
4.798118978677631041e+00 6.037322021773499437e+06
4.802919497515497405e+00 1.776391958973540924e+06
4.807724819273262007e+00 6.190379778034301475e+06
4.812534948756252540e+00 1.399249069774886360e+06
4.817349890774592858e+00 6.774608814555975609e+06
4.822169650143221631e+00 2.990446671927106101e+06
4.826994231681898562e+00 6.606806250337672420e+06
4.831823640215216820e+00 4.324545292720886879e+06
4.836657880572579948e+00 6.971304965807381086e+06
4.841496957588230288e+00 5.019571376751990989e+06
4.846340876101235651e+00 7.144078153388169594e+06
4.851189640955513305e+00 1.040801636246456020e+07
4.856043256999840629e+00 6.544991726170279086e+06
4.860901729087831136e+00 1.243722491105009057e+07
4.865765062077957559e+00 7.295549929498616606e+06
4.870633260833544753e+00 1.418103289649652876e+07
4.875506330222795448e+00 8.323625063976231031e+06
4.880384275118787585e+00 1.707963111711720377e+07
4.885267100399468099e+00 1.027252227101554722e+07
4.890154810947647590e+00 1.544828474652577564e+07
4.895047411651042069e+00 1.748193187279732525e+07
4.899944907402259631e+00 1.061767824922078848e+07
4.904847303098789801e+00 2.456445783635118976e+07
4.909754603643035509e+00 1.689255384212734550e+07
4.914666813942293544e+00 2.824718654867642745e+07
4.919583938908781207e+00 2.281333634461443126e+07
4.924505983459624758e+00 3.589769098386339843e+07
4.929432952516856759e+00 3.159189842386139557e+07
4.934364851007448038e+00 2.110059364169507101e+07
4.939301683863292602e+00 3.934705114897614717e+07
4.944243456021227168e+00 2.426241316817369685e+07
4.949190172423037382e+00 3.687970412839815766e+07
4.954141838015429400e+00 1.383857869529433362e+07
4.959098457750073408e+00 1.761879956118838117e+07
4.964060036583591184e+00 3.989818029256949574e+07
4.969026579477557881e+00 4.312101373334017396e+07
4.973998091398528665e+00 4.531123951497168839e+07
4.978974577317995198e+00 2.417846753199306875e+07
4.983956042212439819e+00 4.791308661786796898e+07
4.988942491063345308e+00 4.699036366935056448e+07
4.993933928857153148e+00 5.039935287253677845e+07
4.998930360585300825e+00 4.320345933102954179e+07
5.003931791244230709e+00 2.696917960856061801e+07
5.008938225835386504e+00 4.602724361826132238e+07
5.013949669365177719e+00 3.384341038648544252e+07
5.018966126845049835e+00 5.437664444437872618e+06
5.023987603291483417e+00 2.757240031180138513e+07
5.029014103725941709e+00 1.780877433717897534e+07
5.034045633174911494e+00 4.053122065273687989e+07
5.039082196669929736e+00 4.900169858084119111e+07
5.044123799247563156e+00 5.149258360796490312e+07
5.049170445949409114e+00 5.627653182936268300e+07
5.054222141822116932e+00 5.450117650047478825e+07
5.059278891917391441e+00 4.123186346286142617e+07
5.064340701291981439e+00 5.345621025121841580e+07
5.069407575007690347e+00 5.386229782687746733e+07
5.074479518131395750e+00 4.691959169284214824e+07
5.079556535735048506e+00 2.715381498292014003e+07
5.084638632895669197e+00 8.830502330388359725e+06
5.089725814695342798e+00 3.916613050505010039e+07
5.094818086221257758e+00 4.356815286174628139e+07
5.099915452565697116e+00 2.851085091443308070e+07
5.105017918826000312e+00 4.720021112763685733e+07
5.110125490104636903e+00 3.073019267662259564e+07
5.115238171509194132e+00 2.474297965889438242e+07
5.120355968152357384e+00 4.812639853221490979e+07
5.125478885151911967e+00 4.230089575879749656e+07
5.130606927630776859e+00 3.823101389309838414e+07
5.135740100717002932e+00 2.253887287661680207e+07
5.140878409543741867e+00 1.281367018263849802e+07
5.146021859249313657e+00 9.807467904913317412e+06
5.151170454977185287e+00 1.690842114314409345e+07
5.156324201875936986e+00 3.575613786913122237e+07
5.161483105099309299e+00 4.168471412762374431e+07
5.166647169806227069e+00 4.343852512578105927e+07
5.171816401160747922e+00 2.004408262496588379e+07
5.176990804332091578e+00 4.068774370467889309e+07
5.182170384494675375e+00 4.605583860106267780e+07
5.187355146828076080e+00 4.038763584553223103e+07
5.192545096517046765e+00 3.252065634543896839e+07
5.197740238751555886e+00 1.335224184666142426e+07
5.202940578726747312e+00 1.099046471456461959e+07
5.208146121642936777e+00 1.844186717890893668e+07
5.213356872705670497e+00 4.435780462624195032e+06
5.218572837125715402e+00 1.825345416843396798e+07
5.223794020119036041e+00 2.831146020408080891e+07
5.229020426906815011e+00 3.250104286455332115e+07
5.234252062715459175e+00 1.185483596044844575e+07
5.239488932776602326e+00 1.125626101364920102e+07
5.244731042327116732e+00 2.781010785219500214e+07
5.249978396609109588e+00 1.927916109957532957e+07
5.255231000869925673e+00 3.526463701677398384e+07
5.260488860362181995e+00 3.610482237668315321e+07
5.265751980343742922e+00 3.746480978728522360e+07
5.271020366077721064e+00 3.092939011677219719e+07
5.276294022832505703e+00 9.634929971399059519e+06
5.281572955881746800e+00 2.563668858498197421e+07
5.286857170504389636e+00 2.350685448604401946e+07
5.292146671984641948e+00 4.228343770327741280e+06
5.297441465612009459e+00 2.326150272348330915e+07
5.302741556681281665e+00 2.548447529658016562e+07
5.308046950492545157e+00 1.999851940557029471e+07
5.313357652351208493e+00 4.190918101456509531e+07
5.318673667567959562e+00 3.872512857766947895e+07
5.323995001458826870e+00 4.139247931267984211e+07
5.329321659345144901e+00 3.261639672876495868e+07
5.334653646553559447e+00 3.607596457691576332e+07
5.339990968416064021e+00 2.678459273133742809e+07
5.345333630269974101e+00 9.856450106581998989e+06
5.350681637457967987e+00 1.711614082601282746e+06
5.356034995328045945e+00 3.367739717367285863e+06
5.361393709233554183e+00 1.916397913856985793e+07
5.366757784533227493e+00 3.062261292940433696e+07
5.372127226591127069e+00 2.717965799722651020e+07
5.377502040776687586e+00 2.873117322324097529e+07
5.382882232464750061e+00 2.704474990151875466e+07
5.388267807035500567e+00 3.301082124342655018e+07
5.393658769874506653e+00 3.455126601775456220e+07
5.399055126372735103e+00 2.569311361079492047e+07
5.404456881926535949e+00 3.034784232760303095e+07
5.409864041937665569e+00 1.309797829412148148e+07
5.415276611813294672e+00 1.037662085969883390e+07
5.420694596965989653e+00 1.808384686300384579e+06
5.426118002813722363e+00 5.503484568932208233e+06
5.431546834779906519e+00 1.918112339398165792e+07
5.436981098293380832e+00 2.511100660796131566e+07
5.442420798788408121e+00 1.118452860199423879e+07
5.447865941704685966e+00 2.050322781089367345e+07
5.453316532487360035e+00 2.307712617326756194e+07
5.458772576587027636e+00 1.393680346785312891e+07
5.464234079459717286e+00 1.604748177371041616e+06
5.469701046566937563e+00 7.332009484174507670e+06
5.475173483375657568e+00 1.032918737243694998e+07
5.480651395358322020e+00 6.237011101234906353e+06
5.486134787992848594e+00 1.917772805384735763e+07
5.491623666762627032e+00 3.116841070025167242e+07
5.497118037156523584e+00 3.408334811694058031e+07
5.502617904668907656e+00 2.657960942250442877e+07
5.508123274799649138e+00 3.487005674492084980e+07
5.513634153054125520e+00 2.940905776645967364e+07
5.519150544943213887e+00 9.639651988941920921e+06
5.524672455983298036e+00 7.454786645080545917e+06
5.530199891696303105e+00 1.564911483958675340e+07
5.535732857609660051e+00 2.626311510117164254e+07
5.541271359256338513e+00 1.768267774966797978e+07
5.546815402174844145e+00 1.325819823067296855e+07
5.552364991909218617e+00 8.649082748186431825e+06
5.557920134009044943e+00 3.802000346027304884e+06
5.563480834029461697e+00 1.320256210649105720e+07
5.569047097531185209e+00 5.176496555383685045e+06
5.574618930080467827e+00 5.073215272190990858e+06
5.580196337249130778e+00 2.041652321678003995e+06
5.585779324614604135e+00 7.252325628386047669e+06
5.591367897759871752e+00 1.678767976715755463e+07
5.596962062273499683e+00 2.483558767177723348e+07
5.602561823749654835e+00 1.133342711524628103e+07
5.608167187788102304e+00 1.698260860630438477e+07
5.613778159994197381e+00 6.010423230817133561e+06
5.619394745978918415e+00 7.336643829989232123e+06
5.625016951358852602e+00 1.557447006735575572e+07
5.630644781756208417e+00 6.966829330970336683e+06
5.636278242798814730e+00 4.663045432628943585e+06
5.641917340120138569e+00 1.122431110766436439e+06
5.647562079359275344e+00 2.834296141975949984e+06
5.653212466160955074e+00 6.414070050278912298e+06
5.658868506175564583e+00 1.151798334425215796e+07
5.664530205059156387e+00 1.831008956945994124e+07
5.670197568473430039e+00 1.284008750519412756e+07
5.675870602085741901e+00 2.423918052513464354e+06
5.681549311569130012e+00 1.258020186066802219e+07
5.687233702602297214e+00 1.074465819008225761e+07
5.692923780869640460e+00 5.280290046472351998e+06
5.698619552061241045e+00 1.788094867008820921e+07
5.704321021872854836e+00 1.199505825240233541e+07
5.710028196005964674e+00 3.121283392784901895e+06
5.715741080167752841e+00 4.055622777879761998e+06
5.721459680071105502e+00 2.138418493819938507e+06
5.727184001434619809e+00 4.820452165695383213e+06
5.732914049982608340e+00 6.229613278457517736e+06
5.738649831445122196e+00 5.227303083027508110e+06
5.744391351557942116e+00 3.437413321975626983e+06
5.750138616062591801e+00 2.599894778824642301e+06
5.755891630706342355e+00 5.506198718012762256e+06
5.761650401242202513e+00 2.902224051901568193e+06
5.767414933428949730e+00 1.300398675899820402e+06
5.773185233031118635e+00 4.837136711256802082e+06
5.778961305818993921e+00 4.331534993531115353e+06
5.784743157568644101e+00 1.311261250764708407e+07
5.790530794061934827e+00 1.869519912084130570e+07
5.796324221086497808e+00 1.914301712169367820e+07
5.802123444435760113e+00 8.343156556588985026e+06
5.807928469908951286e+00 1.146807769671776891e+07
5.813739303311101558e+00 6.404801268419629894e+06
5.819555950453048077e+00 1.334856676986112958e+06
5.825378417151428678e+00 2.408577856395412236e+06
5.831206709228702323e+00 2.069611927145887632e+06
5.837040832513173072e+00 6.054785328921795823e+06
5.842880792838964332e+00 1.087855356881327368e+07
5.848726596046033066e+00 6.532429821198713034e+06
5.854578247980187555e+00 7.135501566271082498e+06
5.860435754493076743e+00 1.735947423769257963e+06
5.866299121442202669e+00 2.368380154496490490e+06
5.872168354690941783e+00 4.151577669487800915e+06
5.878043460108523632e+00 1.784338125045909081e+06
5.883924443570054841e+00 1.500638876776193967e+06
5.889811310956534207e+00 2.362921105611617677e+06
5.895704068154810074e+00 1.530998737806800054e+06
5.901602721057636280e+00 3.366459612862621434e+06
5.907507275563671278e+00 7.613569865459015593e+06
5.913417737577481681e+00 6.988012423352191225e+06
5.919334113009534271e+00 4.897221422365447506e+06
5.925256407776182677e+00 4.301424761177256703e+06
5.931184627799722442e+00 2.508926762120308820e+06
5.937118779008376812e+00 1.473005912418798776e+06
5.943058867336306506e+00 2.562086412309813779e+06
5.949004898723619483e+00 4.714603500062947161e+06
5.954956879116324764e+00 5.233900415630517527e+06
5.960914814466400813e+00 8.151853435229961760e+06
5.966878710731783109e+00 2.724676505909354426e+06
5.972848573876380129e+00 3.590323991091809236e+06
5.978824409870049372e+00 4.747668144905288704e+06
5.984806224688616894e+00 2.473328093878883868e+06
5.990794024313907506e+00 1.728568873601693194e+06
5.996787814733729682e+00 5.340565602039434947e+06
6.002787601941870221e+00 8.820101813244080171e+06
6.008793391938101358e+00 6.283970198131097481e+06
6.014805190728216289e+00 2.168141757736444473e+06
6.020823004324017624e+00 7.178914447018845938e+06
6.026846838743329826e+00 1.090348233255692758e+07
6.032876700009986770e+00 7.608987922753180377e+06
6.038912594153839741e+00 3.941477337550000288e+06
6.044954527210790296e+00 1.637570235404577572e+06
6.051002505222769834e+00 1.911946379186405335e+06
6.057056534237768020e+00 2.812119713933177292e+06
6.063116620309810578e+00 3.540248366904416587e+06
6.069182769498975283e+00 1.835353916349112289e+06
6.075254987871399948e+00 1.866225099986455170e+06
6.081333281499318844e+00 5.097920662884009071e+06
6.087417656461035165e+00 7.998949980414155871e+06
6.093508118840904153e+00 9.672900577936468646e+06
6.099604674729399711e+00 7.667931855080109090e+06
6.105707330223097529e+00 2.868043224042118993e+06
6.111816091424631558e+00 2.132549651333350688e+06
6.117930964442756192e+00 2.389827678496527020e+06
6.124051955392354252e+00 6.836059080900314264e+06
6.130179070394424556e+00 1.213711398183404282e+07
6.136312315576075704e+00 1.088336202912363410e+07
6.142451697070548278e+00 2.957123872379811946e+06
6.148597221017229053e+00 6.707099580691344105e+06
6.154748893561648337e+00 5.297358885404692963e+06
6.160906720855489738e+00 2.118366513182563242e+06
6.167070709056560851e+00 6.031882106566074304e+06
6.173240864328839450e+00 8.318031818172945641e+06
6.179417192842489470e+00 4.353521063780255616e+06
6.185599700773853904e+00 1.949039757144304458e+06
6.191788394305445031e+00 4.816466334811729379e+06
6.197983279625935538e+00 1.124524960687042214e+07
6.204184362930218910e+00 1.634834996850720048e+07
6.210391650419379239e+00 8.489303612701360136e+06
6.216605148300705430e+00 1.192080319938859157e+07
6.222824862787705413e+00 8.634294603352656588e+06
6.229050800100091045e+00 2.281323619070385769e+07
6.235282966463794985e+00 1.257708115400703996e+07
6.241521368110988455e+00 1.346415765469533764e+07
6.247766011280059040e+00 1.699096209883960336e+07
6.254016902215655982e+00 2.080724852187366784e+07
6.260274047168675082e+00 2.302999085369629785e+07
6.266537452396248042e+00 1.398748764813105017e+07
6.272807124161805525e+00 1.164684626967515051e+07
6.279083068735027418e+00 2.123768335105765983e+07
6.285365292391835723e+00 1.673871787804055028e+07
6.291653801414451408e+00 1.460716541931356117e+07
6.297948602091395287e+00 1.907208720043870434e+07
6.304249700717476479e+00 2.258695120061181858e+07
6.310557103593776418e+00 2.234077334039818496e+07
6.316870817027704810e+00 1.895507423457878083e+07
6.323190847332971209e+00 1.760038061444974318e+07
6.329517200829613444e+00 1.235153407749806531e+07
6.335849883843987840e+00 6.141931916945770383e+06
6.342188902708793208e+00 2.684989066208415199e+06
6.348534263763021990e+00 3.108747306860162411e+06
6.354885973352024209e+00 6.973125385890085250e+06
6.361244037827538556e+00 7.941634342196091078e+06
6.367608463547619557e+00 3.793181918720897287e+06
6.373979256876696198e+00 3.242783227091448382e+06
6.380356424185563924e+00 8.007204027500606142e+06
6.386739971851379316e+00 5.565469144412627444e+06
6.393129906257697392e+00 4.845206212524694391e+06
6.399526233794450292e+00 6.284552714349613525e+06
6.405928960857968590e+00 3.306556960262024775e+06
6.412338093850992848e+00 2.583269316659033298e+06
6.418753639182643411e+00 2.826998829064067453e+06
6.425175603268465707e+00 3.794594852325331420e+06
6.431603992530422254e+00 3.612050206938638352e+06
6.438038813396905979e+00 5.597579926795776002e+06
6.444480072302737561e+00 8.296032025599064305e+06
6.450927775689183186e+00 4.692325743452785537e+06
6.457381930003953663e+00 7.503420898677896708e+06
6.463842541701190214e+00 7.347609795758157969e+06
6.470309617241494671e+00 4.127401684266457334e+06
6.476783163091949902e+00 4.179951024233593140e+06
6.483263185726116262e+00 3.391038228779564146e+06
6.489749691624008499e+00 3.582195167468956672e+06
6.496242687272122396e+00 3.567465097080163192e+06
6.502742179163471192e+00 3.957688873956989963e+06
6.509248173797545611e+00 4.549911732691595331e+06
6.515760677680336066e+00 4.329423301300812513e+06
6.522279697324338876e+00 3.518754127205853350e+06
6.528805239248586467e+00 5.214694594408982433e+06
6.535337309978613618e+00 6.308571975690991618e+06
6.541875916046493877e+00 4.933428383016346954e+06
6.548421063990831570e+00 5.073904009388863109e+06
6.554972760356781336e+00 4.014186468088899739e+06
6.561531011696033922e+00 4.900577337792067789e+06
6.568095824566834828e+00 3.527065154998619109e+06
6.574667205534010073e+00 3.810018872345779091e+06
6.581245161168945756e+00 4.777136415687605739e+06
6.587829698049589844e+00 4.134333462914125063e+06
6.594420822760478806e+00 4.134956403127351310e+06
6.601018541892748281e+00 5.078651644875140861e+06
6.607622862044109979e+00 6.543175089836201631e+06
6.614233789818874776e+00 4.832207646250535734e+06
6.620851331827975805e+00 4.847043154662078246e+06
6.627475494688961355e+00 4.532504693654353730e+06
6.634106285025993976e+00 3.932938432413579896e+06
6.640743709469855816e+00 3.793870709293817636e+06
6.647387774657984139e+00 4.694391806471974589e+06
6.654038487234453569e+00 6.257942195653610863e+06
6.660695853849973425e+00 6.402980363739227876e+06
6.667359881161896595e+00 5.174732068132319488e+06
6.674030575834250634e+00 5.199633160548931919e+06
6.680707944537742193e+00 4.520208889750008471e+06
6.687391993949728608e+00 4.858062955836251378e+06
6.694082730754263189e+00 5.622865294246142730e+06
6.700780161642089006e+00 5.613862337319344282e+06
6.707484293310628232e+00 4.440840858703571372e+06
6.714195132464016780e+00 4.697241029492369853e+06
6.720912685813111409e+00 4.951985001677668653e+06
6.727636960075451533e+00 5.139601491142074578e+06
6.734367961975309846e+00 7.262573067426345311e+06
6.741105698243684330e+00 5.673776604918909259e+06
6.747850175618314239e+00 5.372834869499123655e+06
6.754601400843687209e+00 5.960107229636667296e+06
6.761359380671025932e+00 6.881265904692383483e+06
6.768124121858305919e+00 6.549002419267889112e+06
6.774895631170272381e+00 5.092404537319213152e+06
6.781673915378439332e+00 5.574125358096369542e+06
6.788458981261083380e+00 5.501853810741117224e+06
6.795250835603268591e+00 4.723960157343058847e+06
6.802049485196855372e+00 5.549350272901583463e+06
6.808854936840480043e+00 6.486112967310422100e+06
6.815667197339611683e+00 6.536503731283630244e+06
6.822486273506513932e+00 5.326929536996001378e+06
6.829312172160262762e+00 5.384509634156724438e+06
6.836144900126752688e+00 6.216710487762129866e+06
6.842984464238715425e+00 6.588220251274817623e+06
6.849830871335718996e+00 5.543748788241326809e+06
6.856684128264157962e+00 5.965894788957686163e+06
6.863544241877307606e+00 5.093144469019662589e+06
6.870411219035266193e+00 5.383486082752015442e+06
6.877285066604999386e+00 6.223074630007937551e+06
6.884165791460373107e+00 7.065484234822201543e+06
6.891053400482104685e+00 8.448226232634283602e+06
6.897947900557811707e+00 7.024212272750681266e+06
6.904849298582002248e+00 5.772946842822293751e+06
6.911757601456057998e+00 6.409838197512887418e+06
6.918672816088298205e+00 8.205958243473891169e+06
6.925594949393933497e+00 6.967290679196870886e+06
6.932524008295088969e+00 8.691591352914156392e+06
6.939459999720836159e+00 7.983890897089703009e+06
6.946402930607153969e+00 8.727170539527708665e+06
6.953352807896971299e+00 6.798939074303762987e+06
6.960309638540181254e+00 5.465704760235493071e+06
6.967273429493618941e+00 7.536115366706999019e+06
6.974244187721073907e+00 8.373926977537349798e+06
6.981221920193293684e+00 8.789791494983982295e+06
6.988206633888011332e+00 9.203337669745376334e+06
6.995198335789934774e+00 6.972382598175541498e+06
7.002197032890780548e+00 1.009622333839466050e+07
7.009202732189245388e+00 9.979961668144442141e+06
7.016215440691027538e+00 9.775597881400981918e+06
7.023235165408840075e+00 6.881611433670622297e+06
7.030261913362399362e+00 1.336519562947008573e+07
7.037295691578454360e+00 1.161948543379343115e+07
7.044336507090792843e+00 5.841202235117902979e+06
7.051384366940223636e+00 7.936161598042657599e+06
7.058439278174613030e+00 1.082388664616269246e+07
7.065501247848868793e+00 1.299940707700633258e+07
7.072570283024954385e+00 1.569481416588427313e+07
7.079646390771910269e+00 1.076530305360343494e+07
7.086729578165847698e+00 1.171880027213424630e+07
7.093819852289949601e+00 1.350193541312643886e+07
7.100917220234500782e+00 1.575199406892019697e+07
7.108021689096868378e+00 1.378335920442298055e+07
7.115133265981508082e+00 9.369524515806360170e+06
7.122251958000004990e+00 1.122583820266718417e+07
7.129377772271054070e+00 1.536066017617132701e+07
7.136510715920461934e+00 1.210616116825509816e+07
7.143650796081180587e+00 8.993123891253447160e+06
7.150798019893290558e+00 9.427007366950159892e+06
7.157952394504015103e+00 1.137180926826576330e+07
7.165113927067729094e+00 9.005429404526200145e+06
7.172282624745966118e+00 9.289150736077686772e+06
7.179458494707433580e+00 1.890546188406486064e+07
7.186641544127991388e+00 2.034047434977884218e+07
7.193831780190692804e+00 2.065477260500103608e+07
7.201029210085776455e+00 1.942987336369796842e+07
7.208233841010668996e+00 1.189699684395216405e+07
7.215445680170001985e+00 2.040858073811756074e+07
7.222664734775614548e+00 3.656178838430939615e+07
7.229891012046562260e+00 3.226632684772762656e+07
7.237124519209114482e+00 2.697449201072937250e+07
7.244365263496786334e+00 2.851266819112867489e+07
7.251613252150332478e+00 8.238052816458683461e+06
7.258868492417732021e+00 9.145952233590751886e+06
7.266130991554229368e+00 1.385925335524730198e+07
7.273400756822333335e+00 1.008518129427699745e+07
7.280677795491791393e+00 9.417624827696636319e+06
7.287962114839658945e+00 2.496405000307403877e+07
7.295253722150257580e+00 2.265434353201731667e+07
7.302552624715170637e+00 1.467343632082226872e+07
7.309858829833316030e+00 1.356718443793343753e+07
7.317172344810906282e+00 2.352388584801582247e+07
7.324493176961444973e+00 1.601269985098050348e+07
7.331821333605770263e+00 1.266070127442827635e+07
7.339156822072049557e+00 1.159132132505800761e+07
7.346499649695761747e+00 1.080003065277485177e+07
7.353849823819730069e+00 1.343966505472649075e+07
7.361207351794133658e+00 1.483989428113744035e+07
7.368572240976500431e+00 1.739444820874237269e+07
7.375944498731713317e+00 7.359805756868503056e+06
7.383324132432038667e+00 1.609846426749045961e+07
7.390711149457120932e+00 1.093421647902662493e+07
7.398105557193965787e+00 9.272059323515441269e+06
7.405507363036982760e+00 1.921108311963821948e+07
7.412916574387977242e+00 1.764395132522315904e+07
7.420333198656157592e+00 7.936150093737419695e+06
7.427757243258164443e+00 9.254590949910789728e+06
7.435188715618025412e+00 2.151157450177822262e+07
7.442627623167226147e+00 1.320323320607041381e+07
7.450073973344676581e+00 6.843186965248231776e+06
7.457527773596703824e+00 1.167437974703119695e+07
7.464989031377126771e+00 1.624371144488164969e+07
7.472457754147218800e+00 1.008762994021710753e+07
7.479933949375681124e+00 8.278813179152715020e+06
7.487417624538714733e+00 2.239691775021393597e+07
7.494908787120000859e+00 2.098060599469384551e+07
7.502407444610704523e+00 8.387568893017790280e+06
7.509913604509470098e+00 1.208755112445293739e+07
7.517427274322463049e+00 2.402221810707402602e+07
7.524948461563358393e+00 2.341266908569193631e+07
7.532477173753336253e+00 8.596728822277935222e+06
7.540013418421120939e+00 1.562800280626720563e+07
7.547557203102952528e+00 2.760475227308694273e+07
7.555108535342625053e+00 2.658176301553278416e+07
7.562667422691464303e+00 1.006529579376576468e+07
7.570233872708334033e+00 2.757828392044976354e+07
7.577807892959705249e+00 2.616912784909607470e+07
7.585389491019602026e+00 3.403800542292890698e+07
7.592978674469621048e+00 1.315464029497130774e+07
7.600575450898948482e+00 3.700023988737737387e+07
7.608179827904360870e+00 4.012488012924433500e+07
7.615791813090228679e+00 3.086110926245315373e+07
7.623411414068545611e+00 1.557468731721544266e+07
7.631038638458921497e+00 3.314604926763683930e+07
7.638673493888578747e+00 3.430880493917687237e+07
7.646315987992360341e+00 1.929477868879918382e+07
7.653966128412754699e+00 9.639704653234768659e+06
7.661623922799913444e+00 9.189913144082622603e+06
7.669289378811644298e+00 7.630627926154773682e+06
7.676962504113392427e+00 7.814204436437341385e+06
7.684643306378275973e+00 9.835286258220160380e+06
7.692331793287112696e+00 8.845215039901608601e+06
7.700027972528378228e+00 1.485326320565949194e+07
7.707731851798260259e+00 1.269821252726750635e+07
7.715443438800645204e+00 1.829186010269105807e+07
7.723162741247111995e+00 8.775478386663822457e+06
7.730889766856956058e+00 1.617249493891455233e+07
7.738624523357209739e+00 2.024340239780933037e+07
7.746367018482623656e+00 3.137895539843171462e+07
7.754117259975699561e+00 1.689894015998944268e+07
7.761875255586685896e+00 8.167455846313505433e+06
7.769641013073576907e+00 1.683336680709533021e+07
7.777414540202122417e+00 3.515815829974050075e+07
7.785195844745862459e+00 2.759498363964614645e+07
7.792984934486088200e+00 8.312696086546471342e+06
7.800781817211894342e+00 1.101168852670483291e+07
7.808586500720170243e+00 2.682162004356033355e+07
7.816398992815588365e+00 3.999497418142104894e+07
7.824219301310663788e+00 2.622881469883308187e+07
7.832047434025690258e+00 1.234717246321969293e+07
7.839883398788800584e+00 1.319692048444043100e+07
7.847727203435961307e+00 2.950489246829123423e+07
7.855578855810978034e+00 4.284422181830487400e+07
7.863438363765501649e+00 1.354147047600806318e+07
7.871305735159038086e+00 1.513167770350408554e+07
7.879180977858965207e+00 1.401782057856054790e+07
7.887064099740538126e+00 1.079907103235919401e+07
7.894955108686875889e+00 3.063580024959885329e+07
7.902854012588970356e+00 1.496892081282228976e+07
7.910760819345729722e+00 2.665656312694429606e+07
7.918675536863970521e+00 1.392188670928857476e+07
7.926598173058410524e+00 1.430490347045004368e+07
7.934528735851682946e+00 1.260872661254935898e+07
7.942467233174356878e+00 2.470724018082292750e+07
7.950413672964919520e+00 5.422781106517034769e+07
7.958368063169806383e+00 2.753502204510218278e+07
7.966330411743424378e+00 2.910556551844106987e+07
7.974300726648118065e+00 1.966175953050084412e+07
7.982279015854214066e+00 3.266715887774219736e+07
7.990265287339989975e+00 5.324377714004483074e+07
7.998259549091704557e+00 3.799848861760336906e+07
8.006261809103635940e+00 3.933059372123996913e+07
8.014272075378054083e+00 1.906308670280957222e+07
8.022290355925221661e+00 2.597552974726056308e+07
8.030316658763410942e+00 1.998767445727629215e+07
8.038350991918917998e+00 4.523427523987876624e+07
8.046393363426080469e+00 2.539475094427720830e+07
8.054443781327282892e+00 2.597285504820600525e+07
8.062502253672942487e+00 4.650068990119296312e+07
8.070568788521519821e+00 4.468033208576162905e+07
8.078643393939561435e+00 2.855910385828153417e+07
8.086726078001667872e+00 2.179771408974955231e+07
8.094816848790527430e+00 5.967903898981751502e+07
8.102915714396893065e+00 7.120853656554825604e+07
8.111022682919651672e+00 6.200499137001040578e+07
8.119137762465774344e+00 1.020953457036297768e+08
8.127260961150341245e+00 4.570361346061654389e+07
8.135392287096552266e+00 2.725632710290107504e+07
8.143531748435727025e+00 7.654637393210619688e+07
8.151679353307327958e+00 8.851611252668561041e+07
8.159835109858954993e+00 5.074897400198616087e+07
8.167999026246373973e+00 7.650813150998352468e+07
8.176171110633504213e+00 4.121194186483232677e+07
8.184351371192425617e+00 5.085389316101085395e+07
8.192539816103396433e+00 4.551834824646863341e+07
8.200736453554856809e+00 6.260179623014064133e+07
8.208941291743464319e+00 5.280583766274943203e+07
8.217154338874046005e+00 6.342605358349480480e+07
8.225375603159649884e+00 7.953622924962604046e+07
8.233605092821548510e+00 1.271075308894474357e+08
8.241842816089222978e+00 1.248695069346663654e+08
8.250088781200394905e+00 6.323084323353498429e+07
8.258342996401033531e+00 5.516842674111397564e+07
8.266605469945350393e+00 6.687678248554854840e+07
8.274876210095818863e+00 1.216615199805348366e+08
8.283155225123197241e+00 1.319759527703315467e+08
8.291442523306500334e+00 1.391446140503184795e+08
8.299738112933010115e+00 1.427270587572135329e+08
8.308042002298329010e+00 6.667134911808450520e+07
8.316354199706326611e+00 7.954221329525385797e+07
8.324674713469219611e+00 6.246277141681752354e+07
8.333003551907516737e+00 1.151709901707089543e+08
8.341340723350057829e+00 1.018651722234692127e+08
8.349686236134026274e+00 1.164182225714937896e+08
8.358040098604922363e+00 9.681927652484916151e+07
8.366402319116609476e+00 1.385458557488111556e+08
8.374772906031305197e+00 1.554279287343223393e+08
8.383151867719606187e+00 1.217129405376575589e+08
8.391539212560473970e+00 8.754308818044310808e+07
8.399934948941243817e+00 7.908385213293923438e+07
8.408339085257667378e+00 1.122208333669375777e+08
8.416751629913893140e+00 1.450093854234644473e+08
8.425172591322457549e+00 1.304745493819991201e+08
8.433601977904316982e+00 1.253854568028778434e+08
8.442039798088842417e+00 1.325007115062323511e+08
8.450486060313872727e+00 1.779600488728554845e+08
8.458940773025680926e+00 1.215854341907913685e+08
8.467403944678963512e+00 1.136806473891783506e+08
8.475875583736875996e+00 1.475146050525508821e+08
8.484355698671075530e+00 1.923442550911188722e+08
8.492844297961685385e+00 1.429842348534456789e+08
8.501341390097307382e+00 1.739057602217654288e+08
8.509846983575016566e+00 1.582337990099615753e+08
8.518361086900416268e+00 1.236429161128778309e+08
8.526883708587609689e+00 1.426183313081281483e+08
8.535414857159230095e+00 1.639610230179391801e+08
8.543954541146415949e+00 1.103499096447023153e+08
8.552502769088842882e+00 1.478559048422104716e+08
8.561059549534769886e+00 1.765642793773022294e+08
8.569624891040954040e+00 1.713788318733048737e+08
8.578198802172744664e+00 1.523983420068303943e+08
8.586781291504054892e+00 1.470251414303893149e+08
8.595372367617367004e+00 2.271661498145698309e+08
8.603972039103767955e+00 2.042124807177547514e+08
8.612580314562926276e+00 1.603937651371363997e+08
8.621197202603104515e+00 1.310333035556824356e+08
8.629822711841203642e+00 1.957228476482521594e+08
8.638456850902732853e+00 2.275355243470323086e+08
8.647099628421834439e+00 2.373186353738005459e+08
8.655751053041287335e+00 2.007571274838168323e+08
8.664411133412508903e+00 1.754276199528842568e+08
8.673079878195581571e+00 1.532726485170045793e+08
8.681757296059268825e+00 1.735028009042839706e+08
8.690443395680977900e+00 1.617948372756122351e+08
8.699138185746802421e+00 1.661114606596582234e+08
8.707841674951529498e+00 1.757838421039318144e+08
8.716553871998655723e+00 2.011989365704558790e+08
8.725274785600383609e+00 2.327734954193278849e+08
8.734004424477626927e+00 2.468926318475420773e+08
8.742742797360028462e+00 2.413949750287382007e+08
8.751489912985945807e+00 2.007474188204028904e+08
8.760245780102499324e+00 2.104610556480088830e+08
8.769010407465557932e+00 2.245992130133525729e+08
8.777783803839753318e+00 1.958855402917077839e+08
8.786565977998490595e+00 1.976866798000649810e+08
8.795356938723937645e+00 1.356920332105404735e+08
8.804156694807060646e+00 1.500534086920120716e+08
8.812965255047608082e+00 1.873699653636962175e+08
8.821782628254135616e+00 2.414094407901135981e+08
8.830608823244022076e+00 2.539981128616032004e+08
8.839443848843473006e+00 2.426231637241011262e+08
8.848287713887497574e+00 2.197999574729534686e+08
8.857140427219976075e+00 2.178324828418937325e+08
8.866001997693627956e+00 2.519126988043622077e+08
8.874872434170020696e+00 2.351315468189391792e+08
8.883751745519582244e+00 2.259110921437431276e+08
8.892639940621625882e+00 2.413881088916589022e+08
8.901537028364346682e+00 1.794018971161857545e+08
8.910443017644842811e+00 2.429763808662354648e+08
8.919357917369106659e+00 1.334177908954816461e+08
8.928281736452028383e+00 2.103973411753126681e+08
8.937214483817424338e+00 2.447265862732347250e+08
8.946156168398053055e+00 2.275730168485570550e+08
8.955106799135602813e+00 2.351010352349753082e+08
8.964066384980702296e+00 2.590035672667895854e+08
8.973034934892920589e+00 2.468533401361391544e+08
8.982012457840815145e+00 2.481906275010277033e+08
8.990998962801914018e+00 2.404031948962631822e+08
8.999994458762728300e+00 2.012044314264845848e+08
9.008998954718750340e+00 2.187576048445714116e+08
9.018012459674482173e+00 2.482372616313122511e+08
9.027034982643428407e+00 2.019528751449383795e+08
9.036066532648110439e+00 2.036997482570179403e+08
9.045107118720064676e+00 2.061695770940813124e+08
9.054156749899895829e+00 1.979300521238409877e+08
9.063215435237234274e+00 2.489265984354452193e+08
9.072283183790759153e+00 2.428018187586555779e+08
9.081360004628230342e+00 2.154960373367515802e+08
9.090445906826463585e+00 2.216098632241893411e+08
9.099540899471353583e+00 2.360107303517287076e+08
9.108644991657907752e+00 2.508494448340831697e+08
9.117758192490214242e+00 2.519470043404404223e+08
9.126880511081456149e+00 2.322729814496020079e+08
9.136011956553980795e+00 2.284189179311982989e+08
9.145152538039223344e+00 2.365496350747434795e+08
9.154302264677752987e+00 2.231388740675150156e+08
9.163461145619306691e+00 1.971348081531359553e+08
9.172629190022773216e+00 2.220336984079352915e+08
9.181806407056209096e+00 2.164322034031139016e+08
9.190992805896815554e+00 1.967509095961599648e+08
9.200188395730981128e+00 2.293309236022152007e+08
9.209393185754311872e+00 2.252049048007233441e+08
9.218607185171599383e+00 2.254177317942879498e+08
9.227830403196843889e+00 2.258675095302507579e+08
9.237062849053257807e+00 2.320657248900190592e+08
9.246304531973295937e+00 2.076094750408728719e+08
9.255555461198628819e+00 2.290098408384438753e+08
9.264815645980180037e+00 2.214338466156844795e+08
9.274085095578147531e+00 2.147034538929900527e+08
9.283363819261991168e+00 2.223160651457329392e+08
9.292651826310423857e+00 2.059674810961273313e+08
9.301949126011466618e+00 2.193024632012564838e+08
9.311255727662413051e+00 1.915210250634346902e+08
9.320571640569852434e+00 1.948743645026404560e+08
9.329896874049707023e+00 1.999482393304650187e+08
9.339231437427212512e+00 2.089878063801647127e+08
9.348575340036930470e+00 2.200268044327750802e+08
9.357928591222769654e+00 2.114492134020308256e+08
9.367291200337987789e+00 2.082984387014255226e+08
9.376663176745186234e+00 1.795206855463387966e+08
9.386044529816329529e+00 2.135147518282033801e+08
9.395435268932773809e+00 2.063779170254471302e+08
9.404835403485281020e+00 2.123431944482910633e+08
9.414244942873983391e+00 2.002910678263584375e+08
9.423663896508406523e+00 1.980043692512408495e+08
9.433092273807510253e+00 1.878933457219153047e+08
9.442530084199674434e+00 1.816424474579795897e+08
9.451977337122700717e+00 1.854495956456505060e+08
9.461434042023851632e+00 1.782675403417816758e+08
9.470900208359843475e+00 1.725668739445136189e+08
9.480375845596832107e+00 1.938976045375807583e+08
9.489860963210444922e+00 1.800102231869254708e+08
9.499355570685795058e+00 1.810166814581233263e+08
9.508859677517522258e+00 1.708714320929891765e+08
9.518373293209727137e+00 1.705346787332105339e+08
9.527896427276015601e+00 1.685918522695046663e+08
9.537429089239532587e+00 1.464631510171865523e+08
9.546971288632937203e+00 1.703969841379681826e+08
9.556523034998413380e+00 1.585071243312950432e+08
9.566084337887714284e+00 1.564054334704325199e+08
9.575655206862155211e+00 1.564719368968419135e+08
9.585235651492601150e+00 1.542836178109942973e+08
9.594825681359491654e+00 1.478902225561234951e+08
9.604425306052856826e+00 1.438169264469490647e+08
9.614034535172327978e+00 1.512602027676792443e+08
9.623653378327144736e+00 1.368831681449457705e+08
9.633281845136142607e+00 1.356329634694429040e+08
9.642919945227788503e+00 1.438713282544380128e+08
9.652567688240175414e+00 1.502540869060479403e+08
9.662225083821059712e+00 1.599750277517119646e+08
9.671892141627827399e+00 1.549577626641095579e+08
9.681568871327542070e+00 1.665272481925529242e+08
9.691255282596946685e+00 1.674999330638989210e+08
9.700951385122440485e+00 1.594743376043784916e+08
9.710657188600118062e+00 1.552678697576022744e+08
9.720372702735790682e+00 1.477363318537337482e+08
9.730097937244991613e+00 1.459136349548902810e+08
9.739832901852937042e+00 1.597414292316425741e+08
9.749577606294584697e+00 1.522103981010932028e+08
9.759332060314648061e+00 1.512494121521711946e+08
9.769096273667583930e+00 1.435421224671172798e+08
9.778870256117615511e+00 1.454193641037319601e+08
9.788654017438732424e+00 1.475716317102404535e+08
9.798447567414664050e+00 1.485338998401786387e+08
9.808250915838973683e+00 1.419819942272482216e+08
9.818064072515031881e+00 1.475126391621080339e+08
9.827887047255972064e+00 1.415687677175773680e+08
9.837719849884754453e+00 1.456735870021858215e+08
9.847562490234214039e+00 1.465030035326495469e+08
9.857414978147000184e+00 1.400766877502119839e+08
9.867277323475576623e+00 1.576022552764593363e+08
9.877149536082288961e+00 1.629733491084108055e+08
9.887031625839359350e+00 1.551921984085068107e+08
9.896923602628888261e+00 1.587917990137731433e+08
9.906825476342849157e+00 1.596733221138729751e+08
9.916737256883115137e+00 1.596120810049572587e+08
9.926658954161467818e+00 1.401712622325285971e+08
9.936590578099599114e+00 1.417219918509936631e+08
9.946532138629125441e+00 1.699354290727073252e+08
9.956483645691628581e+00 1.556635956267076731e+08
9.966445109238607714e+00 1.710513367615586519e+08
9.976416539231488301e+00 1.757484392711816430e+08
9.986397945641751761e+00 1.641507702059046328e+08
9.996389338450816453e+00 1.707059204829497039e+08
1.000639072765004123e+01 1.737217911654789448e+08
1.001640212324083024e+01 1.746962206722282469e+08
1.002642353523456720e+01 1.266502623326604068e+08
1.003645497365266870e+01 1.680236087833166122e+08
1.004649644852658774e+01 1.712855464075822532e+08
1.005654796989779420e+01 1.768523457829379737e+08
1.006660954781781925e+01 1.709620529791032672e+08
1.007668119234822868e+01 1.827824820132797658e+08
1.008676291356065136e+01 1.668178597481587529e+08
1.009685472153683961e+01 1.823364024064917862e+08
1.010695662636857328e+01 1.854686667644987702e+08
1.011706863815775748e+01 1.310847688277112991e+08
1.012719076701644383e+01 1.375537850902380049e+08
1.013732302306676303e+01 1.490221279213456213e+08
1.014746541644093547e+01 1.777381563180699348e+08
1.015761795728136363e+01 1.770520527643712461e+08
1.016778065574060363e+01 1.792018473668514490e+08
1.017795352198134040e+01 1.703987979273081720e+08
1.018813656617644803e+01 1.888795678228148818e+08
1.019832979850896315e+01 1.754326257324068248e+08
1.020853322917211337e+01 1.695233353927061260e+08
1.021874686836936519e+01 1.251443976039301157e+08
1.022897072631432991e+01 1.623099291917094588e+08
1.023920481323086840e+01 1.922767961120769382e+08
1.024944913935308044e+01 1.521617534956779182e+08
1.025970371492529942e+01 1.397994069510675073e+08
1.026996855020209765e+01 1.347323088509368002e+08
1.028024365544828811e+01 1.558378577360532582e+08
1.029052904093896892e+01 1.399889676018265486e+08
1.030082471695954105e+01 1.452166412127439082e+08
1.031113069380570302e+01 1.369157555186128318e+08
1.032144698178340825e+01 1.695787809068520665e+08
1.033177359120896099e+01 1.632351071325315535e+08
1.034211053240895950e+01 1.703402298668036759e+08
1.035245781572035639e+01 1.539580196811487079e+08
1.036281545149045868e+01 1.647131233004512489e+08
1.037318345007685672e+01 1.817445575695571005e+08
1.038356182184754672e+01 1.723663633177135587e+08
1.039395057718094506e+01 1.694401524286886752e+08
1.040434972646577272e+01 1.713427240164912343e+08
1.041475928010119567e+01 1.741246054408034384e+08
1.042517924849676270e+01 1.593317848056746423e+08
1.043560964207244091e+01 1.730326880656257272e+08
1.044605047125863351e+01 1.598154728320325315e+08
1.045650174649616382e+01 1.525150394136993885e+08
1.046696347823632323e+01 1.475938163119025230e+08
1.047743567694081790e+01 1.601205473977012336e+08
1.048791835308187714e+01 1.615956296997576654e+08
1.049841151714219301e+01 1.340403601173727810e+08
1.050891517961488475e+01 1.321842341901305169e+08
1.051942935100361431e+01 1.157700744428075999e+08
1.052995404182255434e+01 7.644777102848505974e+07
1.054048926259641661e+01 1.188488101409661472e+08
1.055103502386043246e+01 1.326048647149198055e+08
1.056159133616034929e+01 1.553903720373503566e+08
1.057215821005249445e+01 1.501664491304065585e+08
1.058273565610372025e+01 1.606578517238905132e+08
1.059332368489147136e+01 1.597815128781539798e+08
1.060392230700380445e+01 1.710589241460320354e+08
1.061453153303934371e+01 1.708608333051722348e+08
1.062515137360728978e+01 1.617804090003755093e+08
1.063578183932750854e+01 1.562561559220722616e+08
1.064642294083046359e+01 1.791350138337614834e+08
1.065707468875722519e+01 1.758355282956894338e+08
1.066773709375955193e+01 1.856681532493414879e+08
1.067841016649985519e+01 1.776750242293479741e+08
1.068909391765121519e+01 1.941271923529300392e+08
1.069978835789740934e+01 1.881994956372833848e+08
1.071049349793284122e+01 1.853656193203272820e+08
1.072120934846262230e+01 1.888611048051107526e+08
1.073193592020264830e+01 1.707747894062865376e+08
1.074267322387948376e+01 1.855545979184352160e+08
1.075342127023045435e+01 1.500625513719479442e+08
1.076418007000360966e+01 1.736413415847083032e+08
1.077494963395772487e+01 1.977541507976700068e+08
1.078572997286235946e+01 1.785397572069987655e+08
1.079652109749786604e+01 1.934296641970946789e+08
1.080732301865535838e+01 1.768578794540480375e+08
1.081813574713675052e+01 1.767892570124075711e+08
1.082895929375480470e+01 1.713635210437415838e+08
1.083979366933308341e+01 1.273968866950662732e+08
1.085063888470592630e+01 1.695878667500820458e+08
1.086149495071854787e+01 1.716850350959625244e+08
1.087236187822703393e+01 1.790147283085072041e+08
1.088323967809830783e+01 1.765975961349320412e+08
1.089412836121015538e+01 1.704784292617459595e+08
1.090502793845127272e+01 1.688206173824780583e+08
1.091593842072125575e+01 1.447734970935691595e+08
1.092685981893055747e+01 1.498455304656423032e+08
1.093779214400056965e+01 1.646280211621812582e+08
1.094873540686364244e+01 1.635197465195218027e+08
1.095968961846305412e+01 1.644171744968196452e+08
1.097065478975298625e+01 1.603897183838379979e+08
1.098163093169861249e+01 1.592694520336516500e+08
1.099261805527609326e+01 1.359994146706443727e+08
1.100361617147250470e+01 1.125354649759286642e+08
1.101462529128598611e+01 1.485692768813575208e+08
1.102564542572569728e+01 1.467398190925554037e+08
1.103667658581177058e+01 1.385832550879486501e+08
1.104771878257536777e+01 1.417803228102051020e+08
1.105877202705865159e+01 1.380170838440598845e+08
1.106983633031488701e+01 1.298928527779013067e+08
1.108091170340838083e+01 1.201334924233942032e+08
1.109199815741450301e+01 1.302774984823993295e+08
1.110309570341971686e+01 1.373606987133310139e+08
1.111420435252153993e+01 1.406498399529782832e+08
1.112532411582863290e+01 1.342287328407768607e+08
1.113645500446078351e+01 1.390209134381985664e+08
1.114759702954887644e+01 1.044806765822665393e+08
1.115875020223492164e+01 1.156436423426773399e+08
1.116991453367207754e+01 1.122981134270113558e+08
1.118109003502470777e+01 1.158850877105978429e+08
1.119227671746831376e+01 1.142613285895511359e+08
1.120347459218956310e+01 1.073055110815735459e+08
1.121468367038634106e+01 1.015201942725068182e+08
1.122590396326773821e+01 9.850102573504242301e+07
1.123713548205403256e+01 9.399460974636529386e+07
1.124837823797674297e+01 1.002782773413868994e+08
1.125963224227863257e+01 1.000537235504913032e+08
1.127089750621371778e+01 8.382898444474335015e+07
1.128217404104722554e+01 9.109241746617425978e+07
1.129346185805569291e+01 9.468249249991916120e+07
1.130476096852695456e+01 9.056198127062670887e+07
1.131607138376011612e+01 9.313710457739757001e+07
1.132739311506561641e+01 8.634425526205410063e+07
1.133872617376518122e+01 9.096194972228945792e+07
1.135007057119186236e+01 8.842771928252643347e+07
1.136142631869005903e+01 8.940800168401640654e+07
1.137279342761551248e+01 7.949559480693621933e+07
1.138417190933534684e+01 7.964709909894424677e+07
1.139556177522804603e+01 7.471987973515760899e+07
1.140696303668344669e+01 7.591659516034823656e+07
1.141837570510285005e+01 7.298032041565468907e+07
1.142979979189892958e+01 6.820857432082337141e+07
1.144123530849573278e+01 7.112700519176332653e+07
1.145268226632879305e+01 7.400063423703548312e+07
1.146414067684506044e+01 6.415811371595716476e+07
1.147561055150295850e+01 6.830587075175198913e+07
1.148709190177237893e+01 6.766966560795068741e+07
1.149858473913466561e+01 6.376711866279708594e+07
1.151008907508264123e+01 6.265057770943371207e+07
1.152160492112064460e+01 6.273442588417771459e+07
1.153313228876454133e+01 6.756959485782532394e+07
1.154467118954168825e+01 6.135437737146075070e+07
1.155622163499099919e+01 5.642718792627274245e+07
1.156778363666291476e+01 6.169575727951376140e+07
1.157935720611939345e+01 5.947247053180792928e+07
1.159094235493406444e+01 5.877227141904797405e+07
1.160253909469204991e+01 5.335941340791014582e+07
1.161414743699006635e+01 5.660397798224025965e+07
1.162576739343652221e+01 5.338758621592594683e+07
1.163739897565136694e+01 4.979305345989999920e+07
1.164904219526613538e+01 5.793832533919920772e+07
1.166069706392407035e+01 4.893670843881924450e+07
1.167236359328002493e+01 4.493931450505799800e+07
1.168404179500053175e+01 5.785024619218822569e+07
1.169573168076382252e+01 4.719070118230269849e+07
1.170743326225975878e+01 4.282782301387424767e+07
1.171914655118992599e+01 5.316658124200173467e+07
1.173087155926761760e+01 4.377750079781725258e+07
1.174260829821783325e+01 4.216374552981244028e+07
1.175435677977733384e+01 5.061220459870654345e+07
1.176611701569460777e+01 4.805155071712723374e+07
1.177788901772987806e+01 3.922106450298310071e+07
1.178967279765513254e+01 4.451125256812005490e+07
1.180146836725415938e+01 4.563062128652272373e+07
1.181327573832253641e+01 4.212324416176258028e+07
1.182509492266764717e+01 4.161973483838469535e+07
1.183692593210868438e+01 5.202030051133982837e+07
1.184876877847663401e+01 4.717318579395291954e+07
1.186062347361432678e+01 3.837735882776527852e+07
1.187249002937649855e+01 4.963023341978094727e+07
1.188436845762971572e+01 6.744632834593544900e+07
1.189625877025236811e+01 3.525817206446912140e+07
1.190816097913477911e+01 4.539764136845439672e+07
1.192007509617916661e+01 8.601203073122286797e+07
1.193200113329961809e+01 3.421766893953002244e+07
1.194393910242220258e+01 4.563205068276409805e+07
1.195588901548488714e+01 8.509496343157234788e+07
1.196785088443757417e+01 4.733838607707311213e+07
1.197982472124212805e+01 5.052665688991938531e+07
1.199181053787241602e+01 7.244966355844578147e+07
1.200380834631422822e+01 5.363329340161110461e+07
1.201581815856538427e+01 4.574916303078082204e+07
1.202783998663571730e+01 7.158267648625075817e+07
1.203987384254702775e+01 7.202806773503597081e+07
1.205191973833318109e+01 4.043590434240762889e+07
1.206397768604006693e+01 5.571843802211256325e+07
1.207604769772563813e+01 6.825614217684273422e+07
1.208812978545991257e+01 3.686016121381983906e+07
1.210022396132499090e+01 4.430380405124732107e+07
1.211233023741503700e+01 8.597756271249015629e+07
1.212444862583633132e+01 3.432632171462508291e+07
1.213657913870727256e+01 4.051325865749307722e+07
1.214872178815835468e+01 7.196775637587673962e+07
1.216087658633222013e+01 4.013920655448360741e+07
1.217304354538368472e+01 5.518082813988586515e+07
1.218522267747971277e+01 7.357701488449962437e+07
1.219741399479943134e+01 4.691802901272216439e+07
1.220961750953417990e+01 4.101898843667428941e+07
1.222183323388744647e+01 5.474761784329672158e+07
1.223406118007494747e+01 5.946399896020521224e+07
1.224630136032464556e+01 3.818871769308997691e+07
1.225855378687672292e+01 5.496802345196851343e+07
1.227081847198362219e+01 6.516305952596157044e+07
1.228309542791001974e+01 3.634427458180981874e+07
1.229538466693285770e+01 5.264752616187021881e+07
1.230768620134138125e+01 7.042742271700227261e+07
1.232000004343713506e+01 3.945673189099969715e+07
1.233232620553395975e+01 5.819502851595585793e+07
1.234466469995803273e+01 6.119413041230931133e+07
1.235701553904784689e+01 4.480047475051329285e+07
1.236937873515422659e+01 5.391036972563861310e+07
1.238175430064036320e+01 5.377636277216022462e+07
1.239414224788182928e+01 5.391601434571487457e+07
1.240654258926657327e+01 4.605963298720635474e+07
1.241895533719494793e+01 5.620358782191894948e+07
1.243138050407970141e+01 5.660974135536575317e+07
1.244381810234597729e+01 4.290077281001913548e+07
1.245626814443139274e+01 6.555401303096207976e+07
1.246873064278601007e+01 4.932289879678981006e+07
1.248120560987228522e+01 4.026257903769088537e+07
1.249369305816520281e+01 6.750619729992994666e+07
1.250619300015223345e+01 5.642734977306362242e+07
1.251870544833331600e+01 3.927895186397209764e+07
1.253123041522088243e+01 5.663569423215435445e+07
1.254376791333988095e+01 5.909481885987477750e+07
1.255631795522783989e+01 4.772535761147099733e+07
1.256888055343483224e+01 5.465408062898609787e+07
1.258145572052343297e+01 6.432893285001233965e+07
1.259404346906877592e+01 4.991004208285392821e+07
1.260664381165862302e+01 6.101430832334959507e+07
1.261925676089335191e+01 6.250678633952351660e+07
1.263188232938587952e+01 5.055986650676070154e+07
1.264452052976177043e+01 6.271125982922089100e+07
1.265717137465927955e+01 7.297512935719811916e+07
1.266983487672921349e+01 6.416941586945056915e+07
1.268251104863505674e+01 7.305352514333465695e+07
1.269519990305300539e+01 7.419425641847343743e+07
1.270790145267191740e+01 5.755536403928381205e+07
1.272061571019333925e+01 6.779343252298226953e+07
1.273334268833151661e+01 7.841904629692032933e+07
1.274608239981345470e+01 6.988910812573629618e+07
1.275883485737886680e+01 6.980712662696430087e+07
1.277160007378020090e+01 8.671716594310539961e+07
1.278437806178266989e+01 7.266247540548951924e+07
1.279716883416425510e+01 8.194601323213429749e+07
1.280997240371574897e+01 7.585616653416110575e+07
1.282278878324071059e+01 8.768514861416842043e+07
1.283561798555550659e+01 7.070473545511978865e+07
1.284846002348936622e+01 9.480691965241625905e+07
1.286131490988431381e+01 8.297125346458621323e+07
1.287418265759523628e+01 8.310935948865619302e+07
1.288706327948990271e+01 8.545617962976478040e+07
1.289995678844894478e+01 9.193376957282304764e+07
1.291286319736583721e+01 9.686153937584415078e+07
1.292578251914697951e+01 1.057642538248721510e+08
1.293871476671172793e+01 8.854214349103260040e+07
1.295165995299232620e+01 9.870847174671989679e+07
1.296461809093395523e+01 9.885337056017725170e+07
1.297758919349474738e+01 9.260430987224808335e+07
1.299057327364582903e+01 1.040848477939196676e+08
1.300357034437127801e+01 9.880086056690590084e+07
1.301658041866812354e+01 9.442853524602250755e+07
1.302960350954645996e+01 1.065266921414474398e+08
1.304263963002939519e+01 9.907874864634005725e+07
1.305568879315306674e+01 1.153437659560033530e+08
1.306875101196661504e+01 1.100545647138760239e+08
1.308182629953226872e+01 1.072488110316131711e+08
1.309491466892529665e+01 1.021897312193923742e+08
1.310801613323407544e+01 1.176787020770594329e+08
1.312113070556008587e+01 1.101723260281380564e+08
1.313425839901791292e+01 1.183140874183546305e+08
1.314739922673523687e+01 1.040583905765980482e+08
1.316055320185286348e+01 1.223278109622358084e+08
1.317372033752479865e+01 1.156703772863087654e+08
1.318690064691818620e+01 1.255172370340995193e+08
1.320009414321328833e+01 1.039175198501322865e+08
1.321330083960363133e+01 1.136771867058088928e+08
1.322652074929591492e+01 1.089549752853825539e+08
1.323975388551004784e+01 1.266289705142081976e+08
1.325300026147915844e+01 1.050860158297079951e+08
1.326625989044964449e+01 1.114820711848410070e+08
1.327953278568112516e+01 1.138508999914702028e+08
1.329281896044648903e+01 1.223723860520461500e+08
1.330611842803193312e+01 1.176682670311989188e+08
1.331943120173693274e+01 1.274372929314447194e+08
1.333275729487423966e+01 1.119063200416510850e+08
1.334609672076993725e+01 1.334956796137885004e+08
1.335944949276346172e+01 1.005475987707270831e+08
1.337281562420759862e+01 1.301641431022116989e+08
1.338619512846847215e+01 1.149817256244310737e+08
1.339958801892558071e+01 1.355738842578684092e+08
1.341299430897182177e+01 1.145914601838636845e+08
1.342641401201349538e+01 1.244779640354244560e+08
1.343984714147030957e+01 1.091054723053714037e+08
1.345329371077539982e+01 1.328399584309727550e+08
1.346675373337531489e+01 1.067472653596709520e+08
1.348022722273005236e+01 9.605466523338267207e+07
1.349371419231313141e+01 7.401023040206645429e+07
1.350721465561153423e+01 1.019851672550251037e+08
1.352072862612571136e+01 1.108847683242990524e+08
1.353425611736962608e+01 1.151899476290711313e+08
1.354779714287080061e+01 1.138906188096109927e+08
1.356135171617024326e+01 1.187762201371749043e+08
1.357491985082253727e+01 1.199804762606322914e+08
1.358850156039581769e+01 1.149672277060364187e+08
1.360209685847177141e+01 1.266143088598241210e+08
1.361570575864573662e+01 1.089123388187785000e+08
1.362932827452661932e+01 1.304873086990353018e+08
1.364296441973689866e+01 1.032559990140151680e+08
1.365661420791272107e+01 1.326782225288957655e+08
1.367027765270389139e+01 9.602604363519573212e+07
1.368395476777384623e+01 1.129459826939581633e+08
1.369764556679970546e+01 9.661184720565250516e+07
1.371135006347225982e+01 1.137834899203563482e+08
1.372506827149601527e+01 9.434442141374945641e+07
1.373880020458919660e+01 1.411112463496944010e+08
1.375254587648374383e+01 1.011057547755928934e+08
1.376630530092532290e+01 1.347420349159068763e+08
1.378007849167333632e+01 1.112506637246952355e+08
1.379386546250100665e+01 1.285765413363589644e+08
1.380766622719529657e+01 1.241786358403308988e+08
1.382148079955695330e+01 1.265465902336926907e+08
1.383530919340054588e+01 1.267768462412145138e+08
1.384915142255448472e+01 1.084867768773846775e+08
1.386300750086100031e+01 9.758332022283655405e+07
1.387687744217617691e+01 3.905408286982169747e+07
1.389076126036993308e+01 4.165731643722938001e+07
1.390465896932608914e+01 6.699521098940795660e+07
1.391857058294238314e+01 7.656019736701226234e+07
1.393249611513042652e+01 1.032799680987891108e+08
1.394643557981579285e+01 9.734941299212440848e+07
1.396038899093789354e+01 1.084273811533187479e+08
1.397435636245010393e+01 1.040967082045020610e+08
1.398833770831983081e+01 9.731989719766564667e+07
1.400233304252842537e+01 1.167423179475978762e+08
1.401634237907123293e+01 7.838361317955251038e+07
1.403036573195758763e+01 1.098867384781673402e+08
1.404440311521085327e+01 8.820963767503651977e+07
1.405845454286841267e+01 9.193957463795103133e+07
1.407252002898167476e+01 8.814746213881245255e+07
1.408659958761614028e+01 8.882676131322969496e+07
1.410069323285138765e+01 8.606600931775930524e+07
1.411480097878105155e+01 8.087344903750373423e+07
1.412892283951284611e+01 8.512593748485317826e+07
1.414305882916865897e+01 7.757925720646612346e+07
1.415720896188447142e+01 7.930525773597888649e+07
1.417137325181041696e+01 7.182271414642465115e+07
1.418555171311082397e+01 6.609126677394029498e+07
1.419974435996411799e+01 7.886067818324404955e+07
1.421395120656291056e+01 6.100412736657645553e+07
1.422817226711411465e+01 7.658696376357348263e+07
1.424240755583879192e+01 6.722691754566480219e+07
1.425665708697219713e+01 6.344233925495691597e+07
1.427092087476386340e+01 6.552956435574838519e+07
1.428519893347759151e+01 5.352746364602082968e+07
1.429949127739145354e+01 7.522769331198365986e+07
1.431379792079778213e+01 4.551712922491420060e+07
1.432811887800320072e+01 6.354059656371603906e+07
1.434245416332871059e+01 5.648822441294059157e+07
1.435680379110961091e+01 4.924847068243563920e+07
1.437116777569548276e+01 6.134769298099159449e+07
1.438554613145031702e+01 4.254702683057072759e+07
1.439993887275247175e+01 6.141891302028694004e+07
1.441434601399467219e+01 3.753643367265106738e+07
1.442876756958409423e+01 5.584321775533899665e+07
1.444320355394230226e+01 4.668655861472511292e+07
1.445765398150527048e+01 4.282668446477844566e+07
1.447211886672343439e+01 5.204698477935800701e+07
1.448659822406168018e+01 3.596814189646264911e+07
1.450109206799934469e+01 5.000532094724253565e+07
1.451560041303029891e+01 3.560233343606279790e+07
1.453012327366288048e+01 4.646786055696031451e+07
1.454466066441992744e+01 3.937854524657648802e+07
1.455921259983884752e+01 3.954073157775249332e+07
1.457377909447158437e+01 4.535890713295228034e+07
1.458836016288461934e+01 3.319030516355076060e+07
1.460295581965901945e+01 4.605604359802692384e+07
1.461756607939045161e+01 3.324085260247451439e+07
1.463219095668918968e+01 4.188414542274869978e+07
1.464683046618012519e+01 3.637460407883947343e+07
1.466148462250275486e+01 3.610653884364695847e+07
1.467615344031121793e+01 4.041995637642249465e+07
1.469083693427434589e+01 3.254380193001613393e+07
1.470553511907563937e+01 4.237185518951059133e+07
1.472024800941326284e+01 3.182116016609797254e+07
1.473497562000010674e+01 3.854944538002797216e+07
1.474971796556379466e+01 3.525764535710442066e+07
1.476447506084667616e+01 3.477830687521268427e+07
1.477924692060583922e+01 3.957120978674192727e+07
1.479403355961316180e+01 3.166005363282112777e+07
1.480883499265527448e+01 4.172247780811613053e+07
1.482365123453359068e+01 3.284605991602915153e+07
1.483848230006438307e+01 3.841817019061633945e+07
1.485332820407873911e+01 3.606655408346355706e+07
1.486818896142254509e+01 3.471441785595304519e+07
1.488306458695654122e+01 3.996479799091049284e+07
1.489795509555635178e+01 3.209764601864860207e+07
1.491286050211251180e+01 3.747139848383675516e+07
1.492778082153043151e+01 3.186436487022092566e+07
1.494271606873038927e+01 3.328786825572863594e+07
1.495766625864763810e+01 3.507586662798397988e+07
1.497263140623239330e+01 4.051562848542545736e+07
1.498761152644982886e+01 3.331176322204726934e+07
1.500260663428004371e+01 3.326312138787912205e+07
1.501761674471810615e+01 3.484316461314324290e+07
1.503264187277415687e+01 4.233907084740170836e+07
1.504768203347334321e+01 3.768217493277744204e+07
1.506273724185582452e+01 3.995496278453941643e+07
1.507780751297680233e+01 4.321027491098841280e+07
1.509289286190657009e+01 3.379266849499582499e+07
1.510799330373045635e+01 4.599898790815906972e+07
1.512310885354890289e+01 3.257119578520626202e+07
1.513823952647746296e+01 4.253654396299337596e+07
1.515338533764681372e+01 3.631232556130295247e+07
1.516854630220275624e+01 3.676274441930412501e+07
1.518372243530625454e+01 4.043116104605881870e+07
1.519891375213346763e+01 3.268851197469795495e+07
1.521412026787568195e+01 4.396716299795069546e+07
1.522934199773943043e+01 3.238811780040808767e+07
1.524457895694642851e+01 4.246946142714162916e+07
1.525983116073368073e+01 3.652142112833424658e+07
1.527509862435336885e+01 3.736304648900371045e+07
1.529038136307294238e+01 4.191219490210833400e+07
1.530567939217513640e+01 3.315903832402737811e+07
1.532099272695800884e+01 4.410150048476288468e+07
1.533632138273488899e+01 3.327884435235391930e+07
1.535166537483442539e+01 4.506199077811936289e+07
1.536702471860061792e+01 3.861759661537028104e+07
1.538239942939280347e+01 4.035910092232207954e+07
1.539778952258570932e+01 4.629844177121761441e+07
1.541319501356943356e+01 3.549692376227805763e+07
1.542861591774943264e+01 4.940815320000050962e+07
1.544405225054664044e+01 3.576848996634174883e+07
1.545950402739738649e+01 5.006512632375172526e+07
1.547497126375344756e+01 4.492061857405810803e+07
1.549045397508206356e+01 4.320291245196915418e+07
1.550595217686592875e+01 5.579853136031790078e+07
1.552146588460326093e+01 3.740973214587504417e+07
1.553699511380775711e+01 6.178791264094801247e+07
1.555253988000867871e+01 3.919118076908050478e+07
1.556810019875076989e+01 5.970289274804941565e+07
1.558367608559435347e+01 5.351614804880493134e+07
1.559926755611532379e+01 5.037347490317185968e+07
1.561487462590514674e+01 6.567497683922322839e+07
1.563049731057092373e+01 4.492704016137160361e+07
1.564613562573530814e+01 7.120697586393891275e+07
1.566178958703660662e+01 4.688162695042304695e+07
1.567745921012879506e+01 6.360930678643240780e+07
1.569314451068148308e+01 5.978448798410791904e+07
1.570884550437998328e+01 5.785720084957712889e+07
1.572456220692530415e+01 7.439127300816580653e+07
1.574029463403412876e+01 4.704248832892441005e+07
1.575604280143891245e+01 8.070361264053964615e+07
1.577180672488782243e+01 6.119880028018297255e+07
1.578758642014476088e+01 6.679032593098454922e+07
1.580338190298943246e+01 7.442372150210519135e+07
1.581919318921733897e+01 5.663839296828759462e+07
1.583502029463975269e+01 8.858863772656685114e+07
1.585086323508377326e+01 6.444176241942915320e+07
1.586672202639235074e+01 7.594025017192661762e+07
1.588259668442427319e+01 7.538715869050630927e+07
1.589848722505419154e+01 7.494577075162421167e+07
1.591439366417263379e+01 8.908886591736665368e+07
1.593031601768606009e+01 7.761082001507744193e+07
1.594625430151684498e+01 8.001464120453688502e+07
1.596220853160327735e+01 7.862202548293308914e+07
1.597817872389959071e+01 7.926610226434874535e+07
1.599416489437596667e+01 6.200043985511866957e+07
1.601016705901853143e+01 9.439321829107031226e+07
1.602618523382946947e+01 8.097315662300761044e+07
1.604221943482700397e+01 9.760703040069261193e+07
1.605826967804530980e+01 8.714226059839372337e+07
1.607433597953463433e+01 9.225162425913096964e+07
1.609041835536128318e+01 1.047086119273386151e+08
1.610651682160760245e+01 7.635996893030844629e+07
1.612263139437211734e+01 1.016678646075160503e+08
1.613876208976935800e+01 9.273104390818992257e+07
1.615490892393001587e+01 8.910284062973734736e+07
1.617107191300096147e+01 7.555223012512543797e+07
1.618725107314516620e+01 3.245449482013063878e+07
1.620344642054176632e+01 4.522895251481870562e+07
1.621965797138613041e+01 5.890155292846524715e+07
1.623588574188982747e+01 5.450908078447629511e+07
1.625212974828060197e+01 8.666443279766522348e+07
1.626839000680249114e+01 8.949506835442349315e+07
1.628466653371572548e+01 8.298846959720759094e+07
1.630095934529685664e+01 9.841420184964820743e+07
1.631726845783870772e+01 7.203335157854327559e+07
1.633359388765037323e+01 9.222729719455276430e+07
1.634993565105728308e+01 1.008947556654864103e+08
1.636629376440121675e+01 7.994222501237364113e+07
1.638266824404027489e+01 9.824068090081053972e+07
1.639905910634891484e+01 9.650256489738035202e+07
1.641546636771804657e+01 8.323894498113439977e+07
1.643189004455492608e+01 9.851943935795129836e+07
1.644833015328320514e+01 7.747372366742765903e+07
1.646478671034300234e+01 1.003987461295839250e+08
1.648125973219089246e+01 1.010205166897156388e+08
1.649774923529989934e+01 7.864393781947068870e+07
1.651425523615948521e+01 1.049303808808362186e+08
1.653077775127569637e+01 8.038514898013271391e+07
1.654731679717104242e+01 8.334750010323539376e+07
1.656387239038455306e+01 1.036799951256025583e+08
1.658044454747182783e+01 7.855894536841402948e+07
1.659703328500502195e+01 1.024282994555801004e+08
1.661363861957294219e+01 9.503811428567190468e+07
1.663026056778087991e+01 8.289126545441280305e+07
1.664689914625072475e+01 1.015146664414765686e+08
1.666355437162107833e+01 6.693033324128930271e+07
1.668022626054720448e+01 9.966037759180948138e+07
1.669691482970098306e+01 1.057107737699533403e+08
1.671362009577098107e+01 8.197888897605903447e+07
1.673034207546247387e+01 9.994335305582410097e+07
1.674708078549743107e+01 6.021387693511980027e+07
1.676383624261456973e+01 7.961782462794208527e+07
1.678060846356936153e+01 9.148019692884749174e+07
1.679739746513401144e+01 7.787509725079667568e+07
1.681420326409750388e+01 7.600975847704598308e+07
1.683102587726567378e+01 9.562478406079094112e+07
1.684786532146112137e+01 8.267438779982785881e+07
1.686472161352329380e+01 9.910238659739162028e+07
1.688159477030848521e+01 7.407948948738428950e+07
1.689848480868984737e+01 4.941433159881068021e+07
1.691539174555743941e+01 8.575545187568366528e+07
1.693231559781817452e+01 8.541657976903477311e+07
1.694925638239588395e+01 1.024178537706406415e+08
1.696621411623138798e+01 1.019277196805855036e+08
1.698318881628241783e+01 8.744206586627279222e+07
1.700018049952368671e+01 1.077119503197271377e+08
1.701718918294688265e+01 9.896456635696603358e+07
1.703421488356068281e+01 9.280577806208793819e+07
1.705125761839080667e+01 1.038605670267212242e+08
1.706831740447996992e+01 9.262882744814638793e+07
1.708539425888794483e+01 1.011664562921805382e+08
1.710248819869159220e+01 7.698231146391049027e+07
1.711959924098485786e+01 8.918653581432282925e+07
1.713672740287879037e+01 1.052353898022480309e+08
1.715387270150155175e+01 1.003976392406083941e+08
1.717103515399843872e+01 9.140465942653957009e+07
1.718821477753190763e+01 9.248802005675168335e+07
1.720541158928159575e+01 6.879486981385013461e+07
1.722262560644431417e+01 5.851303658842740953e+07
1.723985684623405490e+01 9.400296030789911747e+07
1.725710532588209745e+01 9.176664257045485079e+07
1.727437106263688449e+01 1.024534895669345111e+08
1.729165407376416042e+01 1.006165147259688675e+08
1.730895437654698199e+01 9.347850079757529497e+07
1.732627198828563309e+01 9.792212400738874078e+07
1.734360692629769218e+01 8.393256080988748372e+07
1.736095920791811054e+01 5.838767976251707971e+07
1.737832885049919440e+01 9.203098369729438424e+07
1.739571587141055886e+01 9.476646384033749998e+07
1.741312028803920597e+01 9.731555892913039029e+07
1.743054211778958518e+01 9.997527999497847259e+07
1.744798137808355420e+01 9.393673471143311262e+07
1.746543808636037198e+01 1.009678977703626603e+08
1.748291226007674126e+01 1.001234498673846573e+08
1.750040391670682638e+01 7.954012842155581713e+07
1.751791307374228168e+01 9.488940737718370557e+07
1.753543974869225153e+01 9.533631819404120743e+07
1.755298395908345199e+01 7.890085352300208807e+07
1.757054572246007496e+01 5.554878502427488565e+07
1.758812505638386270e+01 8.661351130487205088e+07
1.760572197843420028e+01 8.821736286598275602e+07
1.762333650620799119e+01 6.009012136084743589e+07
1.764096865731976393e+01 7.320369394580081105e+07
1.765861844940165071e+01 9.179871694036096334e+07
1.767628590010343714e+01 9.557326684657381475e+07
1.769397102709259428e+01 9.533567416975104809e+07
1.771167384805425016e+01 9.365706442339420319e+07
1.772939438069122886e+01 9.448847883325295150e+07
1.774713264272407542e+01 6.798024076797579229e+07
1.776488865189103805e+01 7.947172160722362995e+07
1.778266242594811430e+01 9.471533527610781789e+07
1.780045398266910084e+01 9.748021632449552417e+07
1.781826333984556499e+01 9.673660935214357078e+07
1.783609051528684830e+01 9.225857134438805282e+07
1.785393552682015539e+01 9.758489180204139650e+07
1.787179839229047218e+01 9.549833657417058945e+07
1.788967912956065831e+01 9.712705853720048070e+07
1.790757775651144357e+01 9.688409929097619653e+07
1.792549429104150249e+01 9.223142522671468556e+07
1.794342875106735136e+01 8.122606178313660622e+07
1.796138115452342987e+01 9.466242311673067510e+07
1.797935151936216158e+01 9.347706976693291962e+07
1.799733986355390414e+01 9.317931366016682982e+07
1.801534620508700968e+01 8.540305108407963812e+07
1.803337056196783905e+01 6.084474638771740347e+07
1.805141295222070497e+01 9.024859343405337632e+07
1.806947339388802121e+01 9.355677756062942743e+07
1.808755190503026711e+01 9.189213417076146603e+07
1.810564850372592005e+01 8.528050434765033424e+07
1.812376320807159047e+01 9.326943031580036879e+07
1.814189603618197211e+01 9.095101581413063407e+07
1.816004700618987755e+01 8.625800267193506658e+07
1.817821613624629862e+01 6.496659134476093203e+07
1.819640344452037084e+01 8.371750526719494164e+07
1.821460894919938411e+01 8.996917066898761690e+07
1.823283266848886086e+01 8.784575286992686987e+07
1.825107462061255248e+01 6.587860371247150004e+07
1.826933482381239671e+01 8.327704433742667735e+07
1.828761329634858512e+01 7.946691591069979966e+07
1.830591005649957737e+01 5.255443014099465311e+07
1.832422512256215796e+01 7.059999077169845998e+07
1.834255851285137595e+01 5.115239118597947806e+07
1.836091024570062658e+01 7.384470783780537546e+07
1.837928033946165485e+01 8.268159154878108203e+07
