# wavelength[um] flux[W/sr/m2/um]
4.043958187339406152e+00 nan
4.048004168179851980e+00 5.245885691877875123e-01
4.052054197024798299e+00 4.520988733272162663e-01
4.056108277924278305e+00 3.166568267510324608e-01
4.060166414932374401e+00 4.698986230139318154e-01
4.064228612107225302e+00 3.801344275576347687e-01
4.068294873511027809e+00 5.948650904505249359e-01
4.072365203210039475e+00 5.157981740180958008e-01
4.076439605274588374e+00 3.956716401732966459e-01
4.080518083779084648e+00 2.836695592188284709e-01
4.084600642802003634e+00 6.853372894167473195e-01
4.088687286425909839e+00 5.815244903792087250e-01
4.092778018737446288e+00 5.327727458975654029e-01
4.096872843827346067e+00 4.139571796926811986e-01
4.100971765790424328e+00 6.317511653837490915e-01
4.105074788725600499e+00 6.691376380312991090e-01
4.109181916735913376e+00 6.528409376946859854e-01
4.113293153928490042e+00 3.022117949148639404e-01
4.117408504414562742e+00 3.840147938271407657e-01
4.121527972309475985e+00 8.211118613152055268e-01
4.125651561732701644e+00 4.693129361041077363e-01
4.129779276807835409e+00 7.794318308755382452e-01
4.133911121662587895e+00 7.265940551361947941e-01
4.138047100428805081e+00 7.017026271519500868e-01
4.142187217242470076e+00 6.789731720923535274e-01
4.146331476243699576e+00 6.037927521181594148e-01
4.150479881576749186e+00 4.999093379260854397e-01
4.154632437390031185e+00 4.517809609374791036e-01
4.158789147836096767e+00 4.923919166461517283e-01
4.162950017071651132e+00 4.850346374373369351e-01
4.167115049257566817e+00 4.249745131763597583e-01
4.171284248558879248e+00 3.254456724205762597e-01
4.175457619144791188e+00 2.529965332259205280e-01
4.179635165188675394e+00 1.845309152577755130e-01
4.183816890868071070e+00 1.062102986355857454e-01
4.188002800364700740e+00 6.489305007918706736e-02
4.192192897864479129e+00 3.021345100820396756e-02
4.196387187557506060e+00 1.603818295834289268e-02
4.200585673638072670e+00 6.431176942181378309e-03
4.204788360304662298e+00 3.615758878788877338e-03
4.208995251759962919e+00 1.978725038762220619e-03
4.213206352210869809e+00 1.598271824509300094e-03
4.217421665868471337e+00 1.521426499685550084e-03
4.221641196948093366e+00 1.540465466218717255e-03
4.225864949669266402e+00 1.615272705302029516e-03
4.230092928255739793e+00 1.642570908000122454e-03
4.234325136935488842e+00 1.798808674586626624e-03
4.238561579940727242e+00 1.866236614427906407e-03
4.242802261507900852e+00 1.939892411956254618e-03
4.247047185877692144e+00 1.696612868396489169e-03
4.251296357295021089e+00 1.815388303727985715e-03
4.255549780009054928e+00 1.927469819456196056e-03
4.259807458273230374e+00 1.897370530147028710e-03
4.264069396345225194e+00 2.153326536213873762e-03
4.268335598486969751e+00 1.966131719643816628e-03
4.272606068964664772e+00 2.076989914248893176e-03
4.276880812048779568e+00 2.147218492178055906e-03
4.281159832014060029e+00 2.980402828732642891e-03
4.285443133139530403e+00 2.416790429725687583e-03
4.289730719708485296e+00 2.122927096541642016e-03
4.294022596008521653e+00 2.009425249924624846e-03
4.298318766331513885e+00 1.859711913262019831e-03
4.302619234973628970e+00 2.431185285528386728e-03
4.306924006235345104e+00 2.403688296760986623e-03
4.311233084421424167e+00 2.720344703507841799e-03
4.315546473840940145e+00 3.150269481062027265e-03
4.319864178807288901e+00 4.186024074484671897e-03
4.324186203638174852e+00 4.820236235395238336e-03
4.328512552655626955e+00 5.798796676957344506e-03
4.332843230185990713e+00 7.524782821343820906e-03
4.337178240559948605e+00 1.059767678135766465e-02
4.341517588112503212e+00 1.811672347454209436e-02
4.345861277183007410e+00 2.390735282312264620e-02
4.350209312115151938e+00 3.023688807115161928e-02
4.354561697256974284e+00 3.976115410578354853e-02
4.358918436960855125e+00 5.004471270327862792e-02
4.363279535583538760e+00 8.493000079187063012e-02
4.367644997486123337e+00 1.013667165619422661e-01
4.372014827034064410e+00 1.175830004563076514e-01
4.376389028597194475e+00 1.362870473273724570e-01
4.380767606549714976e+00 1.729967226335334118e-01
4.385150565270209633e+00 2.192422182819763476e-01
4.389537909141639105e+00 2.647956124034204772e-01
4.393929642551338333e+00 3.034328644601735903e-01
4.398325769891044068e+00 3.458362430996306247e-01
4.402726295556887770e+00 4.443320455402162694e-01
4.407131223949391163e+00 4.628959930609305995e-01
4.411540559473484002e+00 5.363320824275952248e-01
4.415954306538509400e+00 5.490245540940644764e-01
4.420372469558211392e+00 6.498499773725674444e-01
4.424795052950750929e+00 6.933538590813401736e-01
4.429222061138705868e+00 6.670120414157649780e-01
4.433653498549093186e+00 6.258434006050805909e-01
4.438089369613354762e+00 7.981968787002654553e-01
4.442529678767354717e+00 7.929491688816525663e-01
4.446974430451398952e+00 8.318370688807278368e-01
4.451423629110244917e+00 7.382572659573554130e-01
4.455877279193092733e+00 7.211093228701350721e-01
4.460335385153590515e+00 6.589715665273657708e-01
4.464797951449841484e+00 6.610963886135774459e-01
4.469264982544411069e+00 6.698585549300615227e-01
4.473736482904336675e+00 5.559237760586682731e-01
4.478212457001122360e+00 4.654447076230051050e-01
4.482692909310737051e+00 3.999367210684978691e-01
4.487177844313640307e+00 4.260651459221314608e-01
4.491667266494762778e+00 4.269560287903427787e-01
4.496161180343516861e+00 2.951159660207591795e-01
4.500659590353822459e+00 2.336312207295684062e-01
4.505162501024093658e+00 2.558045045209013657e-01
4.509669916857241390e+00 2.567248110544322337e-01
4.514181842360688535e+00 1.485519346626958670e-01
4.518698282046352155e+00 1.227220357633729275e-01
4.523219240430670141e+00 1.614370532209472020e-01
4.527744722034610092e+00 1.128923252869528521e-01
4.532274731383646227e+00 6.352732818125529646e-02
4.536809273007785137e+00 9.083105334925148378e-02
4.541348351441579112e+00 8.224688462816005796e-02
4.545891971224099493e+00 3.584946949416187301e-02
4.550440136898975751e+00 5.119325204324811501e-02
4.554992853014370624e+00 5.099342739968611843e-02
4.559550124122995207e+00 2.026218328393914608e-02
4.564111954782122282e+00 3.269306676321414445e-02
4.568678349553586315e+00 3.179281923774765484e-02
4.573249313003776351e+00 1.284284511453046528e-02
4.577824849703659993e+00 2.576643848270507298e-02
4.582404964228774524e+00 1.960259323681834767e-02
4.586989661159233123e+00 1.041434749731422194e-02
4.591578945079738183e+00 2.171252055551378679e-02
4.596172820579575991e+00 1.114977074362319756e-02
4.600771292252614941e+00 1.320116077436482918e-02
4.605374364697328637e+00 1.778119632508930181e-02
4.609982042516789669e+00 7.441579495293005643e-03
4.614594330318677606e+00 1.786381211631864890e-02
4.619211232715274562e+00 1.189310330869055611e-02
4.623832754323488281e+00 1.214512515099854147e-02
4.628458899764849477e+00 1.994235237485795370e-02
4.633089673665492292e+00 8.167476770739912767e-03
4.637725080656193377e+00 2.523751669923463697e-02
4.642365125372356793e+00 1.357930101236345943e-02
4.647009812454028221e+00 2.619770999422742219e-02
4.651659146545906509e+00 3.532710819382425121e-02
4.656313132297318802e+00 2.770086394398731805e-02
4.660971774362248077e+00 1.072379728337627541e-01
4.665635077399347352e+00 2.152594556469465681e-01
4.670303046071911268e+00 1.303910153969309871e-01
4.674975685047906282e+00 2.592404436673310247e-02
4.679652998999974223e+00 4.833864475709596237e-02
4.684334992605429626e+00 2.558364713406610993e-02
4.689021670546271281e+00 2.866241819813060421e-02
4.693713037509176011e+00 2.724252343690429512e-02
4.698409098185504895e+00 1.778012507733062186e-02
4.703109857271324579e+00 3.214185142663708583e-02
4.707815319467393955e+00 1.298652597456762155e-02
4.712525489479173046e+00 3.505274989905328431e-02
4.717240372016835437e+00 1.118019290505200061e-02
4.721959971795260280e+00 4.027150644526339418e-02
4.726684293534048287e+00 1.112832674745341081e-02
4.731413341957528829e+00 4.456166991002237510e-02
4.736147121794751946e+00 1.281362063620751848e-02
4.740885637779490125e+00 5.230807635802810218e-02
4.745628894650255170e+00 1.540721129703276175e-02
4.750376897150309752e+00 6.176902025554424636e-02
4.755129650027656751e+00 1.933429877486618487e-02
4.759887158035051691e+00 7.531336801037609441e-02
4.764649425930005400e+00 2.408712517297783434e-02
4.769416458474777798e+00 9.491711179607741078e-02
4.774188260436393882e+00 2.837919867730645182e-02
4.778964836586673037e+00 1.141406767238002107e-01
4.783746191702191730e+00 3.409850263510007945e-02
4.788532330564299500e+00 1.542846212598270039e-01
4.793323257959137607e+00 4.441274204593805008e-02
4.798118978677631041e+00 1.921739285605615633e-01
4.802919497515497405e+00 5.654431222786687750e-02
4.807724819273262007e+00 1.970459082580538479e-01
4.812534948756252540e+00 4.453948121428190354e-02
4.817349890774592858e+00 2.156424960701018023e-01
4.822169650143221631e+00 9.518887397798130034e-02
4.826994231681898562e+00 2.103011745583341363e-01
4.831823640215216820e+00 1.376545519922633132e-01
4.836657880572579948e+00 2.219035290218642764e-01
4.841496957588230288e+00 1.597779193625339933e-01
4.846340876101235651e+00 2.274030703893093752e-01
4.851189640955513305e+00 3.312974503735125476e-01
4.856043256999840629e+00 2.083335571431113031e-01
4.860901729087831136e+00 3.958891645878560572e-01
4.865765062077957559e+00 2.322245667706866468e-01
4.870633260833544753e+00 4.513962967252401204e-01
4.875506330222795448e+00 2.649492146750821453e-01
4.880384275118787585e+00 5.436615436950705815e-01
4.885267100399468099e+00 3.269845394907414105e-01
4.890154810947647590e+00 4.917341759401410162e-01
4.895047411651042069e+00 5.564671744702900380e-01
4.899944907402259631e+00 3.379711955045578975e-01
4.904847303098789801e+00 7.819109778055473026e-01
4.909754603643035509e+00 5.377066890841112334e-01
4.914666813942293544e+00 8.991358735321496320e-01
4.919583938908781207e+00 7.261710495326754167e-01
4.924505983459624758e+00 1.142658993133444545e+00
4.929432952516856759e+00 1.005601359162919595e+00
4.934364851007448038e+00 6.716527560498375404e-01
4.939301683863292602e+00 1.252455537289838938e+00
4.944243456021227168e+00 7.722965974105474585e-01
4.949190172423037382e+00 1.173917442360229435e+00
4.954141838015429400e+00 4.404956409444569787e-01
4.959098457750073408e+00 5.608238083016895414e-01
4.964060036583591184e+00 1.269998522786815576e+00
4.969026579477557881e+00 1.372584497358918521e+00
4.973998091398528665e+00 1.442301549285711859e+00
4.978974577317995198e+00 7.696245248207191914e-01
4.983956042212439819e+00 1.525120914804765970e+00
4.988942491063345308e+00 1.495749731132590910e+00
4.993933928857153148e+00 1.604261227659388611e+00
4.998930360585300825e+00 1.375208822240604034e+00
5.003931791244230709e+00 8.584556491671139211e-01
5.008938225835386504e+00 1.465092667748236765e+00
5.013949669365177719e+00 1.077269210819350009e+00
5.018966126845049835e+00 1.730862350414664463e-01
5.023987603291483417e+00 8.776567605063413380e-01
5.029014103725941709e+00 5.668708932340251749e-01
5.034045633174911494e+00 1.290148823286278335e+00
5.039082196669929736e+00 1.559772509807997753e+00
5.044123799247563156e+00 1.639059842756063423e+00
5.049170445949409114e+00 1.791337644142291019e+00
5.054222141822116932e+00 1.734826328874881751e+00
5.059278891917391441e+00 1.312450976600901820e+00
5.064340701291981439e+00 1.701564020088211615e+00
5.069407575007690347e+00 1.714490189087080285e+00
5.074479518131395750e+00 1.493496989153851429e+00
5.079556535735048506e+00 8.643327756669019202e-01
5.084638632895669197e+00 2.810836191731617140e-01
5.089725814695342798e+00 1.246696654332198895e+00
5.094818086221257758e+00 1.386817377866045309e+00
5.099915452565697116e+00 9.075285709576217386e-01
5.105017918826000312e+00 1.502429383188897738e+00
5.110125490104636903e+00 9.781724133301696877e-01
5.115238171509194132e+00 7.875935039070518506e-01
5.120355968152357384e+00 1.531910843922507981e+00
5.125478885151911967e+00 1.346479331445522565e+00
5.130606927630776859e+00 1.216930968100306654e+00
5.135740100717002932e+00 7.174346060066820741e-01
5.140878409543741867e+00 4.078717897432292405e-01
5.146021859249313657e+00 3.121813992564138052e-01
5.151170454977185287e+00 5.382117609621797083e-01
5.156324201875936986e+00 1.138153217549508822e+00
5.161483105099309299e+00 1.326865660956776383e+00
5.166647169806227069e+00 1.382691198877909811e+00
5.171816401160747922e+00 6.380229659011386056e-01
5.176990804332091578e+00 1.295131106771158169e+00
5.182170384494675375e+00 1.466002874320329274e+00
5.187355146828076080e+00 1.285578376922375199e+00
5.192545096517046765e+00 1.035164641993884693e+00
5.197740238751555886e+00 4.250150582509245045e-01
5.202940578726747312e+00 3.498373572400031439e-01
5.208146121642936777e+00 5.870228642735088043e-01
5.213356872705670497e+00 1.411952774194190074e-01
5.218572837125715402e+00 5.810254918815256353e-01
5.223794020119036041e+00 9.011817675257881577e-01
5.229020426906815011e+00 1.034540325507046887e+00
5.234252062715459175e+00 3.773511485297854073e-01
5.239488932776602326e+00 3.582979162109717342e-01
5.244731042327116732e+00 8.852232265191136706e-01
5.249978396609109588e+00 6.136747575324787984e-01
5.255231000869925673e+00 1.122508259512201789e+00
5.260488860362181995e+00 1.149252190140799490e+00
5.265751980343742922e+00 1.192541933928812803e+00
5.271020366077721064e+00 9.845130647803819191e-01
5.276294022832505703e+00 3.066893462584828201e-01
5.281572955881746800e+00 8.160411425614898517e-01
5.286857170504389636e+00 7.482464175991601074e-01
5.292146671984641948e+00 1.345923624278963782e-01
5.297441465612009459e+00 7.404366284375908380e-01
5.302741556681281665e+00 8.111960431108057312e-01
5.308046950492545157e+00 6.365726435831410290e-01
5.313357652351208493e+00 1.334010663880209835e+00
5.318673667567959562e+00 1.232659127001063171e+00
5.323995001458826870e+00 1.317563537888402969e+00
5.329321659345144901e+00 1.038212153045853681e+00
5.334653646553559447e+00 1.148333617844852217e+00
5.339990968416064021e+00 8.525800663791205380e-01
5.345333630269974101e+00 3.137405511602327501e-01
5.350681637457967987e+00 5.448236838233876111e-02
5.356034995328045945e+00 1.071984846131812108e-01
5.361393709233554183e+00 6.100084018426711330e-01
5.366757784533227493e+00 9.747480436208970644e-01
5.372127226591127069e+00 8.651553843611525796e-01
5.377502040776687586e+00 9.145416478616609224e-01
5.382882232464750061e+00 8.608611263021519466e-01
5.388267807035500567e+00 1.050767075282856622e+00
5.393658769874506653e+00 1.099800955361732946e+00
5.399055126372735103e+00 8.178372069159334234e-01
5.404456881926535949e+00 9.660018237222944837e-01
5.409864041937665569e+00 4.169215980039569502e-01
5.415276611813294672e+00 3.302981004823083988e-01
5.420694596965989653e+00 5.756267236727853620e-02
5.426118002813722363e+00 1.751813546751059270e-01
5.431546834779906519e+00 6.105541204415545486e-01
5.436981098293380832e+00 7.993081655340581460e-01
5.442420798788408121e+00 3.560146026320137880e-01
5.447865941704685966e+00 6.526380110885897645e-01
5.453316532487360035e+00 7.345677405661773518e-01
5.458772576587027636e+00 4.436222325618188189e-01
5.464234079459717286e+00 5.108072096926217359e-02
5.469701046566937563e+00 2.333851104406061416e-01
5.475173483375657568e+00 3.287882456891454419e-01
5.480651395358322020e+00 1.985302293761121994e-01
5.486134787992848594e+00 6.104460434083842646e-01
5.491623666762627032e+00 9.921213262526752397e-01
5.497118037156523584e+00 1.084906665986587360e+00
5.502617904668907656e+00 8.460552450086994414e-01
5.508123274799649138e+00 1.109948379369807725e+00
5.513634153054125520e+00 9.361193830414303862e-01
5.519150544943213887e+00 3.068396527451454636e-01
5.524672455983298036e+00 2.372932288520031574e-01
5.530199891696303105e+00 4.981267963465929038e-01
5.535732857609660051e+00 8.359809178685739806e-01
5.541271359256338513e+00 5.628571141921462351e-01
5.546815402174844145e+00 4.220215569807647671e-01
5.552364991909218617e+00 2.753088545169410928e-01
5.557920134009044943e+00 1.210214297414684420e-01
5.563480834029461697e+00 4.202506041451595786e-01
5.569047097531185209e+00 1.647730029374965266e-01
5.574618930080467827e+00 1.614854575876982778e-01
5.580196337249130778e+00 6.498781181401974694e-02
5.585779324614604135e+00 2.308486945339351393e-01
5.591367897759871752e+00 5.343684435973846680e-01
5.596962062273499683e+00 7.905413085110964966e-01
5.602561823749654835e+00 3.607541895126330500e-01
5.608167187788102304e+00 5.405732212576612739e-01
5.613778159994197381e+00 1.913177134517813349e-01
5.619394745978918415e+00 2.335326262494883121e-01
5.625016951358852602e+00 4.957507794512864829e-01
5.630644781756208417e+00 2.217610651403062461e-01
5.636278242798814730e+00 1.484293460929964059e-01
5.641917340120138569e+00 3.572809191172101467e-02
5.647562079359275344e+00 9.021844823635216670e-02
5.653212466160955074e+00 2.041661907679140908e-01
5.658868506175564583e+00 3.666287967375701506e-01
5.664530205059156387e+00 5.828282526869806857e-01
5.670197568473430039e+00 4.087126792368255268e-01
5.675870602085741901e+00 7.715570794143963851e-02
5.681549311569130012e+00 4.004402622438349435e-01
5.687233702602297214e+00 3.420130925568817815e-01
5.692923780869640460e+00 1.680768523710017281e-01
5.698619552061241045e+00 5.691682736033980561e-01
5.704321021872854836e+00 3.818145627090126504e-01
5.710028196005964674e+00 9.935353615047180786e-02
5.715741080167752841e+00 1.290944824831296023e-01
5.721459680071105502e+00 6.806797473811378174e-02
5.727184001434619809e+00 1.534397580216904644e-01
5.732914049982608340e+00 1.982947493634843461e-01
5.738649831445122196e+00 1.663902249406664646e-01
5.744391351557942116e+00 1.094162643284707637e-01
5.750138616062591801e+00 8.275722111375036216e-02
5.755891630706342355e+00 1.752677487235976550e-01
5.761650401242202513e+00 9.238066076406481475e-02
5.767414933428949730e+00 4.139297545192239386e-02
5.773185233031118635e+00 1.539708436015588267e-01
5.778961305818993921e+00 1.378770410791995971e-01
5.784743157568644101e+00 4.173874194881293520e-01
5.790530794061934827e+00 5.950866704338300117e-01
5.796324221086497808e+00 6.093411601220670715e-01
5.802123444435760113e+00 2.655709213941386815e-01
5.807928469908951286e+00 3.650402506389101576e-01
5.813739303311101558e+00 2.038711562780450848e-01
5.819555950453048077e+00 4.248980769231226751e-02
5.825378417151428678e+00 7.666741433340222567e-02
5.831206709228702323e+00 6.587779369744233005e-02
5.837040832513173072e+00 1.927298028916382411e-01
5.842880792838964332e+00 3.462751148333222950e-01
5.848726596046033066e+00 2.079336992889362912e-01
5.854578247980187555e+00 2.271300691424008311e-01
5.860435754493076743e+00 5.525692268810371288e-02
5.866299121442202669e+00 7.538788174177264712e-02
5.872168354690941783e+00 1.321488215457829185e-01
5.878043460108523632e+00 5.679724654967618219e-02
5.883924443570054841e+00 4.776681900696018446e-02
5.889811310956534207e+00 7.521411481885108274e-02
5.895704068154810074e+00 4.873320339788096700e-02
5.901602721057636280e+00 1.071577376212629051e-01
5.907507275563671278e+00 2.423474557326598111e-01
5.913417737577481681e+00 2.224353439128151366e-01
5.919334113009534271e+00 1.558833993569967158e-01
5.925256407776182677e+00 1.369186026158471514e-01
5.931184627799722442e+00 7.986161920939821579e-02
5.937118779008376812e+00 4.688723443300785165e-02
5.943058867336306506e+00 8.155374342953733424e-02
5.949004898723619483e+00 1.500704903506737964e-01
5.954956879116324764e+00 1.666002245596645004e-01
5.960914814466400813e+00 2.594815539154992079e-01
5.966878710731783109e+00 8.672914684836549593e-02
5.972848573876380129e+00 1.142835620967366794e-01
5.978824409870049372e+00 1.511229706843211229e-01
5.984806224688616894e+00 7.872847840577595901e-02
5.990794024313907506e+00 5.502205614169981829e-02
5.996787814733729682e+00 1.699954828942240037e-01
6.002787601941870221e+00 2.807525604303169331e-01
6.008793391938101358e+00 2.000249838549442438e-01
6.014805190728216289e+00 6.901409561354114597e-02
6.020823004324017624e+00 2.285119440553739500e-01
6.026846838743329826e+00 3.470686220283167867e-01
6.032876700009986770e+00 2.422016079665403054e-01
6.038912594153839741e+00 1.254611202711530815e-01
6.044954527210790296e+00 5.212547952495945325e-02
6.051002505222769834e+00 6.085914343483353472e-02
6.057056534237768020e+00 8.951255060772636551e-02
6.063116620309810578e+00 1.126896054731695851e-01
6.069182769498975283e+00 5.842112962200603915e-02
6.075254987871399948e+00 5.940378991700219491e-02
6.081333281499318844e+00 1.622718545976603588e-01
6.087417656461035165e+00 2.546144857855464627e-01
6.093508118840904153e+00 3.078979882030080661e-01
6.099604674729399711e+00 2.440778516055612524e-01
6.105707330223097529e+00 9.129265122150390099e-02
6.111816091424631558e+00 6.788116367972013565e-02
6.117930964442756192e+00 7.607057763411022300e-02
6.124051955392354252e+00 2.175985187987047598e-01
6.130179070394424556e+00 3.863363370157288368e-01
6.136312315576075704e+00 3.464281728787332870e-01
6.142451697070548278e+00 9.412817632485881436e-02
6.148597221017229053e+00 2.134936104153211667e-01
6.154748893561648337e+00 1.686201703887859893e-01
6.160906720855489738e+00 6.742970037066951805e-02
6.167070709056560851e+00 1.920007706815090587e-01
6.173240864328839450e+00 2.647711761315780232e-01
6.179417192842489470e+00 1.385768794310628382e-01
6.185599700773853904e+00 6.203986232642865611e-02
6.191788394305445031e+00 1.533128850841981028e-01
6.197983279625935538e+00 3.579474122471241193e-01
6.204184362930218910e+00 5.203841417768304556e-01
6.210391650419379239e+00 2.702229266738613300e-01
6.216605148300705430e+00 3.794509509616750820e-01
6.222824862787705413e+00 2.748381332470501981e-01
6.229050800100091045e+00 7.261678615346880417e-01
6.235282966463794985e+00 4.003409270656279606e-01
6.241521368110988455e+00 4.285774490626687028e-01
6.247766011280059040e+00 5.408391211834735479e-01
6.254016902215655982e+00 6.623152908795453264e-01
6.260274047168675082e+00 7.330673767453809164e-01
6.266537452396248042e+00 4.452355601273772501e-01
6.272807124161805525e+00 3.707306310500404489e-01
6.279083068735027418e+00 6.760164570282549690e-01
6.285365292391835723e+00 5.328099382621669378e-01
6.291653801414451408e+00 4.649605162089503474e-01
6.297948602091395287e+00 6.070833906058974438e-01
6.304249700717476479e+00 7.189649865905581860e-01
6.310557103593776418e+00 7.111289019240013554e-01
6.316870817027704810e+00 6.033587522214075571e-01
6.323190847332971209e+00 5.602375150176893692e-01
6.329517200829613444e+00 3.931615406403621282e-01
6.335849883843987840e+00 1.955037649431599356e-01
6.342188902708793208e+00 8.546585640695231190e-02
6.348534263763021990e+00 9.895450014208240219e-02
6.354885973352024209e+00 2.219614747927974585e-01
6.361244037827538556e+00 2.527900723577721220e-01
6.367608463547619557e+00 1.207407304822461502e-01
6.373979256876696198e+00 1.032209959934184407e-01
6.380356424185563924e+00 2.548772202644108420e-01
6.386739971851379316e+00 1.771543849917382174e-01
6.393129906257697392e+00 1.542277038045730964e-01
6.399526233794450292e+00 2.000435259220658124e-01
6.405928960857968590e+00 1.052509769681226059e-01
6.412338093850992848e+00 8.222801621678155204e-02
6.418753639182643411e+00 8.998616755210928075e-02
6.425175603268465707e+00 1.207857055557274295e-01
6.431603992530422254e+00 1.149751290260775521e-01
6.438038813396905979e+00 1.781765029403035161e-01
6.444480072302737561e+00 2.640709009845521038e-01
6.450927775689183186e+00 1.493613673335727199e-01
6.457381930003953663e+00 2.388413052247237434e-01
6.463842541701190214e+00 2.338816837810684668e-01
6.470309617241494671e+00 1.313792760353642286e-01
6.476783163091949902e+00 1.330519734777614316e-01
6.483263185726116262e+00 1.079400992647706059e-01
6.489749691624008499e+00 1.140248136045168559e-01
6.496242687272122396e+00 1.135559409016232424e-01
6.502742179163471192e+00 1.259771495020104159e-01
6.509248173797545611e+00 1.448281885779355571e-01
6.515760677680336066e+00 1.378098238278513132e-01
6.522279697324338876e+00 1.120054225739638837e-01
6.528805239248586467e+00 1.659888842829551903e-01
6.535337309978613618e+00 2.008080827564451276e-01
6.541875916046493877e+00 1.570359027093815862e-01
6.548421063990831570e+00 1.615073807736048250e-01
6.554972760356781336e+00 1.277755237777890296e-01
6.561531011696033922e+00 1.559902214627457151e-01
6.568095824566834828e+00 1.122699708050424322e-01
6.574667205534010073e+00 1.212766673614479596e-01
6.581245161168945756e+00 1.520609748761963531e-01
6.587829698049589844e+00 1.315999214026032371e-01
6.594420822760478806e+00 1.316197502054403945e-01
6.601018541892748281e+00 1.616585027047327261e-01
6.607622862044109979e+00 2.082757318126375878e-01
6.614233789818874776e+00 1.538139465894451108e-01
6.620851331827975805e+00 1.542861754888407710e-01
6.627475494688961355e+00 1.442741053164614262e-01
6.634106285025993976e+00 1.251893184789422686e-01
6.640743709469855816e+00 1.207626553671332370e-01
6.647387774657984139e+00 1.494271321620213866e-01
6.654038487234453569e+00 1.991964868043241965e-01
6.660695853849973425e+00 2.038131950818880267e-01
6.667359881161896595e+00 1.647168375638810300e-01
6.674030575834250634e+00 1.655094639531794476e-01
6.680707944537742193e+00 1.438827177223283849e-01
6.687391993949728608e+00 1.546369466545926830e-01
6.694082730754263189e+00 1.789813611838276253e-01
6.700780161642089006e+00 1.786947881643589642e-01
6.707484293310628232e+00 1.413563548294261007e-01
6.714195132464016780e+00 1.495178257475547889e-01
6.720912685813111409e+00 1.576265782267857185e-01
6.727636960075451533e+00 1.635985965675474940e-01
6.734367961975309846e+00 2.311748806493943154e-01
6.741105698243684330e+00 1.806019185343992195e-01
6.747850175618314239e+00 1.710226455794567890e-01
6.754601400843687209e+00 1.897161053908835715e-01
6.761359380671025932e+00 2.190374966923031852e-01
6.768124121858305919e+00 2.084612214694531451e-01
6.774895631170272381e+00 1.620962708675897923e-01
6.781673915378439332e+00 1.774299208309837173e-01
6.788458981261083380e+00 1.751294460296860256e-01
6.795250835603268591e+00 1.503683220020630984e-01
6.802049485196855372e+00 1.766413053761290708e-01
6.808854936840480043e+00 2.064593880399789305e-01
6.815667197339611683e+00 2.080633758744815653e-01
6.822486273506513932e+00 1.695614334630269893e-01
6.829312172160262762e+00 1.713942648803951363e-01
6.836144900126752688e+00 1.978840407797141376e-01
6.842984464238715425e+00 2.097095638337032608e-01
6.849830871335718996e+00 1.764630045816623916e-01
6.856684128264157962e+00 1.899003291257591319e-01
6.863544241877307606e+00 1.621198236251251701e-01
6.870411219035266193e+00 1.713616842272815410e-01
6.877285066604999386e+00 1.980866177191061839e-01
6.884165791460373107e+00 2.249013482619622306e-01
6.891053400482104685e+00 2.689153930564733286e-01
6.897947900557811707e+00 2.235876209070054854e-01
6.904849298582002248e+00 1.837586052483837773e-01
6.911757601456057998e+00 2.040314867106841068e-01
6.918672816088298205e+00 2.612037634509113415e-01
6.925594949393933497e+00 2.217757503104541561e-01
6.932524008295088969e+00 2.766619454302124415e-01
6.939459999720836159e+00 2.541351402756426014e-01
6.946402930607153969e+00 2.777944661143595950e-01
6.953352807896971299e+00 2.164169522912158250e-01
6.960309638540181254e+00 1.739787860144762499e-01
6.967273429493618941e+00 2.398820024644421345e-01
6.974244187721073907e+00 2.665503743131287795e-01
6.981221920193293684e+00 2.797877530347602781e-01
6.988206633888011332e+00 2.929513366167644239e-01
6.995198335789934774e+00 2.219378311255099379e-01
7.002197032890780548e+00 3.213727701730535458e-01
7.009202732189245388e+00 3.176720462705651116e-01
7.016215440691027538e+00 3.111669449007251620e-01
7.023235165408840075e+00 2.190484952212768399e-01
7.030261913362399362e+00 4.254273899640719780e-01
7.037295691578454360e+00 3.698597085945000695e-01
7.044336507090792843e+00 1.859312418636883679e-01
7.051384366940223636e+00 2.526158695009128596e-01
7.058439278174613030e+00 3.445350126406298563e-01
7.065501247848868793e+00 4.137839787138649639e-01
7.072570283024954385e+00 4.995814510818368248e-01
7.079646390771910269e+00 3.426702389726523634e-01
7.086729578165847698e+00 3.730209980833628092e-01
7.093819852289949601e+00 4.297799524613169497e-01
7.100917220234500782e+00 5.014015439245733674e-01
7.108021689096868378e+00 4.387379499590183252e-01
7.115133265981508082e+00 2.982412282222559607e-01
7.122251958000004990e+00 3.573295280608640989e-01
7.129377772271054070e+00 4.889449992384981569e-01
7.136510715920461934e+00 3.853510783589907396e-01
7.143650796081180587e+00 2.862600242261613692e-01
7.150798019893290558e+00 3.000709642027661883e-01
7.157952394504015103e+00 3.619759313885450580e-01
7.165113927067729094e+00 2.866517208790896332e-01
7.172282624745966118e+00 2.956828513544964010e-01
7.179458494707433580e+00 6.017795420568678999e-01
7.186641544127991388e+00 6.474574075202417234e-01
7.193831780190692804e+00 6.574618317049959471e-01
7.201029210085776455e+00 6.184720778964165611e-01
7.208233841010668996e+00 3.786931711327329864e-01
7.215445680170001985e+00 6.496253011922903386e-01
7.222664734775614548e+00 1.163797869928536288e+00
7.229891012046562260e+00 1.027069082646917098e+00
7.237124519209114482e+00 8.586247481800838299e-01
7.244365263496786334e+00 9.075864166714356918e-01
7.251613252150332478e+00 2.622253654383019938e-01
7.258868492417732021e+00 2.911247014516658571e-01
7.266130991554229368e+00 4.411537358101088047e-01
7.273400756822333335e+00 3.210212909924205493e-01
7.280677795491791393e+00 2.997723087025757627e-01
7.287962114839658945e+00 7.946303915164956155e-01
7.295253722150257580e+00 7.211101511244926154e-01
7.302552624715170637e+00 4.670699845206036649e-01
7.309858829833316030e+00 4.318568934273089299e-01
7.317172344810906282e+00 7.487885426882402440e-01
7.324493176961444973e+00 5.097000667060807011e-01
7.331821333605770263e+00 4.030026381670238633e-01
7.339156822072049557e+00 3.689632171698959962e-01
7.346499649695761747e+00 3.437756527866213108e-01
7.353849823819730069e+00 4.277978253918258145e-01
7.361207351794133658e+00 4.723685059608344616e-01
7.368572240976500431e+00 5.536824829554626293e-01
7.375944498731713317e+00 2.342698932803620460e-01
7.383324132432038667e+00 5.124300328718710551e-01
7.390711149457120932e+00 3.480469202947893415e-01
7.398105557193965787e+00 2.951388147957555441e-01
7.405507363036982760e+00 6.115077681279385002e-01
7.412916574387977242e+00 5.616244138164125932e-01
7.420333198656157592e+00 2.526155033075037637e-01
7.427757243258164443e+00 2.945827791943642637e-01
7.435188715618025412e+00 6.847346831295159086e-01
7.442627623167226147e+00 4.202719659082319037e-01
7.450073973344676581e+00 2.178254064042564608e-01
7.457527773596703824e+00 3.716070488543851136e-01
7.464989031377126771e+00 5.170533941222615892e-01
7.472457754147218800e+00 3.210992338134706636e-01
7.479933949375681124e+00 2.635228080792966776e-01
7.487417624538714733e+00 7.129160339938319657e-01
7.494908787120000859e+00 6.678334306237956319e-01
7.502407444610704523e+00 2.669846099695195596e-01
7.509913604509470098e+00 3.847587022665365786e-01
7.517427274322463049e+00 7.646509511544929971e-01
7.524948461563358393e+00 7.452484031925354913e-01
7.532477173753336253e+00 2.736423772972202961e-01
7.540013418421120939e+00 4.974547794542875656e-01
7.547557203102952528e+00 8.786865554178042714e-01
7.555108535342625053e+00 8.461237960038738848e-01
7.562667422691464303e+00 3.203883158519768015e-01
7.570233872708334033e+00 8.778440415862629465e-01
7.577807892959705249e+00 8.329892107174837745e-01
7.585389491019602026e+00 1.083463363209574926e+00
7.592978674469621048e+00 4.187252055081023272e-01
7.600575450898948482e+00 1.177754214732404492e+00
7.608179827904360870e+00 1.277214602707800850e+00
7.615791813090228679e+00 9.823396176836991511e-01
7.623411414068545611e+00 4.957576947290975311e-01
7.631038638458921497e+00 1.055071516982380109e+00
7.638673493888578747e+00 1.092083179529126591e+00
7.646315987992360341e+00 6.141718808373097804e-01
7.653966128412754699e+00 3.068413291016516831e-01
7.661623922799913444e+00 2.925240206931861708e-01
7.669289378811644298e+00 2.428904306685180925e-01
7.676962504113392427e+00 2.487338524779242055e-01
7.684643306378275973e+00 3.130668849439059986e-01
7.692331793287112696e+00 2.815519392622234385e-01
7.700027972528378228e+00 4.727940520451358597e-01
7.707731851798260259e+00 4.041966584292105424e-01
7.715443438800645204e+00 5.822479907377412500e-01
7.723162741247111995e+00 2.793321526467276716e-01
7.730889766856956058e+00 5.147865023313822341e-01
7.738624523357209739e+00 6.443675113219362593e-01
7.746367018482623656e+00 9.988231721441043209e-01
7.754117259975699561e+00 5.379099718952928821e-01
7.761875255586685896e+00 2.599781940851187967e-01
7.769641013073576907e+00 5.358227072456513973e-01
7.777414540202122417e+00 1.119118936682209409e+00
7.785195844745862459e+00 8.783756101579330844e-01
7.792984934486088200e+00 2.646013345189049404e-01
7.800781817211894342e+00 3.505129321626768713e-01
7.808586500720170243e+00 8.537586823330568508e-01
7.816398992815588365e+00 1.273079567961178160e+00
7.824219301310663788e+00 8.348891021521296363e-01
7.832047434025690258e+00 3.930227061459095061e-01
7.839883398788800584e+00 4.200710257378769130e-01
7.847727203435961307e+00 9.391698963446767356e-01
7.855578855810978034e+00 1.363773937061770525e+00
7.863438363765501649e+00 4.310383925979288100e-01
7.871305735159038086e+00 4.816562607572188459e-01
7.879180977858965207e+00 4.462010872906407299e-01
7.887064099740538126e+00 3.437451071200926522e-01
7.894955108686875889e+00 9.751678090599157356e-01
7.902854012588970356e+00 4.764755480223638595e-01
7.910760819345729722e+00 8.485047574988668906e-01
7.918675536863970521e+00 4.431474173897274604e-01
7.926598173058410524e+00 4.553392195549065824e-01
7.934528735851682946e+00 4.013482332963119181e-01
7.942467233174356878e+00 7.864558809873325451e-01
7.950413672964919520e+00 1.726124836815047914e+00
7.958368063169806383e+00 8.764669733244643268e-01
7.966330411743424378e+00 9.264589247489840584e-01
7.974300726648118065e+00 6.258532438326785963e-01
7.982279015854214066e+00 1.039827962432192665e+00
7.990265287339989975e+00 1.694802064144278697e+00
7.998259549091704557e+00 1.209529458702539584e+00
8.006261809103635940e+00 1.251931681094880622e+00
8.014272075378054083e+00 6.067968958683047642e-01
8.022290355925221661e+00 8.268267917414180435e-01
8.030316658763410942e+00 6.362274381574276605e-01
8.038350991918917998e+00 1.439851700321207240e+00
8.046393363426080469e+00 8.083400282738588682e-01
8.054443781327282892e+00 8.267416534262546080e-01
8.062502253672942487e+00 1.480162930991647530e+00
8.070568788521519821e+00 1.422219142087275401e+00
8.078643393939561435e+00 9.090645098640651733e-01
8.086726078001667872e+00 6.938427890974989687e-01
8.094816848790527430e+00 1.899642810840682206e+00
8.102915714396893065e+00 2.266638116949395876e+00
8.111022682919651672e+00 1.973680174581493807e+00
8.119137762465774344e+00 3.249795787081716014e+00
8.127260961150341245e+00 1.454791199883681552e+00
8.135392287096552266e+00 8.675958377912609265e-01
8.143531748435727025e+00 2.436546757411060860e+00
8.151679353307327958e+00 2.817555370380090185e+00
8.159835109858954993e+00 1.615390013851636608e+00
8.167999026246373973e+00 2.435329463307734255e+00
8.176171110633504213e+00 1.311816852440777614e+00
8.184351371192425617e+00 1.618729694408401532e+00
8.192539816103396433e+00 1.448894024960757809e+00
8.200736453554856809e+00 1.992677063291692363e+00
8.208941291743464319e+00 1.680862017626949978e+00
8.217154338874046005e+00 2.018913989724924196e+00
8.225375603159649884e+00 2.531716807993634522e+00
8.233605092821548510e+00 4.045958369052267578e+00
8.241842816089222978e+00 3.974719854019971077e+00
8.250088781200394905e+00 2.012700251297163678e+00
8.258342996401033531e+00 1.756065563690278442e+00
8.266605469945350393e+00 2.128754102131309001e+00
8.274876210095818863e+00 3.872606457795101598e+00
8.283155225123197241e+00 4.200925050532156924e+00
8.291442523306500334e+00 4.429110626144436402e+00
8.299738112933010115e+00 4.543143382835584276e+00
8.308042002298329010e+00 2.122214954949725119e+00
8.316354199706326611e+00 2.531907286081905628e+00
8.324674713469219611e+00 1.988251766041131852e+00
8.333003551907516737e+00 3.666006477291284593e+00
8.341340723350057829e+00 3.242469137654472089e+00
8.349686236134026274e+00 3.705707117645139714e+00
8.358040098604922363e+00 3.081853289102169935e+00
8.366402319116609476e+00 4.410051557463996019e+00
8.374772906031305197e+00 4.947424630520448119e+00
8.383151867719606187e+00 3.874243224963626275e+00
8.391539212560473970e+00 2.786583043489439415e+00
8.399934948941243817e+00 2.517317197141161866e+00
8.408339085257667378e+00 3.572100069648003640e+00
8.416751629913893140e+00 4.615792096972440639e+00
8.425172591322457549e+00 4.153133896366551170e+00
8.433601977904316982e+00 3.991143048402665094e+00
8.442039798088842417e+00 4.217628639882010866e+00
8.450486060313872727e+00 5.664644290198046939e+00
8.458940773025680926e+00 3.870184571887757663e+00
8.467403944678963512e+00 3.618567393174899838e+00
8.475875583736875996e+00 4.695535714472431010e+00
8.484355698671075530e+00 6.122507794616004695e+00
8.492844297961685385e+00 4.551329552227668884e+00
8.501341390097307382e+00 5.535592274289574455e+00
8.509846983575016566e+00 5.036738255328968350e+00
8.518361086900416268e+00 3.935676255532212231e+00
8.526883708587609689e+00 4.539682480641242357e+00
8.535414857159230095e+00 5.219041457541811369e+00
8.543954541146415949e+00 3.512546717939677432e+00
8.552502769088842882e+00 4.706399624192540543e+00
8.561059549534769886e+00 5.620215567271208634e+00
8.569624891040954040e+00 5.455157646790267378e+00
8.578198802172744664e+00 4.850989889879258499e+00
8.586781291504054892e+00 4.679955603486295246e+00
8.595372367617367004e+00 7.230923129228566282e+00
8.603972039103767955e+00 6.500285149457806000e+00
8.612580314562926276e+00 5.105492112539154803e+00
8.621197202603104515e+00 4.170919594109537165e+00
8.629822711841203642e+00 6.230051735848254779e+00
8.638456850902732853e+00 7.242680685767298954e+00
8.647099628421834439e+00 7.554086781512697080e+00
8.655751053041287335e+00 6.390297839995849216e+00
8.664411133412508903e+00 5.584034574069587364e+00
8.673079878195581571e+00 4.878819930453587972e+00
8.681757296059268825e+00 5.522765680841152047e+00
8.690443395680977900e+00 5.150089623832506014e+00
8.699138185746802421e+00 5.287492013639903732e+00
8.707841674951529498e+00 5.595373477305196630e+00
8.716553871998655723e+00 6.404361060004152506e+00
8.725274785600383609e+00 7.409410483352938392e+00
8.734004424477626927e+00 7.858836554300765442e+00
8.742742797360028462e+00 7.683840702673665923e+00
8.751489912985945807e+00 6.389988803641221793e+00
8.760245780102499324e+00 6.699183466943813947e+00
8.769010407465557932e+00 7.149214993124921591e+00
8.777783803839753318e+00 6.235230403530383825e+00
8.786565977998490595e+00 6.292562454721015719e+00
8.795356938723937645e+00 4.319211564729428687e+00
8.804156694807060646e+00 4.776348344224419229e+00
8.812965255047608082e+00 5.964171234917894360e+00
8.821782628254135616e+00 7.684301162159361098e+00
8.830608823244022076e+00 8.085011039587453041e+00
8.839443848843473006e+00 7.722935163056983576e+00
8.848287713887497574e+00 6.996449944641784491e+00
8.857140427219976075e+00 6.933823282053573678e+00
8.866001997693627956e+00 8.018630248466807942e+00
8.874872434170020696e+00 7.484469590615517198e+00
8.883751745519582244e+00 7.190973402793072289e+00
8.892639940621625882e+00 7.683622146742441039e+00
8.901537028364346682e+00 5.710539745220921226e+00
8.910443017644842811e+00 7.734178413888078474e+00
8.919357917369106659e+00 4.246820183483354327e+00
8.928281736452028383e+00 6.697155372288595920e+00
8.937214483817424338e+00 7.789889182278098012e+00
8.946156168398053055e+00 7.243874109156607233e+00
8.955106799135602813e+00 7.483498376733635382e+00
8.964066384980702296e+00 8.244339601788757577e+00
8.973034934892920589e+00 7.857585860282303436e+00
8.982012457840815145e+00 7.900153039173571479e+00
8.990998962801914018e+00 7.652271360564918190e+00
8.999994458762728300e+00 6.404535966703862826e+00
9.008998954718750340e+00 6.963270829991417443e+00
9.018012459674482173e+00 7.901637449643886590e+00
9.027034982643428407e+00 6.428359670187462349e+00
9.036066532648110439e+00 6.483964368335819017e+00
9.045107118720064676e+00 6.562581461937727845e+00
9.054156749899895829e+00 6.300309236389158407e+00
9.063215435237234274e+00 7.923579721610474635e+00
9.072283183790759153e+00 7.728621929428502568e+00
9.081360004628230342e+00 6.859451911771929922e+00
9.090445906826463585e+00 7.054061034009712294e+00
9.099540899471353583e+00 7.512454871641208065e+00
9.108644991657907752e+00 7.984785823440408770e+00
9.117758192490214242e+00 8.019722227595259767e+00
9.126880511081456149e+00 7.393478628879255332e+00
9.136011956553980795e+00 7.270799976890436334e+00
9.145152538039223344e+00 7.529608741745881240e+00
9.154302264677752987e+00 7.102730960760990975e+00
9.163461145619306691e+00 6.274995834608812828e+00
9.172629190022773216e+00 7.067552126919598443e+00
9.181806407056209096e+00 6.889251003175220767e+00
9.190992805896815554e+00 6.262775964011097152e+00
9.200188395730981128e+00 7.299830019024470928e+00
9.209393185754311872e+00 7.168494761514966562e+00
9.218607185171599383e+00 7.175269255124804957e+00
9.227830403196843889e+00 7.189586125119037163e+00
9.237062849053257807e+00 7.386881447690084812e+00
9.246304531973295937e+00 6.608414837093677718e+00
9.255555461198628819e+00 7.289609637225308525e+00
9.264815645980180037e+00 7.048458251347749837e+00
9.274085095578147531e+00 6.834223197194441823e+00
9.283363819261991168e+00 7.076540139336644941e+00
9.292651826310423857e+00 6.556148546527034604e+00
9.301949126011466618e+00 6.980614210141689036e+00
9.311255727662413051e+00 6.096303568974481557e+00
9.320571640569852434e+00 6.203043678497402347e+00
9.329896874049707023e+00 6.364550130392965244e+00
9.339231437427212512e+00 6.652288486267031509e+00
9.348575340036930470e+00 7.003670707637982495e+00
9.357928591222769654e+00 6.730637505165248946e+00
9.367291200337987789e+00 6.630345231531205030e+00
9.376663176745186234e+00 5.714320898389117609e+00
9.386044529816329529e+00 6.796385635299573735e+00
9.395435268932773809e+00 6.569213127921786466e+00
9.404835403485281020e+00 6.759093805673805910e+00
9.414244942873983391e+00 6.375462700343804912e+00
9.423663896508406523e+00 6.302674824025573663e+00
9.433092273807510253e+00 5.980830949143448372e+00
9.442530084199674434e+00 5.781858677649466038e+00
9.451977337122700717e+00 5.903043968279702902e+00
9.461434042023851632e+00 5.674432047645683319e+00
9.470900208359843475e+00 5.492974200437068077e+00
9.480375845596832107e+00 6.171952443166698998e+00
9.489860963210444922e+00 5.729903365454901198e+00
9.499355570685795058e+00 5.761939927230272929e+00
9.508859677517522258e+00 5.439006610158069854e+00
9.518373293209727137e+00 5.428287417795755410e+00
9.527896427276015601e+00 5.366445330742047659e+00
9.537429089239532587e+00 4.662066893040000437e+00
9.546971288632937203e+00 5.423904462701783835e+00
9.556523034998413380e+00 5.045438470521448338e+00
9.566084337887714284e+00 4.978539572649983036e+00
9.575655206862155211e+00 4.980656442459102884e+00
9.585235651492601150e+00 4.911000082544106249e+00
9.594825681359491654e+00 4.707491990953514005e+00
9.604425306052856826e+00 4.577834948863095832e+00
9.614034535172327978e+00 4.814761792711708566e+00
9.623653378327144736e+00 4.357126567269437700e+00
9.633281845136142607e+00 4.317331316472860614e+00
9.642919945227788503e+00 4.579566612178095575e+00
9.652567688240175414e+00 4.782736130171351796e+00
9.662225083821059712e+00 5.092163287589619003e+00
9.671892141627827399e+00 4.932458779690756856e+00
9.681568871327542070e+00 5.300726941867138997e+00
9.691255282596946685e+00 5.331688462936222450e+00
9.700951385122440485e+00 5.076225825208512177e+00
9.710657188600118062e+00 4.942329795054201114e+00
9.720372702735790682e+00 4.702593497757272090e+00
9.730097937244991613e+00 4.644575253515430546e+00
9.739832901852937042e+00 5.084727615756020391e+00
9.749577606294584697e+00 4.845007449554844747e+00
9.759332060314648061e+00 4.814418316752286486e+00
9.769096273667583930e+00 4.569087666508783840e+00
9.778870256117615511e+00 4.628842123677813447e+00
9.788654017438732424e+00 4.697350929364291439e+00
9.798447567414664050e+00 4.727980875256182713e+00
9.808250915838973683e+00 4.519427242262301192e+00
9.818064072515031881e+00 4.695473138236120114e+00
9.827887047255972064e+00 4.506273833936154993e+00
9.837719849884754453e+00 4.636934289865029868e+00
9.847562490234214039e+00 4.663335438006115830e+00
9.857414978147000184e+00 4.458779453477236032e+00
9.867277323475576623e+00 5.016635593935849791e+00
9.877149536082288961e+00 5.187602820568942619e+00
9.887031625839359350e+00 4.939921101202406462e+00
9.896923602628888261e+00 5.054499947099349022e+00
9.906825476342849157e+00 5.082559698865465769e+00
9.916737256883115137e+00 5.080610333824592928e+00
9.926658954161467818e+00 4.461789852747445551e+00
9.936590578099599114e+00 4.511151109582990593e+00
9.946532138629125441e+00 5.409212708672710868e+00
9.956483645691628581e+00 4.954926140689694058e+00
9.966445109238607714e+00 5.444733153615699095e+00
9.976416539231488301e+00 5.594246570138867725e+00
9.986397945641751761e+00 5.225081298122309370e+00
9.996389338450816453e+00 5.433738211982693578e+00
1.000639072765004123e+01 5.529736357352785348e+00
1.001640212324083024e+01 5.560753411891534270e+00
1.002642353523456720e+01 4.031403058825636876e+00
1.003645497365266870e+01 5.348357578800728263e+00
1.004649644852658774e+01 5.452188278192590332e+00
1.005654796989779420e+01 5.629385005750338067e+00
1.006660954781781925e+01 5.441891162552555450e+00
1.007668119234822868e+01 5.818147104603784925e+00
1.008676291356065136e+01 5.309977394985997634e+00
1.009685472153683961e+01 5.803947949717226606e+00
1.010695662636857328e+01 5.903651020846700348e+00
1.011706863815775748e+01 4.172557784597730191e+00
1.012719076701644383e+01 4.378472967622326628e+00
1.013732302306676303e+01 4.743521657750982001e+00
1.014746541644093547e+01 5.657581230812163575e+00
1.015761795728136363e+01 5.635741876403351114e+00
1.016778065574060363e+01 5.704171963926751410e+00
1.017795352198134040e+01 5.423962197409620600e+00
1.018813656617644803e+01 6.012223373612378019e+00
1.019832979850896315e+01 5.584193912980595975e+00
1.020853322917211337e+01 5.396095359434886163e+00
1.021874686836936519e+01 3.983469895784604198e+00
1.022897072631432991e+01 5.166485508751216038e+00
1.023920481323086840e+01 6.120360508621914164e+00
1.024944913935308044e+01 4.843459043673525422e+00
1.025970371492529942e+01 4.449953331515573929e+00
1.026996855020209765e+01 4.288662589562102667e+00
1.028024365544828811e+01 4.960473075908887530e+00
1.029052904093896892e+01 4.455987234432377875e+00
1.030082471695954105e+01 4.622389253642088747e+00
1.031113069380570302e+01 4.358163855589736180e+00
1.032144698178340825e+01 5.397860244964606480e+00
1.033177359120896099e+01 5.195934837255498984e+00
1.034211053240895950e+01 5.422097918142301687e+00
1.035245781572035639e+01 4.900635972178824851e+00
1.036281545149045868e+01 5.242981553074331558e+00
1.037318345007685672e+01 5.785108943448912022e+00
1.038356182184754672e+01 5.486591748957531323e+00
1.039395057718094506e+01 5.393447563454003557e+00
1.040434972646577272e+01 5.454008298010998068e+00
1.041475928010119567e+01 5.542558333965960315e+00
1.042517924849676270e+01 5.071688228695451883e+00
1.043560964207244091e+01 5.507801524424467132e+00
1.044605047125863351e+01 5.087084496757296570e+00
1.045650174649616382e+01 4.854704483709100238e+00
1.046696347823632323e+01 4.698057087167299528e+00
1.047743567694081790e+01 5.096795321784853172e+00
1.048791835308187714e+01 5.143748649752784452e+00
1.049841151714219301e+01 4.266637177299524630e+00
1.050891517961488475e+01 4.207554854035198133e+00
1.051942935100361431e+01 3.685075921937905896e+00
1.052995404182255434e+01 2.433408129508156659e+00
1.054048926259641661e+01 3.783075122904987708e+00
1.055103502386043246e+01 4.220943939482308060e+00
1.056159133616034929e+01 4.946229163726587608e+00
1.057215821005249445e+01 4.779946533132370945e+00
1.058273565610372025e+01 5.113898249676391394e+00
1.059332368489147136e+01 5.086003517851907851e+00
1.060392230700380445e+01 5.444974667564514093e+00
1.061453153303934371e+01 5.438669240263700466e+00
1.062515137360728978e+01 5.149630357567663630e+00
1.063578183932750854e+01 4.973787920707146704e+00
1.064642294083046359e+01 5.702044586495638612e+00
1.065707468875722519e+01 5.597018699886761262e+00
1.066773709375955193e+01 5.910000872875248668e+00
1.067841016649985519e+01 5.655571674014600703e+00
1.068909391765121519e+01 6.179260450304000507e+00
1.069978835789740934e+01 5.990576003615047718e+00
1.071049349793284122e+01 5.900370918824126676e+00
1.072120934846262230e+01 6.011635677505976716e+00
1.073193592020264830e+01 5.435930377897588706e+00
1.074267322387948376e+01 5.906386294429615269e+00
1.075342127023045435e+01 4.776639364765399520e+00
1.076418007000360966e+01 5.527175567662921729e+00
1.077494963395772487e+01 6.294710123277852176e+00
1.078572997286235946e+01 5.683096979584139063e+00
1.079652109749786604e+01 6.157057439514605157e+00
1.080732301865535838e+01 5.629561147972461654e+00
1.081813574713675052e+01 5.627376827813638904e+00
1.082895929375480470e+01 5.454670287948700569e+00
1.083979366933308341e+01 4.055168850407582681e+00
1.085063888470592630e+01 5.398149456337046459e+00
1.086149495071854787e+01 5.464904398085594472e+00
1.087236187822703393e+01 5.698215779310313422e+00
1.088323967809830783e+01 5.621276072604125318e+00
1.089412836121015538e+01 5.426496941509777905e+00
1.090502793845127272e+01 5.373727150449386869e+00
1.091593842072125575e+01 4.608283538228334919e+00
1.092685981893055747e+01 4.769731374766834620e+00
1.093779214400056965e+01 5.240272667879660062e+00
1.094873540686364244e+01 5.204995190343129963e+00
1.095968961846305412e+01 5.233561210074312520e+00
1.097065478975298625e+01 5.105363300380970415e+00
1.098163093169861249e+01 5.069704114938636152e+00
1.099261805527609326e+01 4.328995820487495649e+00
1.100361617147250470e+01 3.582115104812782391e+00
1.101462529128598611e+01 4.729106961451299718e+00
1.102564542572569728e+01 4.670873511398134781e+00
1.103667658581177058e+01 4.411242015402416783e+00
1.104771878257536777e+01 4.513007841681749177e+00
1.105877202705865159e+01 4.393220224982139932e+00
1.106983633031488701e+01 4.134617918382163637e+00
1.108091170340838083e+01 3.823967830015189140e+00
1.109199815741450301e+01 4.146861571424149240e+00
1.110309570341971686e+01 4.372326837356635743e+00
1.111420435252153993e+01 4.477023454720089113e+00
1.112532411582863290e+01 4.272633267314212446e+00
1.113645500446078351e+01 4.425173113367960376e+00
1.114759702954887644e+01 3.325723227130670701e+00
1.115875020223492164e+01 3.681051463197662521e+00
1.116991453367207754e+01 3.574559970360640548e+00
1.118109003502470777e+01 3.688736907955899813e+00
1.119227671746831376e+01 3.637051049854872709e+00
1.120347459218956310e+01 3.415640501926916706e+00
1.121468367038634106e+01 3.231488148423796503e+00
1.122590396326773821e+01 3.135385029070798524e+00
1.123713548205403256e+01 2.991941353025536543e+00
1.124837823797674297e+01 3.191956704724345784e+00
1.125963224227863257e+01 3.184808935562134735e+00
1.127089750621371778e+01 2.668359449750901558e+00
1.128217404104722554e+01 2.899561703586427175e+00
1.129346185805569291e+01 3.013837341124688152e+00
1.130476096852695456e+01 2.882677395083176997e+00
1.131607138376011612e+01 2.964646115751923272e+00
1.132739311506561641e+01 2.748423006508861288e+00
1.133872617376518122e+01 2.895408786315765148e+00
1.135007057119186236e+01 2.814741726031318336e+00
1.136142631869005903e+01 2.845945083995942593e+00
1.137279342761551248e+01 2.530423373510861218e+00
1.138417190933534684e+01 2.535245904905404579e+00
1.139556177522804603e+01 2.378407641416454776e+00
1.140696303668344669e+01 2.416500276495136657e+00
1.141837570510285005e+01 2.323035748516361743e+00
1.142979979189892958e+01 2.171146352881991870e+00
1.144123530849573278e+01 2.264042892718407085e+00
1.145268226632879305e+01 2.355513346151909104e+00
1.146414067684506044e+01 2.042216187469302557e+00
1.147561055150295850e+01 2.174243394467489487e+00
1.148709190177237893e+01 2.153992355776195744e+00
1.149858473913466561e+01 2.029770428382321690e+00
1.151008907508264123e+01 1.994229826003857786e+00
1.152160492112064460e+01 1.996898796299806378e+00
1.153313228876454133e+01 2.150807004867922423e+00
1.154467118954168825e+01 1.952970487798701305e+00
1.155622163499099919e+01 1.796133176648324392e+00
1.156778363666291476e+01 1.963836947766479879e+00
1.157935720611939345e+01 1.893067532604862713e+00
1.159094235493406444e+01 1.870779502616001233e+00
1.160253909469204991e+01 1.698482880870571199e+00
1.161414743699006635e+01 1.801760578907669386e+00
1.162576739343652221e+01 1.699379649201870235e+00
1.163739897565136694e+01 1.584962117956417282e+00
1.164904219526613538e+01 1.844234174439993934e+00
1.166069706392407035e+01 1.557703809336990375e+00
1.167236359328002493e+01 1.430462808528258467e+00
1.168404179500053175e+01 1.841430528113970233e+00
1.169573168076382252e+01 1.502126672227204640e+00
1.170743326225975878e+01 1.363251946904584289e+00
1.171914655118992599e+01 1.692344842392283111e+00
1.173087155926761760e+01 1.393481129636401583e+00
1.174260829821783325e+01 1.342113704067691149e+00
1.175435677977733384e+01 1.611036508532500910e+00
1.176611701569460777e+01 1.529528363972341598e+00
1.177788901772987806e+01 1.248445257795166352e+00
1.178967279765513254e+01 1.416837173885625578e+00
1.180146836725415938e+01 1.452467786820870410e+00
1.181327573832253641e+01 1.340824505482267170e+00
1.182509492266764717e+01 1.324797305940577985e+00
1.183692593210868438e+01 1.655857593501117275e+00
1.184876877847663401e+01 1.501569140099996424e+00
1.186062347361432678e+01 1.221589272050046082e+00
1.187249002937649855e+01 1.579779395112544060e+00
1.188436845762971572e+01 2.146883309930928796e+00
1.189625877025236811e+01 1.122302473688967517e+00
1.190816097913477911e+01 1.445051805700526604e+00
1.192007509617916661e+01 2.737847971249225854e+00
1.193200113329961809e+01 1.089182230561642983e+00
1.194393910242220258e+01 1.452513285916360752e+00
1.195588901548488714e+01 2.708656812471763153e+00
1.196785088443757417e+01 1.506827628431748112e+00
1.197982472124212805e+01 1.608313440387768134e+00
1.199181053787241602e+01 2.306144416134280117e+00
1.200380834631422822e+01 1.707200751832868235e+00
1.201581815856538427e+01 1.456241087733152639e+00
1.202783998663571730e+01 2.278547360506959052e+00
1.203987384254702775e+01 2.292724604277766698e+00
1.205191973833318109e+01 1.287114810897041828e+00
1.206397768604006693e+01 1.773572966515724492e+00
1.207604769772563813e+01 2.172660484765544631e+00
1.208812978545991257e+01 1.173295372068716702e+00
1.210022396132499090e+01 1.410233882506149783e+00
1.211233023741503700e+01 2.736750820137246354e+00
1.212444862583633132e+01 1.092640755809049402e+00
1.213657913870727256e+01 1.289577075220109448e+00
1.214872178815835468e+01 2.290804834090810260e+00
1.216087658633222013e+01 1.277670626986534108e+00
1.217304354538368472e+01 1.756460312473438590e+00
1.218522267747971277e+01 2.342029123362814769e+00
1.219741399479943134e+01 1.493447247500738095e+00
1.220961750953417990e+01 1.305674954065201732e+00
1.222183323388744647e+01 1.742670800453344881e+00
1.223406118007494747e+01 1.892797874105597078e+00
1.224630136032464556e+01 1.215584638239238346e+00
1.225855378687672292e+01 1.749686528874403457e+00
1.227081847198362219e+01 2.074204606109640192e+00
1.228309542791001974e+01 1.156874190556832049e+00
1.229538466693285770e+01 1.675822806044305224e+00
1.230768620134138125e+01 2.241774490926671248e+00
1.232000004343713506e+01 1.255946783740846007e+00
1.233232620553395975e+01 1.852405290337636012e+00
1.234466469995803273e+01 1.947869668665822118e+00
1.235701553904784689e+01 1.426043401881567529e+00
1.236937873515422659e+01 1.716020365149410365e+00
1.238175430064036320e+01 1.711754791338455872e+00
1.239414224788182928e+01 1.716200038986812615e+00
1.240654258926657327e+01 1.466123653382482406e+00
1.241895533719494793e+01 1.789015764271570497e+00
1.243138050407970141e+01 1.801944032772030191e+00
1.244381810234597729e+01 1.365574011035385338e+00
1.245626814443139274e+01 2.086649042677626742e+00
1.246873064278601007e+01 1.569996630226079493e+00
1.248120560987228522e+01 1.281597695095326062e+00
1.249369305816520281e+01 2.148788997924122146e+00
1.250619300015223345e+01 1.796138328391682970e+00
1.251870544833331600e+01 1.250287869723955225e+00
1.253123041522088243e+01 1.802770138497702179e+00
1.254376791333988095e+01 1.881046506533846641e+00
1.255631795522783989e+01 1.519145314938804114e+00
1.256888055343483224e+01 1.739693418449228535e+00
1.258145572052343297e+01 2.047653529381213922e+00
1.259404346906877592e+01 1.588685981482143683e+00
1.260664381165862302e+01 1.942145753798812047e+00
1.261925676089335191e+01 1.989652804544825404e+00
1.263188232938587952e+01 1.609370535323465079e+00
1.264452052976177043e+01 1.996161397868142950e+00
1.265717137465927955e+01 2.322870511993713194e+00
1.266983487672921349e+01 2.042575946188514457e+00
1.268251104863505674e+01 2.325365927369954733e+00
1.269519990305300539e+01 2.361676531605525931e+00
1.270790145267191740e+01 1.832044137661106742e+00
1.272061571019333925e+01 2.157931979039898085e+00
1.273334268833151661e+01 2.496155770141411878e+00
1.274608239981345470e+01 2.224639405298976413e+00
1.275883485737886680e+01 2.222029853144646960e+00
1.277160007378020090e+01 2.760293122153076872e+00
1.278437806178266989e+01 2.312918427615386019e+00
1.279716883416425510e+01 2.608422614513607574e+00
1.280997240371574897e+01 2.414576773582749691e+00
1.282278878324071059e+01 2.791104967538471815e+00
1.283561798555550659e+01 2.250601629537420934e+00
1.284846002348936622e+01 3.017797980399640423e+00
1.286131490988431381e+01 2.641057024683889143e+00
1.287418265759523628e+01 2.645453075964189882e+00
1.288706327948990271e+01 2.720154681165199761e+00
1.289995678844894478e+01 2.926342772917214230e+00
1.291286319736583721e+01 3.083198557431170883e+00
1.292578251914697951e+01 3.366580759730859906e+00
1.293871476671172793e+01 2.818383961709944874e+00
1.295165995299232620e+01 3.141988240707432656e+00
1.296461809093395523e+01 3.146600513189410808e+00
1.297758919349474738e+01 2.947686733556377003e+00
1.299057327364582903e+01 3.313123605473974109e+00
1.300357034437127801e+01 3.144929068191239185e+00
1.301658041866812354e+01 3.005753630666349263e+00
1.302960350954645996e+01 3.390849925107984664e+00
1.304263963002939519e+01 3.153774520484890598e+00
1.305568879315306674e+01 3.671506101346521778e+00
1.306875101196661504e+01 3.503145596808050044e+00
1.308182629953226872e+01 3.413835683281966293e+00
1.309491466892529665e+01 3.252800171359695014e+00
1.310801613323407544e+01 3.745829426440500765e+00
1.312113070556008587e+01 3.506894055862010973e+00
1.313425839901791292e+01 3.766054370007552610e+00
1.314739922673523687e+01 3.312281446090536097e+00
1.316055320185286348e+01 3.893815158450153913e+00
1.317372033752479865e+01 3.681902462884106608e+00
1.318690064691818620e+01 3.995337743442809231e+00
1.320009414321328833e+01 3.307797391599741399e+00
1.321330083960363133e+01 3.618457236201955141e+00
1.322652074929591492e+01 3.468144578224785501e+00
1.323975388551004784e+01 4.030725319194820244e+00
1.325300026147915844e+01 3.344991773826237580e+00
1.326625989044964449e+01 3.548584539037999086e+00
1.327953278568112516e+01 3.623986701820701484e+00
1.329281896044648903e+01 3.895234027626570228e+00
1.330611842803193312e+01 3.745497268614481623e+00
1.331943120173693274e+01 4.056455020857856475e+00
1.333275729487423966e+01 3.562088799570481079e+00
1.334609672076993725e+01 4.249299458389280915e+00
1.335944949276346172e+01 3.200529472076358850e+00
1.337281562420759862e+01 4.143253357607564524e+00
1.338619512846847215e+01 3.659981999672850428e+00
1.339958801892558071e+01 4.315450766761649959e+00
1.341299430897182177e+01 3.647559464876003243e+00
1.342641401201349538e+01 3.962256656450594772e+00
1.343984714147030957e+01 3.472935047155150556e+00
1.345329371077539982e+01 4.228427204882241774e+00
1.346675373337531489e+01 3.397870988706776174e+00
1.348022722273005236e+01 3.057514955786015509e+00
1.349371419231313141e+01 2.355818801571790022e+00
1.350721465561153423e+01 3.246288698138189321e+00
1.352072862612571136e+01 3.529571798482362688e+00
1.353425611736962608e+01 3.666609911932644739e+00
1.354779714287080061e+01 3.625250991068876605e+00
1.356135171617024326e+01 3.780764511320501065e+00
1.357491985082253727e+01 3.819097174279886708e+00
1.358850156039581769e+01 3.659520516597439599e+00
1.360209685847177141e+01 4.030258624240993903e+00
1.361570575864573662e+01 3.466787417341582689e+00
1.362932827452661932e+01 4.153540038041908744e+00
1.364296441973689866e+01 3.286740529394476695e+00
1.365661420791272107e+01 4.223278991224047374e+00
1.367027765270389139e+01 3.056603902019887187e+00
1.368395476777384623e+01 3.595182289623022331e+00
1.369764556679970546e+01 3.075250608803702601e+00
1.371135006347225982e+01 3.621840972614312815e+00
1.372506827149601527e+01 3.003076204228617208e+00
1.373880020458919660e+01 4.491710476482406733e+00
1.375254587648374383e+01 3.218296129514522264e+00
1.376630530092532290e+01 4.288972179825466746e+00
1.378007849167333632e+01 3.541218610807890688e+00
1.379386546250100665e+01 4.092718423868187294e+00
1.380766622719529657e+01 3.952728744079411438e+00
1.382148079955695330e+01 4.028103073423351610e+00
1.383530919340054588e+01 4.035432349778091954e+00
1.384915142255448472e+01 3.453241360028660889e+00
1.386300750086100031e+01 3.106173555356750438e+00
1.387687744217617691e+01 1.243130067330527444e+00
1.389076126036993308e+01 1.325993565385663819e+00
1.390465896932608914e+01 2.132523798489748934e+00
1.391857058294238314e+01 2.436986771010222430e+00
1.393249611513042652e+01 3.287503489059110162e+00
1.394643557981579285e+01 3.098728056958195420e+00
1.396038899093789354e+01 3.451350735411938153e+00
1.397435636245010393e+01 3.313501134068232101e+00
1.398833770831983081e+01 3.097788540040716132e+00
1.400233304252842537e+01 3.716023393873178371e+00
1.401634237907123293e+01 2.495027898985763493e+00
1.403036573195758763e+01 3.497803521809342175e+00
1.404440311521085327e+01 2.807799972865428373e+00
1.405845454286841267e+01 2.926527553879231913e+00
1.407252002898167476e+01 2.805820864079538790e+00
1.408659958761614028e+01 2.827443628368888184e+00
1.410069323285138765e+01 2.739566163022903122e+00
1.411480097878105155e+01 2.574281835841841115e+00
1.412892283951284611e+01 2.709642747209209279e+00
1.414305882916865897e+01 2.469424453161325417e+00
1.415720896188447142e+01 2.524364756371562546e+00
1.417137325181041696e+01 2.286187996535935962e+00
1.418555171311082397e+01 2.103750360455548307e+00
1.419974435996411799e+01 2.510213349688495743e+00
1.421395120656291056e+01 1.941821683879642269e+00
1.422817226711411465e+01 2.437838771874517807e+00
1.424240755583879192e+01 2.139899247244764435e+00
1.425665708697219713e+01 2.019432378747877621e+00
1.427092087476386340e+01 2.085870817175165648e+00
1.428519893347759151e+01 1.703832086087188502e+00
1.429949127739145354e+01 2.394571849600663160e+00
1.431379792079778213e+01 1.448855222299533008e+00
1.432811887800320072e+01 2.022560006024661128e+00
1.434245416332871059e+01 1.798076028360754641e+00
1.435680379110961091e+01 1.567627509765183946e+00
1.437116777569548276e+01 1.952757717041756713e+00
1.438554613145031702e+01 1.354313926789765476e+00
1.439993887275247175e+01 1.955024721301967583e+00
1.441434601399467219e+01 1.194821793008696842e+00
1.442876756958409423e+01 1.777544828783859332e+00
1.444320355394230226e+01 1.486079315896602582e+00
1.445765398150527048e+01 1.363215705761274155e+00
1.447211886672343439e+01 1.656706980132693241e+00
1.448659822406168018e+01 1.144901515330545960e+00
1.450109206799934469e+01 1.591718801930069427e+00
1.451560041303029891e+01 1.133257470391051625e+00
1.453012327366288048e+01 1.479117940509029783e+00
1.454466066441992744e+01 1.253458025552101285e+00
1.455921259983884752e+01 1.258620576813821446e+00
1.457377909447158437e+01 1.443818856691117203e+00
1.458836016288461934e+01 1.056480225901512249e+00
1.460295581965901945e+01 1.466009399576365002e+00
1.461756607939045161e+01 1.058089200854582579e+00
1.463219095668918968e+01 1.333213756242048076e+00
1.464683046618012519e+01 1.157839608431584066e+00
1.466148462250275486e+01 1.149306826981188134e+00
1.467615344031121793e+01 1.286607171373283176e+00
1.469083693427434589e+01 1.035901388833126324e+00
1.470553511907563937e+01 1.348738040276917793e+00
1.472024800941326284e+01 1.012898987070681933e+00
1.473497562000010674e+01 1.227066957136496050e+00
1.474971796556379466e+01 1.122285708072836341e+00
1.476447506084667616e+01 1.107027890311389484e+00
1.477924692060583922e+01 1.259590728337272703e+00
1.479403355961316180e+01 1.007770806843600209e+00
1.480883499265527448e+01 1.328067716240718177e+00
1.482365123453359068e+01 1.045522559345720692e+00
1.483848230006438307e+01 1.222888338076458581e+00
1.485332820407873911e+01 1.148034072534881656e+00
1.486818896142254509e+01 1.104994239666496458e+00
1.488306458695654122e+01 1.272119029984490446e+00
1.489795509555635178e+01 1.021699805096363711e+00
1.491286050211251180e+01 1.192751658653754543e+00
1.492778082153043151e+01 1.014274235515880029e+00
1.494271606873038927e+01 1.059585755578200228e+00
1.495766625864763810e+01 1.116499511415140367e+00
1.497263140623239330e+01 1.289652509186052676e+00
1.498761152644982886e+01 1.060346355979124855e+00
1.500260663428004371e+01 1.058798038309341605e+00
1.501761674471810615e+01 1.109092376229270815e+00
1.503264187277415687e+01 1.347694482256388770e+00
1.504768203347334321e+01 1.199460881401007706e+00
1.506273724185582452e+01 1.271805965642433423e+00
1.507780751297680233e+01 1.375425768888702827e+00
1.509289286190657009e+01 1.075654046248869289e+00
1.510799330373045635e+01 1.464193260561567511e+00
1.512310885354890289e+01 1.036773362325896786e+00
1.513823952647746296e+01 1.353980246751222971e+00
1.515338533764681372e+01 1.155857221648709521e+00
1.516854630220275624e+01 1.170194499191248294e+00
1.518372243530625454e+01 1.286963827084949719e+00
1.519891375213346763e+01 1.040507652618358536e+00
1.521412026787568195e+01 1.399518264970185832e+00
1.522934199773943043e+01 1.030945809075510367e+00
1.524457895694642851e+01 1.351844943316034220e+00
1.525983116073368073e+01 1.162512940263036310e+00
1.527509862435336885e+01 1.189302707539445114e+00
1.529038136307294238e+01 1.334106598900295593e+00
1.530567939217513640e+01 1.055484971488510615e+00
1.532099272695800884e+01 1.403794359983926654e+00
1.533632138273488899e+01 1.059298515812586050e+00
1.535166537483442539e+01 1.434367715579820013e+00
1.536702471860061792e+01 1.229236278333005528e+00
1.538239942939280347e+01 1.284670082106446509e+00
1.539778952258570932e+01 1.473725173068314076e+00
1.541319501356943356e+01 1.129902176264542257e+00
1.542861591774943264e+01 1.572710362164345677e+00
1.544405225054664044e+01 1.138546397015230083e+00
1.545950402739738649e+01 1.593622466189051456e+00
1.547497126375344756e+01 1.429867698561390954e+00
1.549045397508206356e+01 1.375191414539457480e+00
1.550595217686592875e+01 1.776122416652546665e+00
1.552146588460326093e+01 1.190788758151958060e+00
1.553699511380775711e+01 1.966770344027416462e+00
1.555253988000867871e+01 1.247494029001438021e+00
1.556810019875076989e+01 1.900402099547467305e+00
1.558367608559435347e+01 1.703471899440998749e+00
1.559926755611532379e+01 1.603437506311067073e+00
1.561487462590514674e+01 2.090499440281623489e+00
1.563049731057092373e+01 1.430072104034078917e+00
1.564613562573530814e+01 2.266588438274232509e+00
1.566178958703660662e+01 1.492288533870009370e+00
1.567745921012879506e+01 2.024747120341912510e+00
1.569314451068148308e+01 1.902999356577759427e+00
1.570884550437998328e+01 1.841651901734161267e+00
1.572456220692530415e+01 2.367947764429656043e+00
1.574029463403412876e+01 1.497408910578223118e+00
1.575604280143891245e+01 2.568875775423090424e+00
1.577180672488782243e+01 1.948018315176957893e+00
1.578758642014476088e+01 2.126002104526997449e+00
1.580338190298943246e+01 2.368980632070923686e+00
1.581919318921733897e+01 1.802856041936843345e+00
1.583502029463975269e+01 2.819863919192056034e+00
1.585086323508377326e+01 2.051245006121137138e+00
1.586672202639235074e+01 2.417253238899455425e+00
1.588259668442427319e+01 2.399647790249442636e+00
1.589848722505419154e+01 2.385597975790596958e+00
1.591439366417263379e+01 2.835786677039997095e+00
1.593031601768606009e+01 2.470429128562996457e+00
1.594625430151684498e+01 2.546945133485298385e+00
1.596220853160327735e+01 2.502616798301152023e+00
1.597817872389959071e+01 2.523118398999756540e+00
1.599416489437596667e+01 1.973535295362778275e+00
1.601016705901853143e+01 3.004629457075230103e+00
1.602618523382946947e+01 2.577455626861180793e+00
1.604221943482700397e+01 3.106928273758226666e+00
1.605826967804530980e+01 2.773824305287293512e+00
1.607433597953463433e+01 2.936460401819379840e+00
1.609041835536128318e+01 3.332978634505385784e+00
1.610651682160760245e+01 2.430613301920427460e+00
1.612263139437211734e+01 3.236188641176747094e+00
1.613876208976935800e+01 2.951720803212002586e+00
1.615490892393001587e+01 2.836231505950413290e+00
1.617107191300096147e+01 2.404902177206024394e+00
1.618725107314516620e+01 1.033058655234820877e+00
1.620344642054176632e+01 1.439682272720401501e+00
1.621965797138613041e+01 1.874894660870829899e+00
1.623588574188982747e+01 1.735077930048970041e+00
1.625212974828060197e+01 2.758614574000759934e+00
1.626839000680249114e+01 2.848716502190710820e+00
1.628466653371572548e+01 2.641605031205412235e+00
1.630095934529685664e+01 3.132621338963012203e+00
1.631726845783870772e+01 2.292892794240308785e+00
1.633359388765037323e+01 2.935686047303672996e+00
1.634993565105728308e+01 3.211579819242235345e+00
1.636629376440121675e+01 2.544640054496763781e+00
1.638266824404027489e+01 3.127097995615510939e+00
1.639905910634891484e+01 3.071772044892902009e+00
1.641546636771804657e+01 2.649577910300370487e+00
1.643189004455492608e+01 3.135971152892034208e+00
1.644833015328320514e+01 2.466065216281334571e+00
1.646478671034300234e+01 3.195791345350316170e+00
1.648125973219089246e+01 3.215582916973111605e+00
1.649774923529989934e+01 2.503314289636082712e+00
1.651425523615948521e+01 3.340037759540078088e+00
1.653077775127569637e+01 2.558738762273311096e+00
1.654731679717104242e+01 2.653033327156434140e+00
1.656387239038455306e+01 3.300236744796651855e+00
1.658044454747182783e+01 2.500608895893850381e+00
1.659703328500502195e+01 3.260394034170493338e+00
1.661363861957294219e+01 3.025157134139431214e+00
1.663026056778087991e+01 2.638510927242451842e+00
1.664689914625072475e+01 3.231312192097188341e+00
1.666355437162107833e+01 2.130458675627797671e+00
1.668022626054720448e+01 3.172288344828247730e+00
1.669691482970098306e+01 3.364878436711429277e+00
1.671362009577098107e+01 2.609469081944296942e+00
1.673034207546247387e+01 3.181295733602577780e+00
1.674708078549743107e+01 1.916667231390276394e+00
1.676383624261456973e+01 2.534314069552125126e+00
1.678060846356936153e+01 2.911905107249220137e+00
1.679739746513401144e+01 2.478841334245272421e+00
1.681420326409750388e+01 2.419465756968592451e+00
1.683102587726567378e+01 3.043831413073992742e+00
1.684786532146112137e+01 2.631607497087777858e+00
1.686472161352329380e+01 3.154526939835774701e+00
1.688159477030848521e+01 2.358023386728261173e+00
1.689848480868984737e+01 1.572907026706551914e+00
1.691539174555743941e+01 2.729680812618840768e+00
1.693231559781817452e+01 2.718894178449013932e+00
1.694925638239588395e+01 3.260061537692073852e+00
1.696621411623138798e+01 3.244460085050048903e+00
1.698318881628241783e+01 2.783367403356881820e+00
1.700018049952368671e+01 3.428577864690645960e+00
1.701718918294688265e+01 3.150139985331406489e+00
1.703421488356068281e+01 2.954099665214134696e+00
1.705125761839080667e+01 3.305984526925959344e+00
1.706831740447996992e+01 2.948467152235746180e+00
1.708539425888794483e+01 3.220228318798142197e+00
1.710248819869159220e+01 2.450423080024247469e+00
1.711959924098485786e+01 2.838895606418367024e+00
1.713672740287879037e+01 3.349746495046041606e+00
1.715387270150155175e+01 3.195756111979933589e+00
1.717103515399843872e+01 2.909500673872996046e+00
1.718821477753190763e+01 2.943985113762878303e+00
1.720541158928159575e+01 2.189808718047533631e+00
1.722262560644431417e+01 1.862527801673030892e+00
1.723985684623405490e+01 2.992207159654676207e+00
1.725710532588209745e+01 2.921022955207007943e+00
1.727437106263688449e+01 3.261195860318311102e+00
1.729165407376416042e+01 3.202723135063284765e+00
1.730895437654698199e+01 2.975513094950757775e+00
1.732627198828563309e+01 3.116958014766694873e+00
1.734360692629769218e+01 2.671656387850937620e+00
1.736095920791811054e+01 1.858537569974243242e+00
1.737832885049919440e+01 2.929437194606807182e+00
1.739571587141055886e+01 3.016510231905814798e+00
1.741312028803920597e+01 3.097650448664346801e+00
1.743054211778958518e+01 3.182311999639420463e+00
1.744798137808355420e+01 2.990099133447321034e+00
1.746543808636037198e+01 3.213908004750074987e+00
1.748291226007674126e+01 3.187028393161568385e+00
1.750040391670682638e+01 2.531840922490952384e+00
1.751791307374228168e+01 3.020423646227869519e+00
1.753543974869225153e+01 3.034649259352691697e+00
1.755298395908345199e+01 2.511492170471073315e+00
1.757054572246007496e+01 1.768172743872479469e+00
1.758812505638386270e+01 2.756993692543229013e+00
1.760572197843420028e+01 2.808045873330513142e+00
1.762333650620799119e+01 1.912727969114151660e+00
1.764096865731976393e+01 2.330145948812090584e+00
1.765861844940165071e+01 2.922043914110431739e+00
1.767628590010343714e+01 3.042191569214596658e+00
1.769397102709259428e+01 3.034628759422841160e+00
1.771167384805425016e+01 2.981196951691855723e+00
1.772939438069122886e+01 3.007661694309225808e+00
1.774713264272407542e+01 2.163878270160106254e+00
1.776488865189103805e+01 2.529663465962525226e+00
1.778266242594811430e+01 3.014882759159745795e+00
1.780045398266910084e+01 3.102891656342146476e+00
1.781826333984556499e+01 3.079221911268664069e+00
1.783609051528684830e+01 2.936681534411129668e+00
1.785393552682015539e+01 3.106223580276532115e+00
1.787179839229047218e+01 3.039806464566557676e+00
1.788967912956065831e+01 3.091650294834265900e+00
1.790757775651144357e+01 3.083916661832970529e+00
1.792549429104150249e+01 2.935817446648435247e+00
1.794342875106735136e+01 2.585505848134776130e+00
1.796138115452342987e+01 3.013198512816837482e+00
1.797935151936216158e+01 2.975467543830668138e+00
1.799733986355390414e+01 2.965989672585143566e+00
1.801534620508700968e+01 2.718463547032185179e+00
1.803337056196783905e+01 1.936748429755593470e+00
1.805141295222070497e+01 2.872701950424072947e+00
1.806947339388802121e+01 2.978004721704617275e+00
1.808755190503026711e+01 2.925017476908070346e+00
1.810564850372592005e+01 2.714562763259684264e+00
1.812376320807159047e+01 2.968858174824941187e+00
1.814189603618197211e+01 2.895060749209606765e+00
1.816004700618987755e+01 2.745677501294476297e+00
1.817821613624629862e+01 2.067950829669969348e+00
1.819640344452037084e+01 2.664810957319171614e+00
1.821460894919938411e+01 2.863807647569548642e+00
1.823283266848886086e+01 2.796217159775582051e+00
1.825107462061255248e+01 2.096981084966385023e+00
1.826933482381239671e+01 2.650790650476877452e+00
1.828761329634858512e+01 2.529510495891171828e+00
1.830591005649957737e+01 1.672859467663398547e+00
1.832422512256215796e+01 2.247267502711601139e+00
1.834255851285137595e+01 1.628231181643786440e+00
1.836091024570062658e+01 2.350550054712710502e+00
1.837928033946165485e+01 2.631836799538717298e+00
