# wavelength[um] flux[W/sr/m2/um]
4.043958187339406152e+00 nan
4.048004168179851980e+00 4.797445805314725642e-01
4.052054197024798299e+00 4.319894552667983834e-01
4.056108277924278305e+00 3.149710868069872105e-01
4.060166414932374401e+00 4.484447840316472256e-01
4.064228612107225302e+00 3.684755888810805069e-01
4.068294873511027809e+00 5.450053574895545871e-01
4.072365203210039475e+00 4.857603734256624173e-01
4.076439605274588374e+00 3.762277596509375766e-01
4.080518083779084648e+00 2.827853797460195273e-01
4.084600642802003634e+00 6.062570396146912399e-01
4.088687286425909839e+00 5.377129939293694427e-01
4.092778018737446288e+00 5.022178045043980132e-01
4.096872843827346067e+00 3.996105960060212792e-01
4.100971765790424328e+00 5.682579547628882066e-01
4.105074788725600499e+00 5.989163631300116197e-01
4.109181916735913376e+00 5.869084157847926919e-01
4.113293153928490042e+00 3.009710149389220324e-01
4.117408504414562742e+00 3.662592101336030193e-01
4.121527972309475985e+00 7.044628441814609898e-01
4.125651561732701644e+00 4.501805384754022366e-01
4.129779276807835409e+00 6.785102286925988047e-01
4.133911121662587895e+00 6.419121364583438849e-01
4.138047100428805081e+00 6.219824558883959575e-01
4.142187217242470076e+00 6.075810061260484840e-01
4.146331476243699576e+00 5.533296839285346547e-01
4.150479881576749186e+00 4.802283358138073055e-01
4.154632437390031185e+00 4.369935258353323526e-01
4.158789147836096767e+00 4.833910580023612624e-01
4.162950017071651132e+00 4.844843263502823238e-01
4.167115049257566817e+00 4.303714169745562201e-01
4.171284248558879248e+00 3.312442477523920292e-01
4.175457619144791188e+00 2.563622174377890861e-01
4.179635165188675394e+00 1.843567635456387077e-01
4.183816890868071070e+00 1.031764668399923895e-01
4.188002800364700740e+00 6.134705924002980398e-02
4.192192897864479129e+00 2.779441231300852633e-02
4.196387187557506060e+00 1.449576417744195649e-02
4.200585673638072670e+00 5.793155191353648557e-03
4.204788360304662298e+00 3.292639455110654007e-03
4.208995251759962919e+00 1.872292090784200697e-03
4.213206352210869809e+00 1.557349754850426496e-03
4.217421665868471337e+00 1.509017383003572084e-03
4.221641196948093366e+00 1.548764384434932239e-03
4.225864949669266402e+00 1.637462746753658811e-03
4.230092928255739793e+00 1.667964965302559102e-03
4.234325136935488842e+00 1.825074230983650273e-03
4.238561579940727242e+00 1.897814881184707071e-03
4.242802261507900852e+00 1.976718637813698696e-03
4.247047185877692144e+00 1.716217047307242241e-03
4.251296357295021089e+00 1.839934400290188900e-03
4.255549780009054928e+00 1.895483102376817634e-03
4.259807458273230374e+00 1.880940715281999645e-03
4.264069396345225194e+00 2.186663727596932071e-03
4.268335598486969751e+00 1.989176570139505971e-03
4.272606068964664772e+00 2.112554239680106485e-03
4.276880812048779568e+00 2.182860143403570711e-03
4.281159832014060029e+00 3.030647553193604668e-03
4.285443133139530403e+00 2.464970238512312686e-03
4.289730719708485296e+00 2.153616707687790004e-03
4.294022596008521653e+00 2.008524900828883523e-03
4.298318766331513885e+00 1.833338165909725523e-03
4.302619234973628970e+00 2.442706248420987557e-03
4.306924006235345104e+00 2.373276831042642372e-03
4.311233084421424167e+00 2.616148596967709638e-03
4.315546473840940145e+00 2.989338324194444098e-03
4.319864178807288901e+00 3.892873326863164393e-03
4.324186203638174852e+00 4.465216077141377637e-03
4.328512552655626955e+00 5.354554445863093926e-03
4.332843230185990713e+00 6.919878797747963141e-03
4.337178240559948605e+00 9.702201598927468959e-03
4.341517588112503212e+00 1.654352446367950841e-02
4.345861277183007410e+00 2.200580841066024015e-02
4.350209312115151938e+00 2.805974764080296918e-02
4.354561697256974284e+00 3.729451983894426642e-02
4.358918436960855125e+00 4.718640753184590031e-02
4.363279535583538760e+00 8.208685574559058951e-02
4.367644997486123337e+00 9.892971573136594143e-02
4.372014827034064410e+00 1.144677856921472725e-01
4.376389028597194475e+00 1.340126781942558298e-01
4.380767606549714976e+00 1.720351742564953657e-01
4.385150565270209633e+00 2.199280633338859814e-01
4.389537909141639105e+00 2.676461456203764189e-01
4.393929642551338333e+00 3.067666013977210504e-01
4.398325769891044068e+00 3.501719423734314107e-01
4.402726295556887770e+00 4.495118815388992606e-01
4.407131223949391163e+00 4.688106577269303132e-01
4.411540559473484002e+00 5.382897266453948726e-01
4.415954306538509400e+00 5.500652491700660507e-01
4.420372469558211392e+00 6.447902025359409928e-01
4.424795052950750929e+00 6.700620551413315473e-01
4.429222061138705868e+00 6.360457369797353211e-01
4.433653498549093186e+00 5.955178002253724845e-01
4.438089369613354762e+00 7.535006525373866282e-01
4.442529678767354717e+00 7.470187102481795627e-01
4.446974430451398952e+00 7.876896170810131492e-01
4.451423629110244917e+00 7.015494580508575551e-01
4.455877279193092733e+00 6.992634567036815074e-01
4.460335385153590515e+00 6.419428830332555291e-01
4.464797951449841484e+00 6.469759411751588862e-01
4.469264982544411069e+00 6.598260293490830763e-01
4.473736482904336675e+00 5.527261965086351925e-01
4.478212457001122360e+00 4.677152870621421044e-01
4.482692909310737051e+00 4.018509950026629696e-01
4.487177844313640307e+00 4.299314540050447886e-01
4.491667266494762778e+00 4.316713412384417525e-01
4.496161180343516861e+00 2.962113643771808746e-01
4.500659590353822459e+00 2.319196335067231496e-01
4.505162501024093658e+00 2.552656075185859019e-01
4.509669916857241390e+00 2.549563402619794972e-01
4.514181842360688535e+00 1.447829416531494218e-01
4.518698282046352155e+00 1.186793502307015996e-01
4.523219240430670141e+00 1.579804029858956627e-01
4.527744722034610092e+00 1.084128052363649702e-01
4.532274731383646227e+00 5.954175124590184442e-02
4.536809273007785137e+00 8.553986538277273677e-02
4.541348351441579112e+00 7.611486895427099775e-02
4.545891971224099493e+00 3.268139503035282639e-02
4.550440136898975751e+00 4.698831251119917757e-02
4.554992853014370624e+00 4.625240962782743714e-02
4.559550124122995207e+00 1.816954853388001723e-02
4.564111954782122282e+00 2.941174040611375592e-02
4.568678349553586315e+00 2.837182580814857566e-02
4.573249313003776351e+00 1.157217215546269863e-02
4.577824849703659993e+00 2.308032381294366359e-02
4.582404964228774524e+00 1.753252133383441380e-02
4.586989661159233123e+00 9.395798952382164795e-03
4.591578945079738183e+00 1.914433278098544994e-02
4.596172820579575991e+00 1.004886482847097348e-02
4.600771292252614941e+00 1.182405693337341621e-02
4.605374364697328637e+00 1.580643643966371872e-02
4.609982042516789669e+00 6.843299938016199173e-03
4.614594330318677606e+00 1.574659233622308085e-02
4.619211232715274562e+00 1.068199393994788242e-02
4.623832754323488281e+00 1.099055184154701902e-02
4.628458899764849477e+00 1.757831450655772745e-02
4.633089673665492292e+00 7.480083011652607049e-03
4.637725080656193377e+00 2.229402154762834959e-02
4.642365125372356793e+00 1.219916031490810363e-02
4.647009812454028221e+00 2.345298581322722772e-02
4.651659146545906509e+00 3.147186429602934210e-02
4.656313132297318802e+00 2.504131748080584349e-02
4.660971774362248077e+00 1.013612127842667965e-01
4.665635077399347352e+00 2.049187007704946772e-01
4.670303046071911268e+00 1.214627209180944162e-01
4.674975685047906282e+00 2.367772800583886963e-02
4.679652998999974223e+00 4.516624014829834916e-02
4.684334992605429626e+00 2.281958574713753227e-02
4.689021670546271281e+00 2.551969352101703808e-02
4.693713037509176011e+00 2.416715974539960371e-02
4.698409098185504895e+00 1.593152473754504833e-02
4.703109857271324579e+00 2.839805567560610075e-02
4.707815319467393955e+00 1.185621373283694650e-02
4.712525489479173046e+00 3.145693828231121980e-02
4.717240372016835437e+00 1.020674101044314816e-02
4.721959971795260280e+00 3.557470649648265815e-02
4.726684293534048287e+00 1.022389382999408687e-02
4.731413341957528829e+00 3.999725959488610594e-02
4.736147121794751946e+00 1.165571719273592391e-02
4.740885637779490125e+00 4.661281035946470558e-02
4.745628894650255170e+00 1.408713859268191822e-02
4.750376897150309752e+00 5.595972887473101010e-02
4.755129650027656751e+00 1.745769938231786847e-02
4.759887158035051691e+00 6.909083228196044590e-02
4.764649425930005400e+00 2.173613783764693358e-02
4.769416458474777798e+00 8.786788965112921068e-02
4.774188260436393882e+00 2.580807831524764909e-02
4.778964836586673037e+00 1.061658047872092586e-01
4.783746191702191730e+00 3.236394687027270567e-02
4.788532330564299500e+00 1.470562153214214629e-01
4.793323257959137607e+00 4.041885674570887960e-02
4.798118978677631041e+00 1.817884099599642866e-01
4.802919497515497405e+00 5.234233937355844968e-02
4.807724819273262007e+00 1.881573773268568894e-01
4.812534948756252540e+00 4.160800443882667343e-02
4.817349890774592858e+00 2.064615668718733921e-01
4.822169650143221631e+00 9.301795240355804906e-02
4.826994231681898562e+00 2.058327813981567223e-01
4.831823640215216820e+00 1.308963860604434870e-01
4.836657880572579948e+00 2.143653573498134068e-01
4.841496957588230288e+00 1.739877981637270032e-01
4.846340876101235651e+00 2.226393904687591074e-01
4.851189640955513305e+00 3.400264049275123490e-01
4.856043256999840629e+00 2.037459521560178732e-01
4.860901729087831136e+00 3.902691145290838048e-01
4.865765062077957559e+00 2.252959565825726207e-01
4.870633260833544753e+00 4.465973579883859568e-01
4.875506330222795448e+00 2.599195606210382703e-01
4.880384275118787585e+00 5.382193186858320599e-01
4.885267100399468099e+00 3.252000468191131310e-01
4.890154810947647590e+00 4.963579754349984885e-01
4.895047411651042069e+00 5.538533563122034487e-01
4.899944907402259631e+00 3.618379999605049746e-01
4.904847303098789801e+00 7.560315018399804687e-01
4.909754603643035509e+00 5.346810082639504857e-01
4.914666813942293544e+00 8.579708807483497068e-01
4.919583938908781207e+00 7.077509440962266307e-01
4.924505983459624758e+00 1.060440346431567704e+00
4.929432952516856759e+00 9.369368966925465392e-01
4.934364851007448038e+00 6.831582385466248297e-01
4.939301683863292602e+00 1.113763899893660758e+00
4.944243456021227168e+00 7.447260051382839086e-01
4.949190172423037382e+00 1.042996929598362321e+00
4.954141838015429400e+00 5.067367606716508543e-01
4.959098457750073408e+00 6.071706369391867142e-01
4.964060036583591184e+00 1.115526920905278052e+00
4.969026579477557881e+00 1.175648593191051861e+00
4.973998091398528665e+00 1.212445525688644388e+00
4.978974577317995198e+00 7.575741706527877595e-01
4.983956042212439819e+00 1.262760448052204776e+00
4.988942491063345308e+00 1.254112669049419093e+00
4.993933928857153148e+00 1.316028159036340295e+00
4.998930360585300825e+00 1.172805374677486911e+00
5.003931791244230709e+00 8.391551640222798536e-01
5.008938225835386504e+00 1.235811285230487666e+00
5.013949669365177719e+00 9.910964001050565075e-01
5.018966126845049835e+00 3.322615782285205932e-01
5.023987603291483417e+00 8.644776183638963607e-01
5.029014103725941709e+00 6.364004099990498986e-01
5.034045633174911494e+00 1.129137039258781838e+00
5.039082196669929736e+00 1.295158772772462275e+00
5.044123799247563156e+00 1.332484762773065601e+00
5.049170445949409114e+00 1.407790143766393776e+00
5.054222141822116932e+00 1.390565616477946742e+00
5.059278891917391441e+00 1.138285873935205084e+00
5.064340701291981439e+00 1.371937245636005942e+00
5.069407575007690347e+00 1.379803411143665226e+00
5.074479518131395750e+00 1.260699239054855925e+00
5.079556535735048506e+00 8.696991157554539997e-01
5.084638632895669197e+00 4.421737526043924005e-01
5.089725814695342798e+00 1.118794481035992883e+00
5.094818086221257758e+00 1.203729661837728449e+00
5.099915452565697116e+00 8.907405075846787090e-01
5.105017918826000312e+00 1.275540856809600054e+00
5.110125490104636903e+00 9.491738659945856416e-01
5.115238171509194132e+00 8.191258448014865357e-01
5.120355968152357384e+00 1.292471964495552683e+00
5.125478885151911967e+00 1.181112817359596390e+00
5.130606927630776859e+00 1.110814237446644093e+00
5.135740100717002932e+00 7.797974100342656145e-01
5.140878409543741867e+00 5.800708480292180447e-01
5.146021859249313657e+00 4.680221666954859638e-01
5.151170454977185287e+00 6.618813302257583464e-01
5.156324201875936986e+00 1.065789393486716197e+00
5.161483105099309299e+00 1.181337382134951097e+00
5.166647169806227069e+00 1.206661861255941881e+00
5.171816401160747922e+00 6.469588576373835886e-01
5.176990804332091578e+00 1.134646412134052484e+00
5.182170384494675375e+00 1.259600718144093801e+00
5.187355146828076080e+00 1.152140826755458480e+00
5.192545096517046765e+00 1.002276231148531371e+00
5.197740238751555886e+00 5.573217178296575591e-01
5.202940578726747312e+00 5.161218458873000348e-01
5.208146121642936777e+00 7.056919970733999126e-01
5.213356872705670497e+00 3.350303169739174969e-01
5.218572837125715402e+00 6.839990693423957380e-01
5.223794020119036041e+00 8.990440601887919048e-01
5.229020426906815011e+00 1.004329016564550203e+00
5.234252062715459175e+00 5.350170881402100953e-01
5.239488932776602326e+00 5.314526938085621932e-01
5.244731042327116732e+00 9.137337787092044694e-01
5.249978396609109588e+00 7.272346728855398901e-01
5.255231000869925673e+00 1.061313853223634585e+00
5.260488860362181995e+00 1.063787251906450626e+00
5.265751980343742922e+00 1.097111522572481457e+00
5.271020366077721064e+00 9.852036569399501564e-01
5.276294022832505703e+00 5.103446464209693278e-01
5.281572955881746800e+00 9.024381970120550767e-01
5.286857170504389636e+00 8.724544427010996195e-01
5.292146671984641948e+00 3.222718873202002343e-01
5.297441465612009459e+00 8.576984895158128452e-01
5.302741556681281665e+00 8.945743787774980138e-01
5.308046950492545157e+00 7.591464832388062911e-01
5.313357652351208493e+00 1.225716470932622926e+00
5.318673667567959562e+00 1.156298975636641746e+00
5.323995001458826870e+00 1.218393699418454768e+00
5.329321659345144901e+00 1.047816735825791712e+00
5.334653646553559447e+00 1.131443375836038490e+00
5.339990968416064021e+00 9.477562053111322493e-01
5.345333630269974101e+00 5.564680887663163711e-01
5.350681637457967987e+00 2.593187381403927461e-01
5.356034995328045945e+00 3.366442728591206857e-01
5.361393709233554183e+00 8.107576880368044803e-01
5.366757784533227493e+00 1.036977832139208244e+00
5.372127226591127069e+00 9.399098488320820621e-01
5.377502040776687586e+00 9.859822873289234568e-01
5.382882232464750061e+00 9.355493933074998658e-01
5.388267807035500567e+00 1.082463315671021276e+00
5.393658769874506653e+00 1.128065813348703594e+00
5.399055126372735103e+00 9.333789474791474028e-01
5.404456881926535949e+00 1.060321729894492471e+00
5.409864041937665569e+00 6.414428771781773841e-01
5.415276611813294672e+00 6.166196644189162468e-01
5.420694596965989653e+00 2.537646412088558900e-01
5.426118002813722363e+00 4.684478462916102370e-01
5.431546834779906519e+00 8.538142408851204790e-01
5.436981098293380832e+00 9.915427774122534954e-01
5.442420798788408121e+00 6.217264299981828390e-01
5.447865941704685966e+00 8.492218692399760016e-01
5.453316532487360035e+00 9.460395657847399109e-01
5.458772576587027636e+00 7.622846863109978832e-01
5.464234079459717286e+00 2.821050898233737336e-01
5.469701046566937563e+00 5.438747212568453282e-01
5.475173483375657568e+00 6.605854436077132075e-01
5.480651395358322020e+00 4.718804174472797097e-01
5.486134787992848594e+00 8.588304648838894773e-01
5.491623666762627032e+00 1.131867417188758829e+00
5.497118037156523584e+00 1.151364915141053435e+00
5.502617904668907656e+00 1.001390191622024251e+00
5.508123274799649138e+00 1.201158021470610349e+00
5.513634153054125520e+00 1.099192896530728492e+00
5.519150544943213887e+00 6.240076383504865598e-01
5.524672455983298036e+00 5.420069465894657990e-01
5.530199891696303105e+00 7.763036169860456637e-01
5.535732857609660051e+00 1.051208736010506239e+00
5.541271359256338513e+00 8.324074531862131199e-01
5.546815402174844145e+00 7.069347257556998221e-01
5.552364991909218617e+00 6.128660638437497532e-01
5.557920134009044943e+00 4.153492271274463743e-01
5.563480834029461697e+00 7.682014257457180362e-01
5.569047097531185209e+00 4.680781110452146843e-01
5.574618930080467827e+00 5.134849334698998735e-01
5.580196337249130778e+00 3.186412923858998325e-01
5.585779324614604135e+00 5.486834067593756581e-01
5.591367897759871752e+00 8.294582612151245593e-01
5.596962062273499683e+00 1.074466427218216502e+00
5.602561823749654835e+00 6.662403045003184587e-01
5.608167187788102304e+00 8.669088447601416281e-01
5.613778159994197381e+00 4.981893837856136709e-01
5.619394745978918415e+00 6.012999247450856455e-01
5.625016951358852602e+00 8.538597590256343794e-01
5.630644781756208417e+00 5.759133201449982975e-01
5.636278242798814730e+00 5.421386266583889668e-01
5.641917340120138569e+00 2.402095938333282943e-01
5.647562079359275344e+00 3.752401353381319971e-01
5.653212466160955074e+00 5.394197773661989492e-01
5.658868506175564583e+00 7.186428428150778425e-01
5.664530205059156387e+00 9.455362342745676774e-01
5.670197568473430039e+00 7.847137700090119905e-01
5.675870602085741901e+00 3.603865598950287685e-01
5.681549311569130012e+00 8.046371175526790820e-01
5.687233702602297214e+00 6.916047252285982827e-01
5.692923780869640460e+00 4.932194993677241346e-01
5.698619552061241045e+00 9.427110721762866907e-01
5.704321021872854836e+00 7.345734782022529386e-01
5.710028196005964674e+00 3.755815088878436958e-01
5.715741080167752841e+00 4.598344888549228404e-01
5.721459680071105502e+00 3.428479223008137344e-01
5.727184001434619809e+00 5.098628039089850850e-01
5.732914049982608340e+00 5.551766308140533290e-01
5.738649831445122196e+00 5.466743887826399639e-01
5.744391351557942116e+00 4.837129049794409164e-01
5.750138616062591801e+00 3.954309711653323789e-01
5.755891630706342355e+00 5.990667341329851681e-01
5.761650401242202513e+00 4.394655167571853149e-01
5.767414933428949730e+00 2.131482374506295518e-01
5.773185233031118635e+00 5.481099522742961527e-01
5.778961305818993921e+00 4.697152925750905927e-01
5.784743157568644101e+00 8.684664907580831317e-01
5.790530794061934827e+00 1.019302280121716198e+00
5.796324221086497808e+00 1.042288087934141405e+00
5.802123444435760113e+00 6.471906947872757554e-01
5.807928469908951286e+00 7.904296785527453739e-01
5.813739303311101558e+00 6.371443718045046722e-01
5.819555950453048077e+00 2.516808854060988421e-01
5.825378417151428678e+00 3.722176119713867526e-01
5.831206709228702323e+00 3.310785919701401125e-01
5.837040832513173072e+00 5.640067414193723483e-01
5.842880792838964332e+00 7.615095737300261458e-01
5.848726596046033066e+00 6.073268759401587724e-01
5.854578247980187555e+00 6.722673139963958322e-01
5.860435754493076743e+00 3.237263093182449203e-01
5.866299121442202669e+00 4.077059770279706785e-01
5.872168354690941783e+00 5.664369939813573840e-01
5.878043460108523632e+00 2.781845638477417615e-01
5.883924443570054841e+00 2.398318176324682194e-01
5.889811310956534207e+00 4.508854851447520184e-01
5.895704068154810074e+00 2.415869155146703195e-01
5.901602721057636280e+00 5.283810129411155021e-01
5.907507275563671278e+00 6.775829755283158118e-01
5.913417737577481681e+00 6.691106607950954022e-01
5.919334113009534271e+00 5.612581182172418082e-01
5.925256407776182677e+00 5.523745687827205098e-01
5.931184627799722442e+00 4.633502136770258351e-01
5.937118779008376812e+00 2.007812192752113922e-01
5.943058867336306506e+00 4.137747131224960295e-01
5.949004898723619483e+00 5.758994594567147240e-01
5.954956879116324764e+00 4.740012124343953581e-01
5.960914814466400813e+00 7.280994051400127010e-01
5.966878710731783109e+00 3.940657412560152895e-01
5.972848573876380129e+00 5.333880906994862281e-01
5.978824409870049372e+00 6.345243116223165947e-01
5.984806224688616894e+00 4.466469838546585081e-01
5.990794024313907506e+00 3.047515365122611120e-01
5.996787814733729682e+00 5.653046076933658792e-01
6.002787601941870221e+00 7.117533242972922114e-01
6.008793391938101358e+00 7.442845286943058358e-01
6.014805190728216289e+00 3.704606036871947450e-01
6.020823004324017624e+00 7.689676093313486671e-01
6.026846838743329826e+00 9.525204519993148988e-01
6.032876700009986770e+00 7.918125732298146868e-01
6.038912594153839741e+00 5.218685750735604367e-01
6.044954527210790296e+00 2.737195082683474556e-01
6.051002505222769834e+00 1.538630253707663209e-01
6.057056534237768020e+00 5.547659682580218243e-01
6.063116620309810578e+00 6.007365444409468180e-01
6.069182769498975283e+00 3.161388093052983073e-01
6.075254987871399948e+00 3.311945061670513168e-01
6.081333281499318844e+00 5.644026612612024207e-01
6.087417656461035165e+00 7.876440646849597327e-01
6.093508118840904153e+00 8.408751145248157810e-01
6.099604674729399711e+00 7.542643242200365306e-01
6.105707330223097529e+00 4.698187863270548714e-01
6.111816091424631558e+00 3.636597991001987440e-01
6.117930964442756192e+00 4.148513093276716690e-01
6.124051955392354252e+00 6.575917587383701690e-01
6.130179070394424556e+00 9.801959158700919161e-01
6.136312315576075704e+00 9.794553290498171361e-01
6.142451697070548278e+00 5.031949184865898150e-01
6.148597221017229053e+00 7.154018252978535664e-01
6.154748893561648337e+00 7.387318512420989469e-01
6.160906720855489738e+00 3.602971584137871774e-01
6.167070709056560851e+00 5.900541676878976460e-01
6.173240864328839450e+00 8.355092215587601734e-01
6.179417192842489470e+00 7.031097012581188910e-01
6.185599700773853904e+00 2.902525064841250946e-01
6.191788394305445031e+00 7.074944590332522543e-01
6.197983279625935538e+00 9.609144079362433866e-01
6.204184362930218910e+00 1.147419905125887318e+00
6.210391650419379239e+00 5.598426269529120924e-01
6.216605148300705430e+00 9.022065692385502489e-01
6.222824862787705413e+00 7.713428917885377656e-01
6.229050800100091045e+00 1.231554775949295077e+00
6.235282966463794985e+00 9.076178910559563606e-01
6.241521368110988455e+00 8.696660334411630000e-01
6.247766011280059040e+00 1.024780873687342053e+00
6.254016902215655982e+00 9.540658060921609618e-01
6.260274047168675082e+00 1.146476901242384550e+00
6.266537452396248042e+00 9.356514020183749336e-01
6.272807124161805525e+00 8.917234747480564661e-01
6.279083068735027418e+00 1.168625042801175962e+00
6.285365292391835723e+00 9.709482476783739546e-01
6.291653801414451408e+00 8.325297473935986403e-01
6.297948602091395287e+00 8.650539143248331397e-01
6.304249700717476479e+00 1.107415423838056023e+00
6.310557103593776418e+00 1.139623162353410768e+00
6.316870817027704810e+00 1.107857751078930919e+00
6.323190847332971209e+00 1.075802539825811976e+00
6.329517200829613444e+00 9.075699927826752500e-01
6.335849883843987840e+00 6.620259739237284169e-01
6.342188902708793208e+00 2.684789046873182761e-01
6.348534263763021990e+00 4.692338526438386004e-01
6.354885973352024209e+00 7.058786415664958236e-01
6.361244037827538556e+00 6.506123255290714447e-01
6.367608463547619557e+00 4.599405039380478066e-01
6.373979256876696198e+00 4.253833509672572122e-01
6.380356424185563924e+00 6.237313040107340667e-01
6.386739971851379316e+00 5.172451931821702154e-01
6.393129906257697392e+00 4.668065045151289505e-01
6.399526233794450292e+00 5.577647855978419278e-01
6.405928960857968590e+00 3.665882861694248485e-01
6.412338093850992848e+00 2.499600173375284007e-01
6.418753639182643411e+00 2.086186763242006692e-01
6.425175603268465707e+00 3.567651207838156702e-01
6.431603992530422254e+00 3.463723841482188592e-01
6.438038813396905979e+00 4.185330107863703408e-01
6.444480072302737561e+00 4.705229545386240830e-01
6.450927775689183186e+00 3.705876142024935871e-01
6.457381930003953663e+00 3.821550661659109949e-01
6.463842541701190214e+00 3.634077184285702256e-01
6.470309617241494671e+00 2.350526844268041038e-01
6.476783163091949902e+00 2.745758951946504767e-01
6.483263185726116262e+00 1.925435982220480013e-01
6.489749691624008499e+00 1.728895836870131542e-01
6.496242687272122396e+00 1.766912210540071138e-01
6.502742179163471192e+00 1.908094767491931854e-01
6.509248173797545611e+00 1.832051738553452103e-01
6.515760677680336066e+00 2.158876998273203118e-01
6.522279697324338876e+00 2.321685056157554994e-01
6.528805239248586467e+00 2.558601761147529241e-01
6.535337309978613618e+00 2.715937237536175108e-01
6.541875916046493877e+00 2.996960661010250604e-01
6.548421063990831570e+00 2.744284659500152990e-01
6.554972760356781336e+00 1.960660698078298958e-01
6.561531011696033922e+00 2.963287659978705579e-01
6.568095824566834828e+00 2.511506756702671095e-01
6.574667205534010073e+00 2.080439415558634486e-01
6.581245161168945756e+00 2.151184559495512294e-01
6.587829698049589844e+00 2.331849753728149621e-01
6.594420822760478806e+00 2.366067047180017147e-01
6.601018541892748281e+00 2.088829352269879480e-01
6.607622862044109979e+00 2.762690793945641321e-01
6.614233789818874776e+00 2.102320248287559978e-01
6.620851331827975805e+00 1.851828862840785295e-01
6.627475494688961355e+00 1.991086921274268784e-01
6.634106285025993976e+00 1.792192037943057259e-01
6.640743709469855816e+00 1.742287986972028413e-01
6.647387774657984139e+00 1.873326551745660429e-01
6.654038487234453569e+00 2.730608266222913638e-01
6.660695853849973425e+00 2.838231856286748123e-01
6.667359881161896595e+00 2.004197997232603501e-01
6.674030575834250634e+00 2.070904432376798332e-01
6.680707944537742193e+00 2.128042992037185444e-01
6.687391993949728608e+00 2.046860708511571147e-01
6.694082730754263189e+00 1.857381945648282351e-01
6.700780161642089006e+00 1.900648672145670848e-01
6.707484293310628232e+00 1.964720462327680384e-01
6.714195132464016780e+00 1.775568646060219913e-01
6.720912685813111409e+00 1.883623524748639921e-01
6.727636960075451533e+00 1.889461685422366977e-01
6.734367961975309846e+00 2.559773011691374167e-01
6.741105698243684330e+00 1.821389825637227122e-01
6.747850175618314239e+00 1.736996258598092757e-01
6.754601400843687209e+00 2.014588311976400481e-01
6.761359380671025932e+00 2.271881429918025663e-01
6.768124121858305919e+00 2.248720420955376553e-01
6.774895631170272381e+00 1.757153261858302451e-01
6.781673915378439332e+00 2.086931677852990885e-01
6.788458981261083380e+00 1.861104725904479673e-01
6.795250835603268591e+00 1.792141634933156757e-01
6.802049485196855372e+00 1.868225720922478683e-01
6.808854936840480043e+00 2.127786473871596251e-01
6.815667197339611683e+00 2.275612912892820139e-01
6.822486273506513932e+00 1.947782442427821725e-01
6.829312172160262762e+00 2.011525104729303404e-01
6.836144900126752688e+00 2.101923868875552603e-01
6.842984464238715425e+00 2.255691756234395884e-01
6.849830871335718996e+00 1.968938862288584501e-01
6.856684128264157962e+00 2.089953373028926586e-01
6.863544241877307606e+00 2.056024172842882136e-01
6.870411219035266193e+00 2.148239549321894759e-01
6.877285066604999386e+00 2.145732212644383408e-01
6.884165791460373107e+00 2.399021220415823441e-01
6.891053400482104685e+00 2.837931043435527600e-01
6.897947900557811707e+00 2.271213465003247556e-01
6.904849298582002248e+00 2.096016100130168314e-01
6.911757601456057998e+00 2.196677213108236548e-01
6.918672816088298205e+00 2.646152250504062442e-01
6.925594949393933497e+00 2.187778240839111932e-01
6.932524008295088969e+00 2.717023950113263142e-01
6.939459999720836159e+00 2.546509406223089189e-01
6.946402930607153969e+00 2.895738171179877973e-01
6.953352807896971299e+00 2.424346807797876924e-01
6.960309638540181254e+00 2.412352445570426773e-01
6.967273429493618941e+00 2.821074912894346864e-01
6.974244187721073907e+00 2.998154475782436879e-01
6.981221920193293684e+00 2.963306170651442972e-01
6.988206633888011332e+00 3.370650965867914572e-01
6.995198335789934774e+00 2.967890563541262239e-01
7.002197032890780548e+00 3.455684335423032660e-01
7.009202732189245388e+00 3.212901554756792399e-01
7.016215440691027538e+00 3.235480868177474378e-01
7.023235165408840075e+00 3.247947383546119227e-01
7.030261913362399362e+00 5.055829050054579943e-01
7.037295691578454360e+00 4.648626621132841419e-01
7.044336507090792843e+00 2.916169181115052522e-01
7.051384366940223636e+00 3.400126491101465587e-01
7.058439278174613030e+00 4.319399705740273876e-01
7.065501247848868793e+00 4.327179246954396263e-01
7.072570283024954385e+00 5.046437170610709178e-01
7.079646390771910269e+00 3.680023112650378514e-01
7.086729578165847698e+00 3.868568717836452509e-01
7.093819852289949601e+00 4.504567524729273242e-01
7.100917220234500782e+00 5.088408982004033465e-01
7.108021689096868378e+00 4.491568954725777552e-01
7.115133265981508082e+00 3.947251722455133449e-01
7.122251958000004990e+00 4.151937577074799601e-01
7.129377772271054070e+00 5.051966870046468161e-01
7.136510715920461934e+00 4.038469638038590936e-01
7.143650796081180587e+00 3.795519449959568470e-01
7.150798019893290558e+00 4.227211615049294435e-01
7.157952394504015103e+00 4.034714315802107043e-01
7.165113927067729094e+00 4.222747691919951918e-01
7.172282624745966118e+00 4.767542437049839266e-01
7.179458494707433580e+00 6.708878448634447711e-01
7.186641544127991388e+00 6.912424555606168086e-01
7.193831780190692804e+00 7.355734290767917960e-01
7.201029210085776455e+00 7.474155979009640127e-01
7.208233841010668996e+00 6.570406703592206465e-01
7.215445680170001985e+00 7.758725327088286106e-01
7.222664734775614548e+00 1.217251024310046281e+00
7.229891012046562260e+00 1.043893435107058787e+00
7.237124519209114482e+00 8.911308038811707188e-01
7.244365263496786334e+00 1.059122108247603222e+00
7.251613252150332478e+00 2.635448215437525832e-01
7.258868492417732021e+00 2.851385202632257809e-01
7.266130991554229368e+00 4.629676374581763176e-01
7.273400756822333335e+00 5.130972164060085827e-01
7.280677795491791393e+00 3.591083167943525667e-01
7.287962114839658945e+00 8.775361230512197519e-01
7.295253722150257580e+00 7.300668589535699304e-01
7.302552624715170637e+00 4.957037010025127644e-01
7.309858829833316030e+00 4.711820287399498541e-01
7.317172344810906282e+00 7.416158936851465766e-01
7.324493176961444973e+00 4.926706493037086299e-01
7.331821333605770263e+00 4.336699230487515155e-01
7.339156822072049557e+00 5.180494242690072415e-01
7.346499649695761747e+00 3.662594189336984551e-01
7.353849823819730069e+00 4.143914053777181250e-01
7.361207351794133658e+00 4.629212871900925674e-01
7.368572240976500431e+00 5.277888565153228129e-01
7.375944498731713317e+00 2.291065277512492615e-01
7.383324132432038667e+00 5.406331956026978469e-01
7.390711149457120932e+00 3.326513719729934371e-01
7.398105557193965787e+00 2.858592148739333982e-01
7.405507363036982760e+00 6.000949866223770357e-01
7.412916574387977242e+00 6.534863458923642066e-01
7.420333198656157592e+00 2.479492248949353161e-01
7.427757243258164443e+00 2.842278819392813904e-01
7.435188715618025412e+00 6.523825706403485469e-01
7.442627623167226147e+00 4.014330251562786556e-01
7.450073973344676581e+00 2.170964110206414499e-01
7.457527773596703824e+00 3.989580567123641175e-01
7.464989031377126771e+00 6.507595981206939495e-01
7.472457754147218800e+00 3.293683572035465135e-01
7.479933949375681124e+00 2.569042454544052112e-01
7.487417624538714733e+00 6.759948637307436892e-01
7.494908787120000859e+00 6.303860271692885986e-01
7.502407444610704523e+00 2.599032798581224490e-01
7.509913604509470098e+00 3.642532977880066913e-01
7.517427274322463049e+00 7.454326076831246928e-01
7.524948461563358393e+00 6.988971685644286280e-01
7.532477173753336253e+00 2.663792804469408693e-01
7.540013418421120939e+00 4.669050479209832516e-01
7.547557203102952528e+00 8.344185734820595002e-01
7.555108535342625053e+00 8.225969547107880864e-01
7.562667422691464303e+00 3.065348844423259611e-01
7.570233872708334033e+00 8.696271772147442514e-01
7.577807892959705249e+00 1.144636630827395862e+00
7.585389491019602026e+00 1.248536679893461399e+00
7.592978674469621048e+00 4.206227119272556436e-01
7.600575450898948482e+00 1.159570286386516047e+00
7.608179827904360870e+00 1.340240434713849460e+00
7.615791813090228679e+00 1.283303159788554915e+00
7.623411414068545611e+00 4.792357880344642607e-01
7.631038638458921497e+00 9.968388964571518462e-01
7.638673493888578747e+00 1.039738655443237514e+00
7.646315987992360341e+00 6.033735252488792167e-01
7.653966128412754699e+00 3.035832572317216926e-01
7.661623922799913444e+00 2.953036080366924221e-01
7.669289378811644298e+00 2.446975035960926304e-01
7.676962504113392427e+00 2.470555226171290975e-01
7.684643306378275973e+00 3.055594180378989888e-01
7.692331793287112696e+00 2.784824954503035688e-01
7.700027972528378228e+00 4.518727718767411861e-01
7.707731851798260259e+00 3.897322587623291978e-01
7.715443438800645204e+00 5.636529551326685539e-01
7.723162741247111995e+00 2.735050781642652251e-01
7.730889766856956058e+00 4.913844719656833560e-01
7.738624523357209739e+00 6.202290437665745060e-01
7.746367018482623656e+00 9.804473405382381213e-01
7.754117259975699561e+00 5.102577597950420651e-01
7.761875255586685896e+00 2.536641574434407298e-01
7.769641013073576907e+00 5.199643931031858735e-01
7.777414540202122417e+00 1.085308146271360075e+00
7.785195844745862459e+00 8.670787236734045500e-01
7.792984934486088200e+00 2.613939509929080196e-01
7.800781817211894342e+00 3.359789043773961370e-01
7.808586500720170243e+00 8.287188614956012556e-01
7.816398992815588365e+00 1.225269589289037730e+00
7.824219301310663788e+00 7.919735875292810423e-01
7.832047434025690258e+00 3.756883651263638324e-01
7.839883398788800584e+00 4.019453732611362184e-01
7.847727203435961307e+00 8.905984196665170938e-01
7.855578855810978034e+00 1.344107432006490965e+00
7.863438363765501649e+00 4.436710944386179079e-01
7.871305735159038086e+00 4.695666260145404669e-01
7.879180977858965207e+00 4.267803637295420338e-01
7.887064099740538126e+00 3.346980166033364235e-01
7.894955108686875889e+00 9.444954452261086209e-01
7.902854012588970356e+00 4.623864979970077060e-01
7.910760819345729722e+00 8.076353627583127137e-01
7.918675536863970521e+00 4.240099879898214241e-01
7.926598173058410524e+00 4.327189909246759725e-01
7.934528735851682946e+00 4.012209973257144791e-01
7.942467233174356878e+00 7.661278780276787881e-01
7.950413672964919520e+00 1.666543731964565955e+00
7.958368063169806383e+00 8.348735468081415201e-01
7.966330411743424378e+00 8.820942706311741821e-01
7.974300726648118065e+00 5.952490356662479831e-01
7.982279015854214066e+00 9.986413079386947667e-01
7.990265287339989975e+00 1.679797518401564549e+00
7.998259549091704557e+00 1.164167906035542321e+00
8.006261809103635940e+00 1.200904529757470307e+00
8.014272075378054083e+00 5.783750315017104349e-01
8.022290355925221661e+00 7.852786930253673470e-01
8.030316658763410942e+00 6.078136874723876204e-01
8.038350991918917998e+00 1.522836561808584843e+00
8.046393363426080469e+00 7.736831807110120529e-01
8.054443781327282892e+00 7.875420933934554890e-01
8.062502253672942487e+00 1.439974577544356427e+00
8.070568788521519821e+00 1.385539668118478174e+00
8.078643393939561435e+00 8.645420667263418180e-01
8.086726078001667872e+00 6.602707950100585865e-01
8.094816848790527430e+00 1.855590547692822501e+00
8.102915714396893065e+00 2.221396386408589940e+00
8.111022682919651672e+00 1.936821722877364316e+00
8.119137762465774344e+00 3.227034354185683629e+00
8.127260961150341245e+00 1.415995070588623950e+00
8.135392287096552266e+00 8.307319018525025633e-01
8.143531748435727025e+00 2.396281319508852370e+00
8.151679353307327958e+00 2.799525583919069582e+00
8.159835109858954993e+00 1.738057523567631435e+00
8.167999026246373973e+00 2.438489205724990061e+00
8.176171110633504213e+00 1.264715991345286783e+00
8.184351371192425617e+00 1.564526949322748939e+00
8.192539816103396433e+00 1.401942069099131771e+00
8.200736453554856809e+00 1.951123714450479163e+00
8.208941291743464319e+00 1.716704817164983909e+00
8.217154338874046005e+00 1.972763519242998420e+00
8.225375603159649884e+00 2.505048807497690877e+00
8.233605092821548510e+00 4.038537486908150065e+00
8.241842816089222978e+00 3.953833096806373515e+00
8.250088781200394905e+00 2.107427519760547874e+00
8.258342996401033531e+00 1.789116479846558638e+00
8.266605469945350393e+00 2.104336661981205836e+00
8.274876210095818863e+00 3.848952879478787725e+00
8.283155225123197241e+00 4.151523919581883604e+00
8.291442523306500334e+00 4.375134309292874946e+00
8.299738112933010115e+00 4.479293122538366312e+00
8.308042002298329010e+00 2.076879611795551028e+00
8.316354199706326611e+00 2.495188318042742104e+00
8.324674713469219611e+00 1.944324157619866211e+00
8.333003551907516737e+00 3.642093673675821819e+00
8.341340723350057829e+00 3.252045876200247321e+00
8.349686236134026274e+00 3.782531271799976391e+00
8.358040098604922363e+00 3.057751519890205216e+00
8.366402319116609476e+00 4.370257517200755615e+00
8.374772906031305197e+00 4.878317918637772976e+00
8.383151867719606187e+00 3.851178479144817590e+00
8.391539212560473970e+00 2.755193518053042467e+00
8.399934948941243817e+00 2.484406309674472180e+00
8.408339085257667378e+00 3.548916029215162471e+00
8.416751629913893140e+00 4.539586138237188706e+00
8.425172591322457549e+00 4.303907291567825588e+00
8.433601977904316982e+00 3.931489617964376126e+00
8.442039798088842417e+00 4.140902367103777237e+00
8.450486060313872727e+00 5.411591726830924820e+00
8.458940773025680926e+00 3.839849699086167689e+00
8.467403944678963512e+00 3.587138213695538091e+00
8.475875583736875996e+00 4.607357193758650382e+00
8.484355698671075530e+00 5.847453438771543333e+00
8.492844297961685385e+00 4.356650257032165463e+00
8.501341390097307382e+00 5.312532760386066144e+00
8.509846983575016566e+00 4.965864935646215450e+00
8.518361086900416268e+00 4.057154498161082756e+00
8.526883708587609689e+00 4.438349329341516381e+00
8.535414857159230095e+00 5.060176485310250882e+00
8.543954541146415949e+00 3.479838805948926250e+00
8.552502769088842882e+00 4.601788836865464916e+00
8.561059549534769886e+00 5.400999713095417931e+00
8.569624891040954040e+00 5.267561102851303190e+00
8.578198802172744664e+00 4.839279517047542001e+00
8.586781291504054892e+00 4.622553642455647704e+00
8.595372367617367004e+00 6.550693653569728880e+00
8.603972039103767955e+00 6.066560905895464373e+00
8.612580314562926276e+00 4.946943391550865599e+00
8.621197202603104515e+00 4.142305483482810580e+00
8.629822711841203642e+00 5.842507513242779282e+00
8.638456850902732853e+00 6.546038276345714557e+00
8.647099628421834439e+00 6.718111387317210692e+00
8.655751053041287335e+00 5.947699270662664794e+00
8.664411133412508903e+00 5.292690523605201314e+00
8.673079878195581571e+00 4.774021068264170609e+00
8.681757296059268825e+00 5.341293255115250993e+00
8.690443395680977900e+00 4.966246294164667674e+00
8.699138185746802421e+00 5.156358620379895008e+00
8.707841674951529498e+00 5.410740387192624290e+00
8.716553871998655723e+00 5.917561373542874037e+00
8.725274785600383609e+00 6.649698399740996635e+00
8.734004424477626927e+00 6.885781064787718897e+00
8.742742797360028462e+00 6.807868958957113747e+00
8.751489912985945807e+00 5.970398219764879499e+00
8.760245780102499324e+00 6.206391316818419490e+00
8.769010407465557932e+00 6.492536860119964892e+00
8.777783803839753318e+00 5.858760909076071499e+00
8.786565977998490595e+00 5.949074305786756334e+00
8.795356938723937645e+00 4.281294787636821475e+00
8.804156694807060646e+00 4.807855980650738381e+00
8.812965255047608082e+00 5.677763393251995971e+00
8.821782628254135616e+00 6.819591645053946216e+00
8.830608823244022076e+00 7.028941589064658935e+00
8.839443848843473006e+00 6.819003294366005719e+00
8.848287713887497574e+00 6.405601491908077705e+00
8.857140427219976075e+00 6.343695966209820014e+00
8.866001997693627956e+00 7.008676580759864549e+00
8.874872434170020696e+00 6.716152823064550859e+00
8.883751745519582244e+00 6.552647957014118063e+00
8.892639940621625882e+00 6.843161344293913650e+00
8.901537028364346682e+00 5.471899138964006148e+00
8.910443017644842811e+00 6.905918221060394657e+00
8.919357917369106659e+00 4.265852728388695780e+00
8.928281736452028383e+00 6.188865210610251744e+00
8.937214483817424338e+00 6.906237633761517891e+00
8.946156168398053055e+00 6.573478719845859075e+00
8.955106799135602813e+00 6.722170228951414472e+00
8.964066384980702296e+00 7.120418342960858737e+00
8.973034934892920589e+00 6.934588438615987727e+00
8.982012457840815145e+00 6.952306137092755911e+00
8.990998962801914018e+00 6.818199062935413224e+00
8.999994458762728300e+00 6.006864259967395370e+00
9.008998954718750340e+00 6.390013731438194178e+00
9.018012459674482173e+00 6.988420218589633137e+00
9.027034982643428407e+00 6.024080095229906284e+00
9.036066532648110439e+00 6.081051277349941664e+00
9.045107118720064676e+00 6.101328151151902190e+00
9.054156749899895829e+00 5.949980982456922085e+00
9.063215435237234274e+00 6.994472383705978125e+00
9.072283183790759153e+00 6.879619033991861698e+00
9.081360004628230342e+00 6.327486001943698923e+00
9.090445906826463585e+00 6.462272245831868211e+00
9.099540899471353583e+00 6.771604517072265850e+00
9.108644991657907752e+00 7.040447252324844918e+00
9.117758192490214242e+00 7.072563978860865852e+00
9.126880511081456149e+00 6.700627970683244783e+00
9.136011956553980795e+00 6.611290612144166801e+00
9.145152538039223344e+00 6.808845444101343070e+00
9.154302264677752987e+00 6.493001219236893107e+00
9.163461145619306691e+00 5.956700712885352189e+00
9.172629190022773216e+00 6.498144578451626963e+00
9.181806407056209096e+00 6.394061939902710101e+00
9.190992805896815554e+00 5.946738092521496100e+00
9.200188395730981128e+00 6.667471571244675488e+00
9.209393185754311872e+00 6.587630926660126285e+00
9.218607185171599383e+00 6.582870207079843716e+00
9.227830403196843889e+00 6.603972764769940440e+00
9.237062849053257807e+00 6.723246538634338521e+00
9.246304531973295937e+00 6.183502525511199721e+00
9.255555461198628819e+00 6.697548840739694143e+00
9.264815645980180037e+00 6.489002106481626342e+00
9.274085095578147531e+00 6.351562683324060821e+00
9.283363819261991168e+00 6.547856869008967351e+00
9.292651826310423857e+00 6.141041118168866220e+00
9.301949126011466618e+00 6.444668684414287974e+00
9.311255727662413051e+00 5.813855223336695133e+00
9.320571640569852434e+00 5.871109392326454568e+00
9.329896874049707023e+00 6.024657244464652450e+00
9.339231437427212512e+00 6.197132252411836184e+00
9.348575340036930470e+00 6.449799682679970836e+00
9.357928591222769654e+00 6.249124581463013861e+00
9.367291200337987789e+00 6.160983864454548709e+00
9.376663176745186234e+00 5.524205308690807392e+00
9.386044529816329529e+00 6.274998374803614887e+00
9.395435268932773809e+00 6.109905770163100769e+00
9.404835403485281020e+00 6.250059897671954801e+00
9.414244942873983391e+00 5.984948075750399887e+00
9.423663896508406523e+00 5.909663670175015149e+00
9.433092273807510253e+00 5.666431293468870756e+00
9.442530084199674434e+00 5.503770760265117801e+00
9.451977337122700717e+00 5.598461469713477356e+00
9.461434042023851632e+00 5.406682622105503100e+00
9.470900208359843475e+00 5.288330263254791497e+00
9.480375845596832107e+00 5.799344988836468318e+00
9.489860963210444922e+00 5.452854560694329500e+00
9.499355570685795058e+00 5.468304096241481282e+00
9.508859677517522258e+00 5.212739958797847351e+00
9.518373293209727137e+00 5.206686722419015645e+00
9.527896427276015601e+00 5.136913602729511474e+00
9.537429089239532587e+00 4.513049328636149049e+00
9.546971288632937203e+00 5.176374929999219887e+00
9.556523034998413380e+00 4.843560224356755484e+00
9.566084337887714284e+00 4.784129860046441252e+00
9.575655206862155211e+00 4.775702798482623024e+00
9.585235651492601150e+00 4.723824166150636827e+00
9.594825681359491654e+00 4.537377350747340721e+00
9.604425306052856826e+00 4.414076973532799819e+00
9.614034535172327978e+00 4.627694289575598141e+00
9.623653378327144736e+00 4.228644724610497896e+00
9.633281845136142607e+00 4.172311376307011876e+00
9.642919945227788503e+00 4.414459338172727954e+00
9.652567688240175414e+00 4.597526733967914225e+00
9.662225083821059712e+00 4.878233296323961632e+00
9.671892141627827399e+00 4.742224511169231604e+00
9.681568871327542070e+00 5.065179908438945056e+00
9.691255282596946685e+00 5.112345060628524784e+00
9.700951385122440485e+00 4.876810032761905944e+00
9.710657188600118062e+00 4.791362489862879492e+00
9.720372702735790682e+00 4.557674727864839070e+00
9.730097937244991613e+00 4.472967320210147868e+00
9.739832901852937042e+00 4.867408294325953122e+00
9.749577606294584697e+00 4.656137307967183503e+00
9.759332060314648061e+00 4.626845376756149264e+00
9.769096273667583930e+00 4.405574697439407217e+00
9.778870256117615511e+00 4.451553274510115621e+00
9.788654017438732424e+00 4.517801392126897575e+00
9.798447567414664050e+00 4.544536353349024616e+00
9.808250915838973683e+00 4.355433806309013001e+00
9.818064072515031881e+00 4.512287242543267851e+00
9.827887047255972064e+00 4.375287091725160948e+00
9.837719849884754453e+00 4.469874747197764009e+00
9.847562490234214039e+00 4.487723962351846119e+00
9.857414978147000184e+00 4.334615593237349351e+00
9.867277323475576623e+00 4.806668379028921301e+00
9.877149536082288961e+00 4.963827177829046811e+00
9.887031625839359350e+00 4.737066834901916934e+00
9.896923602628888261e+00 4.884630346244884791e+00
9.906825476342849157e+00 4.870810979278187069e+00
9.916737256883115137e+00 4.872890739583763065e+00
9.926658954161467818e+00 4.331732697459924175e+00
9.936590578099599114e+00 4.367270963554362062e+00
9.946532138629125441e+00 5.150593759862971410e+00
9.956483645691628581e+00 4.776002263997924047e+00
9.966445109238607714e+00 5.215795163574151516e+00
9.976416539231488301e+00 5.312352918658263867e+00
9.986397945641751761e+00 5.001852974242792627e+00
9.996389338450816453e+00 5.187927245448225477e+00
1.000639072765004123e+01 5.260575801798725415e+00
1.001640212324083024e+01 5.292087557230959582e+00
1.002642353523456720e+01 3.923474334166256128e+00
1.003645497365266870e+01 5.116180935650650241e+00
1.004649644852658774e+01 5.200051064486235219e+00
1.005654796989779420e+01 5.350903964503086918e+00
1.006660954781781925e+01 5.174164261367753426e+00
1.007668119234822868e+01 5.509443881395498011e+00
1.008676291356065136e+01 5.081608432517209728e+00
1.009685472153683961e+01 5.494755963752120387e+00
1.010695662636857328e+01 5.574394549781805708e+00
1.011706863815775748e+01 4.028742342942720711e+00
1.012719076701644383e+01 4.257879764280684931e+00
1.013732302306676303e+01 4.584364749971261865e+00
1.014746541644093547e+01 5.374653214416634128e+00
1.015761795728136363e+01 5.377106145311733698e+00
1.016778065574060363e+01 5.425431351245117106e+00
1.017795352198134040e+01 5.187144403821061012e+00
1.018813656617644803e+01 5.676147234162421285e+00
1.019832979850896315e+01 5.310283228465404015e+00
1.020853322917211337e+01 5.151803406693582943e+00
1.021874686836936519e+01 3.855943294098826524e+00
1.022897072631432991e+01 4.980796482546796966e+00
1.023920481323086840e+01 5.761321961141680603e+00
1.024944913935308044e+01 4.696812832353055356e+00
1.025970371492529942e+01 4.293769835063802276e+00
1.026996855020209765e+01 4.180541013734926814e+00
1.028024365544828811e+01 4.765871512966438850e+00
1.029052904093896892e+01 4.335215953872664230e+00
1.030082471695954105e+01 4.474072015389115364e+00
1.031113069380570302e+01 4.212331251027066514e+00
1.032144698178340825e+01 5.161451287269591681e+00
1.033177359120896099e+01 4.968106157614015750e+00
1.034211053240895950e+01 5.179540046768809525e+00
1.035245781572035639e+01 4.735812933564981009e+00
1.036281545149045868e+01 5.023777498563248400e+00
1.037318345007685672e+01 5.470708226107459105e+00
1.038356182184754672e+01 5.229329311720841034e+00
1.039395057718094506e+01 5.154521841502671009e+00
1.040434972646577272e+01 5.189530962630859001e+00
1.041475928010119567e+01 5.270654007168539046e+00
1.042517924849676270e+01 4.893166904980853715e+00
1.043560964207244091e+01 5.233203633771474017e+00
1.044605047125863351e+01 4.879520053072222474e+00
1.045650174649616382e+01 4.678553941819920681e+00
1.046696347823632323e+01 4.589551187533160714e+00
1.047743567694081790e+01 4.917318635842995889e+00
1.048791835308187714e+01 4.961590429164837168e+00
1.049841151714219301e+01 4.156781214999589302e+00
1.050891517961488475e+01 4.106542193718463629e+00
1.051942935100361431e+01 3.606742499094386822e+00
1.052995404182255434e+01 2.375182392520349683e+00
1.054048926259641661e+01 3.736062962260959797e+00
1.055103502386043246e+01 4.131940682837731416e+00
1.056159133616034929e+01 4.795093178753318419e+00
1.057215821005249445e+01 4.626908288756130361e+00
1.058273565610372025e+01 4.909563343602945551e+00
1.059332368489147136e+01 4.913812246721716015e+00
1.060392230700380445e+01 5.219691408409074640e+00
1.061453153303934371e+01 5.218745803198222788e+00
1.062515137360728978e+01 4.974768210116470968e+00
1.063578183932750854e+01 4.812202456303542597e+00
1.064642294083046359e+01 5.430702984226402741e+00
1.065707468875722519e+01 5.350785041298905753e+00
1.066773709375955193e+01 5.604261845990601287e+00
1.067841016649985519e+01 5.411704931640852756e+00
1.068909391765121519e+01 5.798655767540502382e+00
1.069978835789740934e+01 5.675024654279073211e+00
1.071049349793284122e+01 5.595045064662098611e+00
1.072120934846262230e+01 5.699117365688672443e+00
1.073193592020264830e+01 5.204638843260942949e+00
1.074267322387948376e+01 5.621009651467084645e+00
1.075342127023045435e+01 4.627585242013097400e+00
1.076418007000360966e+01 5.315039029541819282e+00
1.077494963395772487e+01 5.927178932699526115e+00
1.078572997286235946e+01 5.437797360740895591e+00
1.079652109749786604e+01 5.826283564382849889e+00
1.080732301865535838e+01 5.480256316370518910e+00
1.081813574713675052e+01 5.403052407774319832e+00
1.082895929375480470e+01 5.264800952278685386e+00
1.083979366933308341e+01 3.991242968750842834e+00
1.085063888470592630e+01 5.240560173698529667e+00
1.086149495071854787e+01 5.274855861644353716e+00
1.087236187822703393e+01 5.484652799499674991e+00
1.088323967809830783e+01 5.442909217135446731e+00
1.089412836121015538e+01 5.254989194729028590e+00
1.090502793845127272e+01 5.208608087984244683e+00
1.091593842072125575e+01 4.474842089424156732e+00
1.092685981893055747e+01 4.666408748941515583e+00
1.093779214400056965e+01 5.131166555792058936e+00
1.094873540686364244e+01 5.064244078546042971e+00
1.095968961846305412e+01 5.106036946545052579e+00
1.097065478975298625e+01 4.978618723521431200e+00
1.098163093169861249e+01 4.949003408070063337e+00
1.099261805527609326e+01 4.245658711454557199e+00
1.100361617147250470e+01 3.561082745416463080e+00
1.101462529128598611e+01 4.635333469444870680e+00
1.102564542572569728e+01 4.609028232822032223e+00
1.103667658581177058e+01 4.349487416089887759e+00
1.104771878257536777e+01 4.452563124076975853e+00
1.105877202705865159e+01 4.308580140160463756e+00
1.106983633031488701e+01 4.056762541708874181e+00
1.108091170340838083e+01 3.759895327197324999e+00
1.109199815741450301e+01 4.089228175764312745e+00
1.110309570341971686e+01 4.300635102858926473e+00
1.111420435252153993e+01 4.404825396731388842e+00
1.112532411582863290e+01 4.211073821580165522e+00
1.113645500446078351e+01 4.374261978782260307e+00
1.114759702954887644e+01 3.276228640872108411e+00
1.115875020223492164e+01 3.636718332352450567e+00
1.116991453367207754e+01 3.528945562130986868e+00
1.118109003502470777e+01 3.636380790964054643e+00
1.119227671746831376e+01 3.597676953616829376e+00
1.120347459218956310e+01 3.373192689270020139e+00
1.121468367038634106e+01 3.201013692133501731e+00
1.122590396326773821e+01 3.088098484869279403e+00
1.123713548205403256e+01 2.958615105130008249e+00
1.124837823797674297e+01 3.165662399424578943e+00
1.125963224227863257e+01 3.141006034453243334e+00
1.127089750621371778e+01 2.670419693999035005e+00
1.128217404104722554e+01 2.853831322265900639e+00
1.129346185805569291e+01 2.973336869009670647e+00
1.130476096852695456e+01 2.840220571040930508e+00
1.131607138376011612e+01 2.939009522741313329e+00
1.132739311506561641e+01 2.709236908738369198e+00
1.133872617376518122e+01 2.854900400048197007e+00
1.135007057119186236e+01 2.783512488903949755e+00
1.136142631869005903e+01 2.800047965834730146e+00
1.137279342761551248e+01 2.474681902723308902e+00
1.138417190933534684e+01 2.504443918139867886e+00
1.139556177522804603e+01 2.322227736524295594e+00
1.140696303668344669e+01 2.358723929903760563e+00
1.141837570510285005e+01 2.270920973723225877e+00
1.142979979189892958e+01 2.117789580565007324e+00
1.144123530849573278e+01 2.207399382638474350e+00
1.145268226632879305e+01 2.301805550626627728e+00
1.146414067684506044e+01 1.986740240244913247e+00
1.147561055150295850e+01 2.142243632655740360e+00
1.148709190177237893e+01 2.099286203067082468e+00
1.149858473913466561e+01 1.982624803161266103e+00
1.151008907508264123e+01 1.935687151676145357e+00
1.152160492112064460e+01 1.939876565002808473e+00
1.153313228876454133e+01 2.095115839961116500e+00
1.154467118954168825e+01 1.895503952106682766e+00
1.155622163499099919e+01 1.756442196084645913e+00
1.156778363666291476e+01 1.908736477498660822e+00
1.157935720611939345e+01 1.838301548526433127e+00
1.159094235493406444e+01 1.818596316494590415e+00
1.160253909469204991e+01 1.642060151163093007e+00
1.161414743699006635e+01 1.748163216154425381e+00
1.162576739343652221e+01 1.646715141128048732e+00
1.163739897565136694e+01 1.536791535944196152e+00
1.164904219526613538e+01 1.795000647319122900e+00
1.166069706392407035e+01 1.513532232875815398e+00
1.167236359328002493e+01 1.386743769455624831e+00
1.168404179500053175e+01 1.784665164958460393e+00
1.169573168076382252e+01 1.463267734636460649e+00
1.170743326225975878e+01 1.334419387662870493e+00
1.171914655118992599e+01 1.647759396136006638e+00
1.173087155926761760e+01 1.371493759697119730e+00
1.174260829821783325e+01 1.311137244587147421e+00
1.175435677977733384e+01 1.560374480269585584e+00
1.176611701569460777e+01 1.494931199758238849e+00
1.177788901772987806e+01 1.227281107313480168e+00
1.178967279765513254e+01 1.376844335692469778e+00
1.180146836725415938e+01 1.409219970019143009e+00
1.181327573832253641e+01 1.307813512934546507e+00
1.182509492266764717e+01 1.298488264251070889e+00
1.183692593210868438e+01 1.604800956344170304e+00
1.184876877847663401e+01 1.467332545691344414e+00
1.186062347361432678e+01 1.204998934976361014e+00
1.187249002937649855e+01 1.543329470113107060e+00
1.188436845762971572e+01 2.109498228108140250e+00
1.189625877025236811e+01 1.112581130821298059e+00
1.190816097913477911e+01 1.409719588635007348e+00
1.192007509617916661e+01 2.695750715609587900e+00
1.193200113329961809e+01 1.080766766768921583e+00
1.194393910242220258e+01 1.409825646606369220e+00
1.195588901548488714e+01 2.677800127490010951e+00
1.196785088443757417e+01 1.496493784539678185e+00
1.197982472124212805e+01 1.564610093968994864e+00
1.199181053787241602e+01 2.270427144372725081e+00
1.200380834631422822e+01 1.682874100575860732e+00
1.201581815856538427e+01 1.416793098212084878e+00
1.202783998663571730e+01 2.238578461215779303e+00
1.203987384254702775e+01 2.254377925908824576e+00
1.205191973833318109e+01 1.266710236523581390e+00
1.206397768604006693e+01 1.734802833529615507e+00
1.207604769772563813e+01 2.141080610653191219e+00
1.208812978545991257e+01 1.170509752598729802e+00
1.210022396132499090e+01 1.372577034103072080e+00
1.211233023741503700e+01 2.687111509260848408e+00
1.212444862583633132e+01 1.090655892380818726e+00
1.213657913870727256e+01 1.260686108421278373e+00
1.214872178815835468e+01 2.234589296328203911e+00
1.216087658633222013e+01 1.265153478357566863e+00
1.217304354538368472e+01 1.712029329953564716e+00
1.218522267747971277e+01 2.292836969158118077e+00
1.219741399479943134e+01 1.474001723698570077e+00
1.220961750953417990e+01 1.273172581267662862e+00
1.222183323388744647e+01 1.701504144855613632e+00
1.223406118007494747e+01 1.862451286988197952e+00
1.224630136032464556e+01 1.199346806013764200e+00
1.225855378687672292e+01 1.709967112986022775e+00
1.227081847198362219e+01 2.019304425218598098e+00
1.228309542791001974e+01 1.148775085900453075e+00
1.229538466693285770e+01 1.637537991146851724e+00
1.230768620134138125e+01 2.187503948960044298e+00
1.232000004343713506e+01 1.240065453889680924e+00
1.233232620553395975e+01 1.804961601042599950e+00
1.234466469995803273e+01 1.908121534775675476e+00
1.235701553904784689e+01 1.405768117703392495e+00
1.236937873515422659e+01 1.699951253514317973e+00
1.238175430064036320e+01 1.673922940783498570e+00
1.239414224788182928e+01 1.686413523855082364e+00
1.240654258926657327e+01 1.440586528459498750e+00
1.241895533719494793e+01 1.739489559943210528e+00
1.243138050407970141e+01 1.769558100655179933e+00
1.244381810234597729e+01 1.340773388500881458e+00
1.245626814443139274e+01 2.053391228811643376e+00
1.246873064278601007e+01 1.530333837762884786e+00
1.248120560987228522e+01 1.255669025900922442e+00
1.249369305816520281e+01 2.110669204142145094e+00
1.250619300015223345e+01 1.747743942184196486e+00
1.251870544833331600e+01 1.237860065726386072e+00
1.253123041522088243e+01 1.761785884571571703e+00
1.254376791333988095e+01 1.841227484930525016e+00
1.255631795522783989e+01 1.483671611976921545e+00
1.256888055343483224e+01 1.736381735037651808e+00
1.258145572052343297e+01 1.995216741347176637e+00
1.259404346906877592e+01 1.554826488688182629e+00
1.260664381165862302e+01 1.897364719283945345e+00
1.261925676089335191e+01 1.943541711237792402e+00
1.263188232938587952e+01 1.576233896491698872e+00
1.264452052976177043e+01 1.946773868261766349e+00
1.265717137465927955e+01 2.279079322449201417e+00
1.266983487672921349e+01 1.995149628028970223e+00
1.268251104863505674e+01 2.277770575400879682e+00
1.269519990305300539e+01 2.318118044919772469e+00
1.270790145267191740e+01 1.788137641545763490e+00
1.272061571019333925e+01 2.115909311355984812e+00
1.273334268833151661e+01 2.462796492691019079e+00
1.274608239981345470e+01 2.267320967602473036e+00
1.275883485737886680e+01 2.176762105910476031e+00
1.277160007378020090e+01 2.734134754213414453e+00
1.278437806178266989e+01 2.274428392309933766e+00
1.279716883416425510e+01 2.573402814270506767e+00
1.280997240371574897e+01 2.379348807298929724e+00
1.282278878324071059e+01 2.759246164422408221e+00
1.283561798555550659e+01 2.242078460936625550e+00
1.284846002348936622e+01 3.000377273715670867e+00
1.286131490988431381e+01 2.611602111979648200e+00
1.287418265759523628e+01 2.683506658429917202e+00
1.288706327948990271e+01 2.701701466585962219e+00
1.289995678844894478e+01 2.957379399434369560e+00
1.291286319736583721e+01 3.065355016459945237e+00
1.292578251914697951e+01 3.360856991906463254e+00
1.293871476671172793e+01 2.798522613384447411e+00
1.295165995299232620e+01 3.128744356564693518e+00
1.296461809093395523e+01 3.136975665456684936e+00
1.297758919349474738e+01 2.932456003033838687e+00
1.299057327364582903e+01 3.350839267204748673e+00
1.300357034437127801e+01 3.231335548649060918e+00
1.301658041866812354e+01 2.994040441375457107e+00
1.302960350954645996e+01 3.394892773904313099e+00
1.304263963002939519e+01 3.145144800937531571e+00
1.305568879315306674e+01 3.669402156593600584e+00
1.306875101196661504e+01 3.497481936822809612e+00
1.308182629953226872e+01 3.407881203526241798e+00
1.309491466892529665e+01 3.246849378819157472e+00
1.310801613323407544e+01 3.738150504141896757e+00
1.312113070556008587e+01 3.504385562075396976e+00
1.313425839901791292e+01 3.761831256894244913e+00
1.314739922673523687e+01 3.333598365445120226e+00
1.316055320185286348e+01 3.875950220215277131e+00
1.317372033752479865e+01 3.682009514110720527e+00
1.318690064691818620e+01 3.982424246192825201e+00
1.320009414321328833e+01 3.309236444308154113e+00
1.321330083960363133e+01 3.632517402410556429e+00
1.322652074929591492e+01 3.498879574163236583e+00
1.323975388551004784e+01 4.046145268684470331e+00
1.325300026147915844e+01 3.476103422719784231e+00
1.326625989044964449e+01 3.632838401420797947e+00
1.327953278568112516e+01 3.642663341280942380e+00
1.329281896044648903e+01 3.955623881375413209e+00
1.330611842803193312e+01 3.776009963429554528e+00
1.331943120173693274e+01 4.064881980620297597e+00
1.333275729487423966e+01 3.581636282665279225e+00
1.334609672076993725e+01 4.267748333458635912e+00
1.335944949276346172e+01 3.351227912568472966e+00
1.337281562420759862e+01 4.159194391194090734e+00
1.338619512846847215e+01 3.677678258203019190e+00
1.339958801892558071e+01 4.337035179676470342e+00
1.341299430897182177e+01 3.661927675645143321e+00
1.342641401201349538e+01 4.118263280573529528e+00
1.343984714147030957e+01 3.540001843662746506e+00
1.345329371077539982e+01 4.268480609269472481e+00
1.346675373337531489e+01 3.489823688874258423e+00
1.348022722273005236e+01 3.089348904034471044e+00
1.349371419231313141e+01 2.332206382721278448e+00
1.350721465561153423e+01 3.395021170145712919e+00
1.352072862612571136e+01 3.566149544150002626e+00
1.353425611736962608e+01 3.697057544052669620e+00
1.354779714287080061e+01 3.660970145427368649e+00
1.356135171617024326e+01 3.813122970563341596e+00
1.357491985082253727e+01 3.852144555342130960e+00
1.358850156039581769e+01 3.686462752882708305e+00
1.360209685847177141e+01 4.082060561273778809e+00
1.361570575864573662e+01 3.489472519412801343e+00
1.362932827452661932e+01 4.202262492845625808e+00
1.364296441973689866e+01 3.302009559788285475e+00
1.365661420791272107e+01 4.272247089822151622e+00
1.367027765270389139e+01 3.070043579251020560e+00
1.368395476777384623e+01 3.908770340288421075e+00
1.369764556679970546e+01 3.098822844404420351e+00
1.371135006347225982e+01 3.902840772618735077e+00
1.372506827149601527e+01 3.013935679374706300e+00
1.373880020458919660e+01 4.530786070710090208e+00
1.375254587648374383e+01 3.238831270417043218e+00
1.376630530092532290e+01 4.333924450818937402e+00
1.378007849167333632e+01 3.561693281049624904e+00
1.379386546250100665e+01 4.147499727784603962e+00
1.380766622719529657e+01 3.985870638162849922e+00
1.382148079955695330e+01 4.084441130348871241e+00
1.383530919340054588e+01 4.098309779629816241e+00
1.384915142255448472e+01 3.492801437273486354e+00
1.386300750086100031e+01 3.135757286003266753e+00
1.387687744217617691e+01 1.226498683839418069e+00
1.389076126036993308e+01 1.299340610369798421e+00
1.390465896932608914e+01 2.100389609051146689e+00
1.391857058294238314e+01 2.456823984828949481e+00
1.393249611513042652e+01 3.327210591759353964e+00
1.394643557981579285e+01 3.115777508162801634e+00
1.396038899093789354e+01 3.492509715293040440e+00
1.397435636245010393e+01 3.342501507618112377e+00
1.398833770831983081e+01 3.117370854866891694e+00
1.400233304252842537e+01 3.811229335549409125e+00
1.401634237907123293e+01 2.611254111531470468e+00
1.403036573195758763e+01 3.544397742960000208e+00
1.404440311521085327e+01 2.810102301131813807e+00
1.405845454286841267e+01 2.954335659204826214e+00
1.407252002898167476e+01 2.805750754461994401e+00
1.408659958761614028e+01 2.829477912620063762e+00
1.410069323285138765e+01 2.742826740136341090e+00
1.411480097878105155e+01 2.569281878573211220e+00
1.412892283951284611e+01 2.809155371498516907e+00
1.414305882916865897e+01 2.582036883323535648e+00
1.415720896188447142e+01 2.519125536949045063e+00
1.417137325181041696e+01 2.395570994822360245e+00
1.418555171311082397e+01 2.103503005939117987e+00
1.419974435996411799e+01 2.495350941468584161e+00
1.421395120656291056e+01 1.936409299728857114e+00
1.422817226711411465e+01 2.410070260660161168e+00
1.424240755583879192e+01 2.104037688931481132e+00
1.425665708697219713e+01 1.987413346027796957e+00
1.427092087476386340e+01 2.053762307973717061e+00
1.428519893347759151e+01 1.665641211516638798e+00
1.429949127739145354e+01 2.362105175103438093e+00
1.431379792079778213e+01 1.417694973625523547e+00
1.432811887800320072e+01 2.060783660526551930e+00
1.434245416332871059e+01 1.773014540333354816e+00
1.435680379110961091e+01 1.571398970270210027e+00
1.437116777569548276e+01 1.925728109579162295e+00
1.438554613145031702e+01 1.323902084614565267e+00
1.439993887275247175e+01 1.956993158162285473e+00
1.441434601399467219e+01 1.176604662538020651e+00
1.442876756958409423e+01 1.736219109246156300e+00
1.444320355394230226e+01 1.454132148688777493e+00
1.445765398150527048e+01 1.332970369369693042e+00
1.447211886672343439e+01 1.612426197246233706e+00
1.448659822406168018e+01 1.126251575868805421e+00
1.450109206799934469e+01 1.549749898163347295e+00
1.451560041303029891e+01 1.123491342984798580e+00
1.453012327366288048e+01 1.456394823782571457e+00
1.454466066441992744e+01 1.232401763944797279e+00
1.455921259983884752e+01 1.233116035381957465e+00
1.457377909447158437e+01 1.403860211651678735e+00
1.458836016288461934e+01 1.044427020014337293e+00
1.460295581965901945e+01 1.422059911697962864e+00
1.461756607939045161e+01 1.049209651388913089e+00
1.463219095668918968e+01 1.296467211589301671e+00
1.464683046618012519e+01 1.135235061399560319e+00
1.466148462250275486e+01 1.130489584968272565e+00
1.467615344031121793e+01 1.253572032298506000e+00
1.469083693427434589e+01 1.028617600702792956e+00
1.470553511907563937e+01 1.310272394764869119e+00
1.472024800941326284e+01 1.006111256669177001e+00
1.473497562000010674e+01 1.204956213512389906e+00
1.474971796556379466e+01 1.102430825376636392e+00
1.476447506084667616e+01 1.091481029095146216e+00
1.477924692060583922e+01 1.228873210631814983e+00
1.479403355961316180e+01 1.002817609016640965e+00
1.480883499265527448e+01 1.290773175585299137e+00
1.482365123453359068e+01 1.037177515649064574e+00
1.483848230006438307e+01 1.193770287439713362e+00
1.485332820407873911e+01 1.132048270809072887e+00
1.486818896142254509e+01 1.090122067091529034e+00
1.488306458695654122e+01 1.243672894378772709e+00
1.489795509555635178e+01 1.011823714844817035e+00
1.491286050211251180e+01 1.167828687281829980e+00
1.492778082153043151e+01 1.008584626024165321e+00
1.494271606873038927e+01 1.056606432492437353e+00
1.495766625864763810e+01 1.125229962021634167e+00
1.497263140623239330e+01 1.297596974306550077e+00
1.498761152644982886e+01 1.062776261516197529e+00
1.500260663428004371e+01 1.042716952657299689e+00
1.501761674471810615e+01 1.089795164926398829e+00
1.503264187277415687e+01 1.310737611361500354e+00
1.504768203347334321e+01 1.175386809531337118e+00
1.506273724185582452e+01 1.242511169403818005e+00
1.507780751297680233e+01 1.356123222706686615e+00
1.509289286190657009e+01 1.062758864507927337e+00
1.510799330373045635e+01 1.421428062117771063e+00
1.512310885354890289e+01 1.026682294268234541e+00
1.513823952647746296e+01 1.318624465157250514e+00
1.515338533764681372e+01 1.137038976456086870e+00
1.516854630220275624e+01 1.168980239410306821e+00
1.518372243530625454e+01 1.256294396226472987e+00
1.519891375213346763e+01 1.030704988067434380e+00
1.521412026787568195e+01 1.360682374444375897e+00
1.522934199773943043e+01 1.022643094916622086e+00
1.524457895694642851e+01 1.317123625098403306e+00
1.525983116073368073e+01 1.142429479385386415e+00
1.527509862435336885e+01 1.166482546192253000e+00
1.529038136307294238e+01 1.300419303657504244e+00
1.530567939217513640e+01 1.044731302067830825e+00
1.532099272695800884e+01 1.367468893838885480e+00
1.533632138273488899e+01 1.050212802406725432e+00
1.535166537483442539e+01 1.402440835113099915e+00
1.536702471860061792e+01 1.205144941145251281e+00
1.538239942939280347e+01 1.258611347145732084e+00
1.539778952258570932e+01 1.436368233916753390e+00
1.541319501356943356e+01 1.116219359201619410e+00
1.542861591774943264e+01 1.535127993580950756e+00
1.544405225054664044e+01 1.126946452895333017e+00
1.545950402739738649e+01 1.558213983747973153e+00
1.547497126375344756e+01 1.400410367688440960e+00
1.549045397508206356e+01 1.370848051354036645e+00
1.550595217686592875e+01 1.741170123732445729e+00
1.552146588460326093e+01 1.186491928249979955e+00
1.553699511380775711e+01 1.934259093512892047e+00
1.555253988000867871e+01 1.227281121641714767e+00
1.556810019875076989e+01 1.885706418693071207e+00
1.558367608559435347e+01 1.676004657438313616e+00
1.559926755611532379e+01 1.578032379034296939e+00
1.561487462590514674e+01 2.077601410954149408e+00
1.563049731057092373e+01 1.422514266492460377e+00
1.564613562573530814e+01 2.260993889157094650e+00
1.566178958703660662e+01 1.475875942349562431e+00
1.567745921012879506e+01 2.159725570551574769e+00
1.569314451068148308e+01 1.964779602124101077e+00
1.570884550437998328e+01 1.836918434663792121e+00
1.572456220692530415e+01 2.397658656649814368e+00
1.574029463403412876e+01 1.538075264093843986e+00
1.575604280143891245e+01 2.612458486837637039e+00
1.577180672488782243e+01 1.942836131967991875e+00
1.578758642014476088e+01 2.188828181401723860e+00
1.580338190298943246e+01 2.506978686006761770e+00
1.581919318921733897e+01 1.787819566615960643e+00
1.583502029463975269e+01 2.903469792594576049e+00
1.585086323508377326e+01 2.045434056597664529e+00
1.586672202639235074e+01 2.450840928918230244e+00
1.588259668442427319e+01 2.452316930582810528e+00
1.589848722505419154e+01 2.407042583402292824e+00
1.591439366417263379e+01 2.908435212198443587e+00
1.593031601768606009e+01 2.507545082904266476e+00
1.594625430151684498e+01 2.604761299811106490e+00
1.596220853160327735e+01 2.617539330557955068e+00
1.597817872389959071e+01 2.628028368558206207e+00
1.599416489437596667e+01 2.354133665142257748e+00
1.601016705901853143e+01 3.168297597490158601e+00
1.602618523382946947e+01 2.642001768522235228e+00
1.604221943482700397e+01 3.221648871389295898e+00
1.605826967804530980e+01 2.853021179948203923e+00
1.607433597953463433e+01 3.038091974982070287e+00
1.609041835536128318e+01 3.461103247514099923e+00
1.610651682160760245e+01 2.578926854486820908e+00
1.612263139437211734e+01 3.476596395258288563e+00
1.613876208976935800e+01 3.070641415572281208e+00
1.615490892393001587e+01 2.961391132613434785e+00
1.617107191300096147e+01 2.435375923504845108e+00
1.618725107314516620e+01 1.025989255458249927e+00
1.620344642054176632e+01 1.420685449984439241e+00
1.621965797138613041e+01 1.929943069503732511e+00
1.623588574188982747e+01 2.086365523968606528e+00
1.625212974828060197e+01 2.901898049158266879e+00
1.626839000680249114e+01 2.996759905712403249e+00
1.628466653371572548e+01 2.722918772281703870e+00
1.630095934529685664e+01 3.322765061159591138e+00
1.631726845783870772e+01 2.686697164877368316e+00
1.633359388765037323e+01 3.089258378706021269e+00
1.634993565105728308e+01 3.350330033273990704e+00
1.636629376440121675e+01 2.610345638717472827e+00
1.638266824404027489e+01 3.303475663050267297e+00
1.639905910634891484e+01 3.202731190616852519e+00
1.641546636771804657e+01 2.729512096707150004e+00
1.643189004455492608e+01 3.309474184007791475e+00
1.644833015328320514e+01 2.560133254386859569e+00
1.646478671034300234e+01 3.332796044485428766e+00
1.648125973219089246e+01 3.353467793622840087e+00
1.649774923529989934e+01 2.570391357144528044e+00
1.651425523615948521e+01 3.479737953249495863e+00
1.653077775127569637e+01 2.647141473735077799e+00
1.654731679717104242e+01 2.929785772017162060e+00
1.656387239038455306e+01 3.458841051492538732e+00
1.658044454747182783e+01 2.571752884382640492e+00
1.659703328500502195e+01 3.403492034874992633e+00
1.661363861957294219e+01 3.161707476057451505e+00
1.663026056778087991e+01 2.739700307055155992e+00
1.664689914625072475e+01 3.444741551961296278e+00
1.666355437162107833e+01 2.430576641968738461e+00
1.668022626054720448e+01 3.376886285604305815e+00
1.669691482970098306e+01 3.546473427255147470e+00
1.671362009577098107e+01 2.706170250657136123e+00
1.673034207546247387e+01 3.411260194126414902e+00
1.674708078549743107e+01 1.927036542766627614e+00
1.676383624261456973e+01 2.640051177685827533e+00
1.678060846356936153e+01 3.080170559163079247e+00
1.679739746513401144e+01 2.681022246590278435e+00
1.681420326409750388e+01 2.913538632951123031e+00
1.683102587726567378e+01 3.259193476321653460e+00
1.684786532146112137e+01 2.754375484611972347e+00
1.686472161352329380e+01 3.402344219368864220e+00
1.688159477030848521e+01 2.736189957924370919e+00
1.689848480868984737e+01 2.280483225646249501e+00
1.691539174555743941e+01 3.127062861573773667e+00
1.693231559781817452e+01 2.905780606713402214e+00
1.694925638239588395e+01 3.458523935949318506e+00
1.696621411623138798e+01 3.425868362571307113e+00
1.698318881628241783e+01 2.925234503865916214e+00
1.700018049952368671e+01 3.594675059210984625e+00
1.701718918294688265e+01 3.318646624312491689e+00
1.703421488356068281e+01 3.093152544056403386e+00
1.705125761839080667e+01 3.465789250171265934e+00
1.706831740447996992e+01 3.104866770373335694e+00
1.708539425888794483e+01 3.438963749142668114e+00
1.710248819869159220e+01 2.881420263327743037e+00
1.711959924098485786e+01 3.029541267286933959e+00
1.713672740287879037e+01 3.538544525505517679e+00
1.715387270150155175e+01 3.378539048128948785e+00
1.717103515399843872e+01 3.115183151836027342e+00
1.718821477753190763e+01 3.151722758418743719e+00
1.720541158928159575e+01 2.654098436470588851e+00
1.722262560644431417e+01 2.470253407850242500e+00
1.723985684623405490e+01 3.312755150280073391e+00
1.725710532588209745e+01 3.111787334071837385e+00
1.727437106263688449e+01 3.461137132955656170e+00
1.729165407376416042e+01 3.394951926545350052e+00
1.730895437654698199e+01 3.171007960755692245e+00
1.732627198828563309e+01 3.377101639834370506e+00
1.734360692629769218e+01 3.059955893267134019e+00
1.736095920791811054e+01 2.467513664982673660e+00
1.737832885049919440e+01 3.255028439911416438e+00
1.739571587141055886e+01 3.235556938595037124e+00
1.741312028803920597e+01 3.317791284820732045e+00
1.743054211778958518e+01 3.366262418085547381e+00
1.744798137808355420e+01 3.177147894381705306e+00
1.746543808636037198e+01 3.413587593013707178e+00
1.748291226007674126e+01 3.400302345012979455e+00
1.750040391670682638e+01 2.877271163584187885e+00
1.751791307374228168e+01 3.283691663693702356e+00
1.753543974869225153e+01 3.314237886853130810e+00
1.755298395908345199e+01 2.933320044612855337e+00
1.757054572246007496e+01 2.466701613854436648e+00
1.758812505638386270e+01 3.102804973985944237e+00
1.760572197843420028e+01 3.138596226269840805e+00
1.762333650620799119e+01 2.563246215715212717e+00
1.764096865731976393e+01 2.871580329773883999e+00
1.765861844940165071e+01 3.204861105380270914e+00
1.767628590010343714e+01 3.275260528155353512e+00
1.769397102709259428e+01 3.250445443245255195e+00
1.771167384805425016e+01 3.239990087060450552e+00
1.772939438069122886e+01 3.265686373823608601e+00
1.774713264272407542e+01 2.757427217836077915e+00
1.776488865189103805e+01 2.997953110312794767e+00
1.778266242594811430e+01 3.252424711418983705e+00
1.780045398266910084e+01 3.311330996512867664e+00
1.781826333984556499e+01 3.283107228047172033e+00
1.783609051528684830e+01 3.175381211699864981e+00
1.785393552682015539e+01 3.302816819196161546e+00
1.787179839229047218e+01 3.237067534560158499e+00
1.788967912956065831e+01 3.288078157135025048e+00
1.790757775651144357e+01 3.280488655271097009e+00
1.792549429104150249e+01 3.169199517875134209e+00
1.794342875106735136e+01 2.952681298373422969e+00
1.796138115452342987e+01 3.239934143864933613e+00
1.797935151936216158e+01 3.186657706732204165e+00
1.799733986355390414e+01 3.201004875721442655e+00
1.801534620508700968e+01 3.074706665986157716e+00
1.803337056196783905e+01 2.533012272032064693e+00
1.805141295222070497e+01 3.151904187538641100e+00
1.806947339388802121e+01 3.206024960465506890e+00
1.808755190503026711e+01 3.152241203237045486e+00
1.810564850372592005e+01 3.030295375085152898e+00
1.812376320807159047e+01 3.191497459096033218e+00
1.814189603618197211e+01 3.121690565783245663e+00
1.816004700618987755e+01 3.043145973939676008e+00
1.817821613624629862e+01 2.569090873599772173e+00
1.819640344452037084e+01 2.968734852930067891e+00
1.821460894919938411e+01 3.120607366594327914e+00
1.823283266848886086e+01 3.070603749745966393e+00
1.825107462061255248e+01 2.580922264263656007e+00
1.826933482381239671e+01 2.981397031345677018e+00
1.828761329634858512e+01 2.908618440115827486e+00
1.830591005649957737e+01 2.324075854901831661e+00
1.832422512256215796e+01 2.727690483368407026e+00
1.834255851285137595e+01 2.256953039321651477e+00
1.836091024570062658e+01 2.615661564610769041e+00
1.837928033946165485e+01 2.915775709058603393e+00
